# Image list with two lines of data per image:
#   IMAGE_ID, QW, QX, QY, QZ, TX, TY, TZ, CAMERA_ID, NAME
#   POINTS2D[] as (X, Y, POINT3D_ID)
# Number of images: 88, mean observations per image: 166.091
354 0.964532193802255 -0.06492503691728434 -0.24606171485430303 0.07011437855567938 2.891856957083048 3.285120777995993 10.046334594517813 354 image_000354.jpg

325 0.9433435886094941 -0.059105492148177625 -0.31603101844918396 0.08205993030661765 4.221250861958162 3.2546327798697563 10.180804182704119 325 image_000325.jpg

264 0.9969801976333824 -0.05852112511088287 -0.043664661980664043 0.026441834619022272 1.1013884895227801 1.8825126038361537 6.4510811283807525 264 image_000264.jpg

329 0.9865332499319384 -0.03199315621186274 -0.15496931376629458 0.041389643935499966 1.7195213122761852 3.078234701383416 12.137665465374706 329 image_000329.jpg

266 0.9791270082821386 -0.17115002793747625 -0.10200780790592366 0.04015446533416976 4.109393161806777 -0.3505370554867176 -0.5835373129830116 266 image_000266.jpg

303 0.9978847284350729 -0.06125499179952256 -0.021624499354883527 -0.002504647339728635 3.993639973292479 1.1790104591981396 4.269419460599642 303 image_000303.jpg

404 0.6750941687332613 0.0920809293421883 -0.15235541583978524 0.7159307463921052 -2.1156209890103774 6.115922189264794 8.170610520621448 404 image_000404.jpg

342 0.9956446760275058 -0.03479562582098353 -0.08457504804895223 0.018110926221215632 -1.3693676747934163 3.3420194077357217 13.773292022120442 342 image_000342.jpg

32 0.982232556822564 -0.026718752950451376 -0.17996109671520544 0.046036050795755935 -0.4369499907428267 2.8471348627195687 12.179551269974203 32 image_000032.jpg

37 0.9974366983179267 -0.06858874300591548 -0.01859196755464172 -0.008363202380381815 1.3870498808747516 3.6711886804981653 11.583321444153782 37 image_000037.jpg

132 0.9808660784000124 -0.045522275930703536 -0.18452707395750537 0.04218085420021246 5.869166714257149 2.4513965334818724 8.825971709758278 132 image_000132.jpg

348 0.9497004407865202 0.024436637753820288 -0.3108784172800232 0.02874940513250122 1.4321609325571272 1.2168837016375773 12.231085381379776 348 image_000348.jpg

293 0.9561962852574609 -0.05586772676972299 -0.2823210641586898 0.05350026547680263 1.4082248419019532 4.111456275963841 13.597060270217488 293 image_000293.jpg

71 0.9724567854236608 -0.08315948056008643 -0.21429629094988337 0.03859289395188236 4.110631610260118 1.6382082681358876 5.1624009925829775 71 image_000071.jpg

314 0.9997557383215141 -0.010317658142457402 -0.01944693376830799 0.001957024293354053 -0.11778297512321145 5.2604927570357845 22.19036587517324 314 image_000314.jpg

179 0.9490858267684016 -0.0218048511768722 -0.3046234300370159 0.07723475283428848 2.245050542951641 2.491098274596405 10.556002436612847 179 image_000179.jpg

154 0.9493125941381337 -0.005859374561264943 -0.31031063369451994 0.04978512940541086 0.8867372255812658 2.6594180829940033 13.655416360633854 154 image_000154.jpg

258 0.9943974736808822 -0.009513758675576458 -0.10422000139525077 0.01487795515986624 0.057487832279325524 2.9338652427477414 15.087823732246894 258 image_000258.jpg

295 0.9617661416762338 -0.16840873525076874 -0.20055916018985132 0.08012746188324539 7.570658376782995 0.07750736968554117 0.33252980173862356 295 image_000295.jpg

382 0.9945775736316439 -0.08037328499372466 -0.06535375056533504 0.009190501195163011 1.105969556104391 3.355208637221822 9.895929271926084 382 image_000382.jpg

287 0.9920143257644682 -0.04532556321652829 -0.11483748012500568 0.025797771687195152 -2.0239568914055264 3.010194069248838 11.04971364075068 287 image_000287.jpg

375 0.945248424210624 -0.0629487774104108 -0.31116465841024143 0.07562700767573431 2.8841392671088117 3.19483076752217 10.155927103265135 375 image_000375.jpg

106 0.9756241670802126 -0.007498035207840107 -0.21839558713596738 -0.020115388429421212 -0.3028691602759883 1.3870708575281951 8.52003887195158 106 image_000106.jpg

460 0.9976622263502711 -0.005164350163501961 -0.06795181486374055 0.0050957743524791274 -1.0384524511768058 3.337911199034968 18.456510375044335 460 image_000460.jpg

47 -0.03181485278718266 0.17341258341438986 -0.035495853939837195 0.9836950557160794 1.7478757283725388 -1.673589624573014 7.028099013343592 47 image_000047.jpg

473 0.9698159228402252 -0.026462582833353405 -0.23902762007046288 0.04028150452704622 2.483874059864151 2.9469820727582943 13.15290014648119 473 image_000473.jpg

483 0.9881633396971438 -0.0643074100179359 -0.1392044076511062 -0.00446084026441098 4.783399671567999 2.5116002523458176 9.392090273439925 483 image_000483.jpg

511 0.9821099947670773 -0.1133424431101764 -0.14006430434929804 0.05473053169965834 -0.03447472264223994 1.0078777293132426 2.6422712540011934 511 image_000511.jpg

372 0.9496497802140932 -0.02191983211515459 -0.3063113627148334 0.062114130311143406 0.5253295573521468 2.8051725346387535 13.37821256577475 372 image_000372.jpg

341 0.9761650970148307 -0.03864472193363004 -0.20884907555877066 0.044613268057114616 -0.13500212737732742 2.8002365488150565 11.354223097917357 341 image_000341.jpg

510 0.9878515713024868 -0.11072266462140025 -0.09631514548447143 0.05111902867121231 0.2006916415068306 0.9946864061086126 2.618266902446244 510 image_000510.jpg

330 0.9934911147291525 0.01442852727998319 -0.1123530019979072 0.012000991445162637 -0.008327521886376754 1.250100128284916 9.762603394796441 330 image_000330.jpg

25 0.9618222428031608 -0.09020845595027711 -0.25106095695692965 0.06106388218922131 2.1679191556429713 2.4845490150808605 6.858323623604815 25 image_000025.jpg

361 0.9618538589178032 -0.09016456203106153 -0.25096993026147113 0.061004904277495886 2.1682169250584824 2.485574475448197 6.8644765460952195 361 image_000361.jpg

309 0.9468237279139288 -0.028044820553231528 -0.3129795334931549 0.06915292406595547 1.5417833057580275 3.32923758705467 12.453843338545338 309 image_000309.jpg

4 0.9450212355795623 -0.0940623943360143 -0.30256221488300467 0.08089023110006399 6.9513803538881405 1.3639356604006594 4.7017438191058405 4 image_000004.jpg

400 0.9986750523890775 0.03555650644286375 -0.03592580955542409 -0.00965415215793147 2.076456022424924 2.4430489279121086 27.366734900461207 400 image_000400.jpg

152 0.9809673947853805 -0.01326471254132541 -0.18735171141412704 0.04925811082666497 -1.86199548802779 2.914206656953442 14.65109020897901 152 image_000152.jpg

46 0.963038039734984 -0.04399847546024436 -0.2634885158057859 0.034578413586340645 -0.654061370003876 2.3222301233012708 9.573374444412575 46 image_000046.jpg

72 0.9967417086265279 -0.015351071678783842 -0.07883762076410884 -0.007412202058413732 1.908186709844351 3.141582074727085 15.640685095918183 72 image_000072.jpg

520 0.9956041492906098 0.0006010967919834795 -0.06622339625093557 0.06623055454050568 -0.4232853345074772 1.5763697139161728 8.80798467430552 520 image_000520.jpg

336 0.9855018516877794 -0.0699350596530071 -0.1416329245480953 0.06192984536047067 8.584125717655292 0.6282209830131966 0.23246316556417934 336 image_000336.jpg

323 0.9929677581587029 -0.03175622289859762 -0.09707659040283519 -0.05985577064260197 3.49915609785062 -0.692703084721964 -0.19729817289789542 323 image_000323.jpg

317 0.7205513842270641 -0.2511755036240444 0.006598434906223913 -0.646276242045066 -1.9408591189077076 -5.954826838073735 -2.6033479520863647 317 image_000317.jpg

322 0.6917005902005805 -0.17641405987789474 0.0965808984642616 -0.693614054278007 1.7632166045734388 -0.34166757807555265 3.6171252509499343 322 image_000322.jpg

340 0.9500832994313078 -0.11732822231677702 -0.24826896583443395 0.14811594286747454 3.2109690281132837 3.91675443445501 7.598805803681592 340 image_000340.jpg

452 0.9031830840957716 -0.15329526994639062 -0.3969663345713404 0.05637899340775605 9.112986177745341 0.21151267915127203 3.605725765080474 452 image_000452.jpg

522 0.9057805750606831 -0.08382226913233681 -0.4049614122395537 0.09242090271006322 9.11758337398121 1.84810807776894 5.572141706644167 522 image_000522.jpg

285 0.9593854409164327 -0.03217821613277123 -0.27115699401664567 0.07083801830338411 9.693700756082086 1.4499772356007852 0.8871441719069777 285 image_000285.jpg

319 0.7305855360425283 -0.17242053254663975 -0.020801677922697156 -0.6603659591511997 -0.5357716710635163 -4.568984227129233 -0.7943275816453959 319 image_000319.jpg

116 0.4727364742051292 0.37219115500524513 -0.4679979350833292 0.6472803797371532 -4.281631574568396 14.212592009616422 14.774826929454415 116 image_000116.jpg

362 0.9758242564036572 -0.017816060034216135 -0.21680248110295017 0.021125851666327383 -0.9740560151921485 2.215928550680823 8.32112157180482 362 image_000362.jpg

