# Image list with two lines of data per image:
#   IMAGE_ID, QW, QX, QY, QZ, TX, TY, TZ, CAMERA_ID, NAME
#   POINTS2D[] as (X, Y, POINT3D_ID)
# Number of images: 236, mean observations per image: 37.716
0 0.9999583284849651 0.0002071597867584136 -0.002775462186317258 0.008694549328727359 -0.005411825365070005 -0.002611739056167425 0.01293781699080898 0 image_000000.jpg

98 0.9923416869098695 -0.1188809787107095 -0.0233734246588893 -0.0240618440975331 0.2368707355403894 -0.2377157881676741 -0.6899498787886069 98 image_000098.jpg

146 0.9872784726451531 -0.08205785802924756 0.1333480157468022 -0.02767728461204577 -0.1196593929795647 -0.1127347716512833 -0.4493017953338685 146 image_000146.jpg

2 0.9772427753467963 -0.0373192973812142 0.2084615630945556 -0.01214927107436247 -0.2812956414868505 -0.02469048744718774 -0.141368021738186 2 image_000002.jpg

4 0.9847116534924826 -0.02370098452446148 0.1716042743894217 -0.01825365223598278 -0.2476407234738459 0.0316850397904432 0.2334922482716311 4 image_000004.jpg

11 0.9935817321206162 0.00631654838682825 0.1129303568198424 -0.001475574876439694 -0.1114260923656047 0.01592975484504536 0.2722048317677326 11 image_000011.jpg

16 0.9895410797122124 -0.03943787849165221 0.1384488424432155 -0.009220809519802987 -0.1299783545484148 -0.02484729969566356 -0.1556233691453413 16 image_000016.jpg

17 0.9926897538173051 -0.005056940405958279 0.1205873824272936 -0.0004040039636465563 -0.110338653120243 0.003269650013918159 0.05670713835328722 17 image_000017.jpg

152 0.9934711460974786 0.05058089005453862 0.101919884941142 0.008306171599317102 0.0254730618123919 -0.007280742182586428 0.09886363803072291 152 image_000152.jpg

27 0.9710937800617351 0.02818663158543376 0.237013006515413 0.002686795080110528 -0.3037326369400706 -0.008308913814728555 -0.1281014837788631 27 image_000027.jpg

28 0.9829858530509951 -0.1825217686383866 -0.01547453708684426 -0.01360718106996182 0.2047781720647079 -0.3150070859529323 -0.6550043755166656 28 image_000028.jpg

157 0.9917892362324012 -0.03644834130490831 0.1223826503091991 -0.006936585108489331 -0.007089086680952683 -0.01861058001977484 -0.1067356860293014 157 image_000157.jpg

158 0.9958279121135294 -0.07917272253580852 0.04207975127186105 -0.01696301844528338 0.07142276028920296 -0.05159732538231766 -0.2074077004177118 158 image_000158.jpg

44 0.9791248821049101 -0.0403073397166735 0.1983536510908482 -0.01859066182094823 -0.3135847864447761 -0.07772376638286303 -0.4779349324786678 44 image_000044.jpg

188 0.9880636767941655 -0.01385409763553019 0.1529100483769922 -0.01252005127968851 -0.1844216235093253 -0.02851984771780742 -0.2478479319746742 188 image_000188.jpg

61 0.9964287879049757 -0.04275874943909332 0.07258968347937909 -0.005665494946547808 0.01445423580645762 -0.006464665823790237 -0.03152527151264566 61 image_000061.jpg

71 0.9576235742266337 -0.0002490451149140673 0.2872032438727919 -0.02171001545102051 -0.3002497805024754 0.02399245811499982 0.3122119773068922 71 image_000071.jpg

204 0.9979072379707701 0.01324718711166715 0.063285618404269 0.0007661216396907734 0.0220571109984192 0.002408001149770526 0.0579440414353876 204 image_000204.jpg

77 0.9778708131642297 -0.0408750609688061 0.2047745986381911 -0.01285557874591123 -0.3473408111915019 -0.06472193157402581 -0.3793527919670284 77 image_000077.jpg

213 0.9895705088274729 -0.02258478596139391 0.1412172958496154 -0.01725719719238294 -0.1532990028921898 0.02558235704852734 0.2244357889575832 213 image_000213.jpg

112 0.9934330811077393 -0.09596097110990288 -0.06060863520676739 -0.01444986930049261 0.2769319880050696 -0.09713902629821794 -0.3078975812787585 112 image_000112.jpg

113 0.9475002397336905 0.04345950720305383 0.3167877311807328 -0.0003167201139425471 -0.2873851167068869 -0.003322267733162789 0.2513273122264132 113 image_000113.jpg

118 0.9910571871297409 -0.04730809058447471 0.1230099596833798 -0.0208841141164837 -0.1142551736389485 0.009504805440310824 0.05198934521864389 118 image_000118.jpg

128 0.9861258090881259 -0.1353859344480401 0.09047348303078799 -0.0322658685331428 -0.01460818017836125 -0.05635052547202635 -0.1657388465085299 128 image_000128.jpg

159 0.9325222822865016 -0.02078589560095425 0.3594218535948856 -0.0280369531450416 -0.5961872899532877 -0.02105352604815819 -0.1455119398844689 159 image_000159.jpg

175 0.9898532132445895 -0.04329776600888871 -0.02936930583063262 0.1321111787966004 0.1602787335919909 -0.07359180054269647 -0.6728716149083385 175 image_000175.jpg

176 0.9935115769615763 -0.008457552456573442 0.1127679826731239 -0.01210777987907732 -0.04855693603030106 -0.02961130712815794 -0.3311127686915565 176 image_000176.jpg

50 0.9951806676948357 -0.02243126393071478 0.09544392749908033 -0.001653405117318232 -0.04605877092688343 -0.02635620253437111 -0.2152952895837415 50 image_000050.jpg

185 0.9298886627851488 -0.06928227459253508 0.3579925363881459 -0.04846013971620679 -0.4857183405499794 -0.01016911187590279 -0.009516414918563539 185 image_000185.jpg

109 0.9116988960904657 -0.05977029170382943 0.4039313469712354 -0.04552034744011375 -0.7117237579246615 -0.06949946982970374 -0.253106549095834 109 image_000109.jpg

120 0.9923468114949608 0.06473433338620854 -0.1051517805827458 -0.0006122394187377416 -0.1842329957803414 -0.02407803756588639 0.3670082304583551 120 image_000120.jpg

124 0.9869201050144174 -0.1201936076943655 0.1020780419357004 -0.03350039316661847 -0.07580416913455551 -0.2210262205589085 -0.6899551955371653 124 image_000124.jpg

3 0.9892221659914409 0.01354002064620746 0.1455970624574227 -0.007594047397268335 -0.1602149134650378 -0.0001653916019344584 0.1891442493955018 3 image_000003.jpg

135 0.9851894939757989 -0.005205957182246105 0.1702841487058296 -0.01943881861268999 -0.2282546360804864 -0.04735067924467591 -0.5228855648925433 135 image_000135.jpg

9 0.969536576971048 -0.02918848297364262 0.2423896325635104 -0.01985256665237755 -0.4070403086363293 -0.06711017041878929 -0.4505706288313656 9 image_000009.jpg

29 0.9828243572924765 0.07365598071715961 0.1684904753317916 0.01555760070483009 -0.3943853235090337 -0.01714029035193959 0.1329826296633689 29 image_000029.jpg

162 0.9755392414617037 -0.0154524620388217 0.2188335207342994 -0.01401070977122407 -0.4477011698118958 -0.010290832532168 -0.05609720509966856 162 image_000162.jpg

164 0.9667168875825 -0.0259456128550774 0.2540528842561756 -0.01556972824094604 -0.4203474490237638 -0.01659683987328275 -0.1628091960251993 164 image_000164.jpg

40 0.9098216841413332 -0.07782852133477741 0.4041730432680025 -0.05302240496763232 -0.7427098556565155 -0.01899867468868249 0.01820891365011935 40 image_000040.jpg

200 0.9802202075407361 -0.08271889674791554 0.1775695412076687 -0.02819551178648463 -0.2412860112434404 -0.1644171806080978 -0.6568365946081275 200 image_000200.jpg

217 0.9821944653342314 0.03848608073594435 0.1838663410169942 -0.002454077711153863 -0.3324477215323984 0.001492156159654049 0.2609657816099876 217 image_000217.jpg

220 0.9582255464378103 0.003143299603494103 0.285099747695566 -0.02262864745156573 -0.610391100016519 0.03257333835454751 0.3774269357188597 220 image_000220.jpg

13 0.9914359619833349 -0.09283702099584897 0.09146835677658144 -0.008340295401698316 -0.02406668951083874 -0.1455821612326059 -0.55910524661282 13 image_000013.jpg

15 0.9945124117113953 -0.02496803494042726 0.1015856902153137 0.001416942721554209 -0.1606096231438965 -0.0001052572154775582 0.02670805867911377 15 image_000015.jpg

19 0.9461810401117243 -0.0390841941813163 0.3184554926967658 -0.0424259857817439 -0.5969989621365953 -0.01152223864201415 -0.1076424077013325 19 image_000019.jpg

148 0.9390595442308816 -0.01698700538787553 0.3429503472850974 -0.016238021242522 -0.6066906526534139 0.01163926317401766 0.2845743778235642 148 image_000148.jpg

53 0.9938418295373114 -0.07542250326602856 0.08083353378653359 -0.007470185981422134 -0.08346139354150883 0.02002665774749104 0.0844783083074445 53 image_000053.jpg

194 0.9453656712383325 0.02104781193424888 0.3253304435068316 0.0009163975807066931 -0.7158316406229324 -0.02297309508166852 0.04875469474523945 194 image_000194.jpg

196 0.9158119169174663 -0.01929345732464109 0.3987001471508953 -0.04420959169991051 -0.7478238125257433 0.01498258300076722 0.08188481576357631 196 image_000196.jpg

214 0.9703677501917568 -0.01935446705989996 0.239611971067974 -0.02445275676761699 -0.4115333873018057 -0.04340036800493542 -0.4027379811191197 214 image_000214.jpg

96 0.961414433545665 -0.04857760368178288 0.2679902246481732 -0.03877812377649623 -0.1920325803437973 0.00817393283358789 0.03089748450249757 96 image_000096.jpg

111 0.9828594819180436 -0.02018822560133542 0.1826625670332555 -0.01463082211245205 -0.313250991151412 0.03415781278408055 0.2612645696001035 111 image_000111.jpg

38 0.9784134036939084 -0.03866204424053065 0.2019351087637107 -0.02084873271526501 -0.3116285152147025 0.002145444661897616 -0.00599832251357333 38 image_000038.jpg

221 0.9808068263233012 -0.003272241784258134 0.1943078300730778 -0.01586597124701661 -0.2228777081180724 0.004417117112118766 0.04548325768219406 221 image_000221.jpg

32 0.9835959462855214 -0.02242178039768422 0.1782135424654516 -0.0166196118006014 -0.2504388036975814 -0.04813312532273746 -0.4014533411268263 32 image_000032.jpg

172 0.9954683335740006 -0.01839830391411049 0.09287312589301225 -0.008881539919800729 -0.01984844000021559 -0.007175475085590867 -0.05267924958311923 172 image_000172.jpg

92 0.9810602597470441 -0.05450046068313361 0.18484663013789 -0.01954967664834067 -0.2722555097092393 -0.0905881015609732 -0.4677903663359883 92 image_000092.jpg

110 0.9624804156398112 0.005658357414514392 0.2711585487961512 -0.008513161337081743 -0.4655484478728789 0.01625486080598601 0.3550429176269303 110 image_000110.jpg

41 0.9927507506542423 -0.04662012758906326 0.1100863639253377 -0.0123896431230301 -0.0572912036156069 0.02740908852523808 0.1433406811833571 41 image_000041.jpg

147 0.9995230164800307 0.01114987238838799 -0.0278010650065739 0.007518022139056803 -0.2376984465513909 0.01323046901522141 0.2136940026054273 147 image_000147.jpg

33 0.9626615056166602 -0.01210700514007801 0.2699187513631846 -0.01673659741233259 -0.4895030665955319 0.04391862248153496 0.5066297258602176 33 image_000033.jpg

36 0.9803408971670018 -0.0395684811676686 0.1920962527770793 -0.0215659525383502 -0.2763537369745438 -0.0705699605325347 -0.4402035954387212 36 image_000036.jpg

60 0.9654472607610456 -0.01843739919760896 0.2576930638357921 -0.03414577354145008 -0.4381757795110113 0.05018017410321325 0.3051927465842354 60 image_000060.jpg

85 0.9408390837797683 -0.05259077861620312 0.3318178880720112 -0.04419182721293396 -0.6709765628549025 -0.05855440115492592 -0.3023419375753956 85 image_000085.jpg

219 0.9973259243950778 0.02580732264507679 0.06753322726173562 -0.01068858470570867 -0.08451414408691348 0.00454070739814561 0.07017857735639116 219 image_000219.jpg

93 0.9575182181801749 -0.1444762369343065 0.2442197745125964 -0.05140214539668608 -0.4500226999002787 -0.2574803915376909 -0.6549354581276321 93 image_000093.jpg

222 0.9985815052850335 0.04863175584384062 -0.01959352167884294 0.009274887300792733 -0.2538305709286156 -0.0025425751423109 0.0903539378099958 222 image_000222.jpg

104 0.9958168457189568 0.08156308994472447 -0.04108790994601917 0.002838273645020082 -0.09721471554876328 0.01039756763844653 -0.1613941223190555 104 image_000104.jpg

206 0.9842323931494098 -0.0556307370120036 0.1668198057897922 -0.01905176556498571 -0.2124645455915515 0.0826503881200077 0.3924591796729237 206 image_000206.jpg

136 0.9696200469761328 -0.0459510531106767 0.2394697676609135 -0.01948577933904623 -0.538982713099377 0.05184762457471384 0.3566820911289155 136 image_000136.jpg

