# 3D point list with one line of data per point:
#   POINT3D_ID, X, Y, Z, R, G, B, ERROR, TRACK[] as (IMAGE_ID, POINT2D_IDX)
# Number of points: 515, mean track length: 6.93
0 -0.4218326584715538 -0.1846863602695589 1.092720544093838 89 90 97 6.47
1 -0.5542725424352359 -0.1624273002595066 1.08912599666627 88 89 86 5.06
2 -0.4200705509196421 -0.08451534852083943 1.119244234018025 68 64 55 4.25
3 -0.4674588451549046 -0.08178029566183855 1.108512023565036 58 58 54 4.69
4 -0.5396410376915313 0.004133127000581337 1.074008862801931 59 58 50 4.16
5 -0.4877849878486826 0.01866360824518606 1.094906149327083 48 47 40 4.41
6 -0.4731744424054282 0.04597501767066368 1.088561698065492 96 94 86 4.59
7 -0.4050601291772514 -0.1893506158534596 1.126843812106688 68 74 82 4.12
8 -0.5267032671101042 -0.1563397759821586 1.087962000334813 191 199 204 4.3
9 -0.5270710000638748 -0.1550921713380282 1.086655116646813 170 188 194 4.35
10 -0.5332051311463852 -0.1365293283652277 1.101561801931276 119 120 116 4.75
11 -0.4857112243156907 -0.1038188228854036 1.102749887570273 65 61 60 4.71
12 -0.4990480578600651 -0.08766818859827205 1.098121329240233 86 68 50 5.54
13 -0.5131541564050608 -0.046347828565953 1.083002630781825 128 110 73 4.31
14 -0.4672632958393034 -0.02561507360145399 1.094252667214922 105 105 104 4.16
15 -0.5256260961954264 0.001532637128678568 1.077658721537806 91 89 76 5.05
16 -0.4497327923575646 0.03235189283718617 1.091885713190815 79 76 68 4.71
17 -0.5294052914210796 -0.1432332815791747 1.094182505357706 118 117 112 4.46
18 -0.5233459882806788 -0.1286061358026121 1.095279632975805 62 59 54 4.49
19 -0.518235010701376 0.01674732884793866 1.072298966196632 67 65 58 4.75
20 -0.5000154676078439 -0.1578839856985593 1.112774411732691 132 124 108 4.53
21 -0.5384617861800001 -0.1394499459103552 1.0896207252331 41 40 43 4.88
22 -0.5382895299914221 -0.1395634450532892 1.088495887770645 37 37 38 4.76
23 -0.4777573288512146 -0.1185781872070302 1.11043628210557 155 146 129 4.41
24 -0.5158216790537735 -0.121616191262715 1.102244155960361 140 134 117 4.86
25 -0.5110498231836915 0.008139803625163908 1.082391637051197 121 117 104 4.93
26 -0.4532679027138648 -0.1087768176915784 1.103659962231391 42 41 41 4.02
27 -0.4543653472640298 -0.1089601370374061 1.108196396925572 50 47 47 4.11
28 -0.4949313644205368 -0.1117849562014563 1.104425994148458 52 49 49 5.11
29 -0.4955866446063675 -0.1124398827650106 1.105690178092261 48 45 44 5.54
30 -0.4748573066309261 -0.06489563400771856 1.067382340130945 55 59 52 3.86
31 -0.5096715144207919 -0.07791705066453927 1.122889699731407 92 86 70 5.47
32 -0.4505933199576908 0.007035740470264947 1.091157505633912 25 26 26 4.43
33 -0.4915870550108499 0.005406347758138363 1.086869569687322 30 34 34 5.04
34 -0.4871892389417269 0.04473371552684284 1.077029072144825 20 23 21 3.79
35 -0.4699883265674817 0.02353954483903615 1.091540356039265 116 112 100 4.96
36 -0.4602927970251108 -0.1906496325690603 1.133459286520687 106 108 114 4.86
37 -0.4448796003529458 -0.1580142277419737 1.117064794941236 122 115 103 3.19
38 -0.4375249535487697 -0.15748158780478 1.118407081436846 119 115 102 4.73
39 -0.4651241460326674 -0.1588265787739935 1.114545605175899 112 104 85 5.01
40 -0.4576150342753898 -0.1550196798840177 1.114840808949407 114 109 93 5.21
41 -0.5802162823504151 -0.1694601812334408 1.093841238228034 111 111 106 4.68
42 -0.4827936387364083 -0.1571156340422246 1.106446390006789 118 110 96 4.76
43 -0.5025908599639126 -0.1574561146402666 1.10165579388616 123 117 103 4.3
44 -0.4805803250442606 -0.1531598928878369 1.104962965191104 124 117 103 4.47
45 -0.5466719401097073 -0.1561778264573892 1.088563779625371 120 119 110 3.44
46 -0.5664460547734846 -0.1734660816941016 1.081169956567238 124 127 122 5.31
47 -0.4515616621081501 -0.1532429457324682 1.111474941286906 129 122 101 3.32
48 -0.5527214116002734 -0.1535255883534142 1.089021934618252 91 91 89 3.33
49 -0.4963827589752086 0.03029899638432941 1.084869480313515 107 99 80 3.93
50 -0.405406055133686 -0.1996185104817699 1.133531117129256 71 74 65 3.94
51 -0.5758838433044993 -0.1710622144321855 1.083558915387136 143 143 136 4.08
52 -0.5773461225908134 -0.1602439757575498 1.080042956117653 84 80 72 3.27
53 -0.5224206230672184 -0.142151137853222 1.095461094945568 97 72 36 3.25
54 -0.496898304055812 -0.09883240341121505 1.114247669362408 115 98 72 3.33
55 -0.404089066344014 -0.1846776306425941 1.050777945521436 95 106 120 3.03
56 -0.487759629366415 0.03200464372469709 1.082803195532045 69 67 59 4.8
57 -0.4736528937557418 -0.1143185792025327 1.113284813979675 154 148 134 4.69
58 -0.4308343295189733 -0.09009884575630647 1.112740902767595 159 155 138 5.0
59 -0.5672277653503819 -0.2141771223361646 1.095343280933729 99 101 109 4.82
60 -0.5662138409137198 -0.2141622636944631 1.094305683858867 100 101 108 4.67
61 -0.4160233829241258 -0.1559148040509405 1.116220580116544 103 98 88 3.68
62 -0.4305562696533077 -0.1248035040288128 1.11643404660608 113 109 98 2.98
63 -0.4664120311551989 -0.09959977628449611 1.100071954274123 113 112 104 3.3
64 -0.406667243766675 -0.08451528514287875 1.116691934914993 124 112 92 2.93
65 -0.4384986596164818 0.007860840657392353 1.098240350198564 142 133 114 4.66
66 -0.436899853755982 0.01054859208566095 1.098876099711843 132 124 105 3.36
67 -0.3637283204834837 -0.2134265067661174 1.141126450358772 96 83 55 2.01
68 -0.448380747142041 -0.1839445503877384 1.126773794861944 114 111 105 2.11
69 -0.37993967065628 -0.1548232948171842 1.135349939962662 116 110 96 4.85
70 -0.5138352361474319 -0.1512942574037922 1.087746099872068 100 89 73 3.85
71 -0.394756802570676 -0.1282842711334232 1.12221457659587 145 132 107 2.61
72 -0.4465406226700355 -0.09677800407072788 1.108982531218401 79 77 76 3.24
73 -0.4666713863187962 -0.09833090002850145 1.107627254593149 86 86 83 4.18
74 -0.4298974093565829 -0.08504965420572126 1.113401472694435 113 108 87 2.38
75 -0.4916676678389182 -0.08355393479740968 1.097656579592766 59 56 45 2.12
76 -0.426816392151167 -0.08650510886128929 1.121712101842922 102 90 66 4.68
77 -0.4114966697887566 -0.08379499572080591 1.111422047842415 81 71 58 3.59
78 -0.4687287311769123 0.03193428478375415 1.101626454562318 90 86 71 4.05
79 -0.556050422069932 -0.2008515747467088 1.095574881325634 142 152 166 3.58
80 -0.5549221464938912 -0.1789906074617776 1.092958163302445 98 99 98 4.36
81 -0.4532946042137472 -0.1543416211329352 1.115555727945276 124 117 100 4.78
82 -0.413881322002531 -0.1526412933222462 1.116704280103227 122 119 111 4.56
83 -0.4607434859084905 -0.1522077439033458 1.114614589726701 107 102 90 3.92
84 -0.4351195598024407 -0.1174536206526243 1.120262497854138 117 112 97 3.76
85 -0.4134861665439032 -0.09582917715706379 1.112418782042378 92 81 61 5.29
86 -0.5338246718521023 -0.1783487830941036 1.104665452510865 188 193 208 4.64
87 -0.5306785720678666 -0.1735350251294444 1.100310385018629 103 104 111 3.85
88 -0.5046958986107772 -0.1620266030814367 1.108272085451107 106 99 85 4.47
89 -0.5168693536216418 -0.1470920665657826 1.090979414734571 129 110 81 4.4
90 -0.5532750698482736 -0.1453421582833906 1.10152477969562 68 70 69 4.48
91 -0.4967000191805604 -0.1033288610118456 1.100615095672529 64 56 46 3.36
92 -0.4869758076094257 -0.09376465760106621 1.107174821187515 119 106 88 5.24
93 -0.4293155151450255 -0.08339035029965339 1.117822914829981 75 73 66 4.53
94 -0.4439881366504324 -0.08252395018839732 1.105577616925592 64 63 63 4.34
95 -0.4753163656979733 -0.08199459280931233 1.092807136579953 143 138 122 4.23
96 -0.5138732768520973 0.0127473223583205 1.073093907987191 112 106 92 3.87
97 -0.5124833103026374 0.02817712735905396 1.066635259155337 43 37 27 3.14
98 -0.4882542625594015 -0.1438553270108361 1.10550574631427 52 47 43 4.04
99 -0.5194717739959727 -0.05864448140567022 1.091700115615201 144 120 79 4.1
100 -0.4808918515055643 -0.1087784900604944 1.134706274644663 58 51 45 4.52
101 -0.5401475340317956 -0.07980882668835845 1.097253371719363 32 31 27 5.17
102 -0.5279278947008041 -0.07477569893451513 1.090038497895977 107 99 81 5.24
103 -0.5008239046013081 -0.166594808770473 1.063344818260664 68 66 70 5.29
104 -0.5334410141801327 -0.1762538598704292 1.107705206219125 83 77 84 3.71
105 -0.5366834605041961 -0.169437399030018 1.10414411010832 201 207 210 4.65
106 -0.5360018623309382 -0.1685052015428065 1.102874033087928 207 213 216 4.7
107 -0.5429543294067836 -0.1204244823544343 1.090302859852556 91 85 74 4.46
108 -0.4606412981683589 0.03703533708674606 1.092750137425687 64 62 58 3.18
109 -0.4432803804252346 -0.1553270529107788 1.116531336462729 134 118 92 4.85
110 -0.5703866406983262 -0.2105802073241052 1.089233009972987 158 165 168 4.49
111 -0.463719118876369 -0.1825653708158102 1.116219702985758 67 66 70 3.95
112 -0.5588971796826505 -0.1871721502611065 1.106010621019239 152 152 158 4.03
113 -0.5150000040268072 -0.1567686369641961 1.094410128353698 94 88 76 5.02
114 -0.6224813246009184 -0.1679166973122345 1.15679420886599 60 57 60 4.85
115 -0.39438150445975 -0.1539265342683413 1.12867263731279 119 114 104 4.75
116 -0.4294497206128109 -0.1314382564785768 1.101243390834932 120 93 51 3.56
117 -0.4488065836958634 -0.0938994807217625 1.11872214948223 60 60 63 3.22
118 -0.5118518211222365 0.002769266164971591 1.070580241545235 79 72 64 4.98
119 -0.4307857047445062 0.01231886057339994 1.094799971374192 127 122 101 4.16
120 -0.506945813783884 0.02239852357974453 1.061947704952392 99 91 75 3.6
121 -0.4422842756383901 -0.1884896301820939 1.09710401680643 72 72 72 4.16
122 -0.5700458846294991 -0.1926792667471308 1.091472399287953 112 109 107 4.9
123 -0.5554534872017685 -0.1764925544044572 1.094013322742796 105 104 102 4.01
124 -0.5615373420893215 -0.1698614586753625 1.091472149337191 143 143 140 3.67
125 -0.5327054357569478 -0.159902295483042 1.087377289856947 113 119 124 4.84
126 -0.4307243656854431 -0.1423860764233138 1.113522605249247 106 86 58 3.36
127 -0.5518716544690838 -0.08541821985373863 1.079838314843878 111 101 81 4.03
128 -0.5100872730880448 -0.03470306719901146 1.073707524707987 106 90 68 4.42
129 -0.4729126280695772 -0.02060284779092476 1.074456085455429 51 46 46 2.88
130 -0.4539009440753093 -0.02043209156670482 1.095125566693565 88 76 58 5.55
131 -0.5029631716598921 0.003256843988103792 1.079855630166636 103 101 89 3.4
132 -0.5004954528164953 0.01961946983168276 1.08606472752348 61 63 57 3.77
133 -0.5534047971958651 -0.1356790961337079 1.079346750941555 134 131 124 3.69
134 -0.4879058842836821 0.01840942786863421 1.083835403205081 50 51 47 4.05
135 -0.5749583529202926 -0.2168492770021631 1.120423009546097 219 222 225 5.21
136 -0.553700623730232 -0.1925251312115175 1.093791148456909 107 109 116 4.63
137 -0.4449452204789697 -0.1397198054160518 1.107035162401609 49 44 38 3.85
138 -0.4037668908992423 -0.142779074920821 1.110189333800158 74 70 72 5.18
139 -0.4864519623547558 -0.1228569948623668 1.075126665270496 54 54 54 6.04
140 -0.5399227660378922 -0.06335470966051111 1.060182823838648 65 56 43 2.92
141 -0.4738250482795008 0.003576362453695543 1.102184912581445 104 99 86 4.03
142 -0.5323394807811768 0.01145943328137234 1.070415976087952 68 67 59 4.55
143 -0.4544280415722519 0.0376129230600748 1.083304535798648 59 58 54 4.18
144 -0.4874024115834419 0.02730279582458098 1.074672297331424 101 98 85 3.52
145 -0.5107201887862278 0.02683731209748264 1.087411598932869 117 109 94 4.75
146 -0.3946377760861897 -0.2038573054346559 1.127075047184409 133 128 121 4.68
147 -0.3999247845543398 -0.1577353648725541 1.136916136128211 105 100 93 4.34
148 -0.452217368191181 -0.1593787018608619 1.116055749707026 115 109 97 3.97
149 -0.4530810328868276 -0.1574062852705481 1.116657435218978 101 95 86 3.57
150 -0.4577001102721985 -0.1573923027188938 1.116289465527082 139 133 116 4.28
151 -0.5595207529213699 -0.1657683822888545 1.080193330201376 92 92 87 5.08
152 -0.5487804875409261 -0.1523538403183455 1.09013081682139 110 108 105 3.84
153 -0.5640285841408215 -0.1461856006740666 1.097171065376368 94 93 92 2.39
154 -0.5577931067870392 -0.1413141428957691 1.09362494778658 103 102 100 3.75
155 -0.5639240944948278 -0.1386561110651703 1.100308444796758 87 88 83 4.96
156 -0.5547680613892159 -0.06019335937455512 1.076735484644171 48 47 40 2.87
157 -0.5279538266828538 -0.05881660560569052 1.088444666063857 76 68 62 3.1
158 -0.5569679823024103 -0.04677103466995491 1.083779478808192 92 88 74 3.51
159 -0.4713912955946599 -0.01945147803979169 1.094033295141898 76 82 83 3.2
160 -0.4737571901335858 -0.005117447900695486 1.097787804053569 114 111 96 2.73
161 -0.4773745571223477 -0.005208714106616177 1.094593764801864 93 88 85 2.47
162 -0.5069235923097928 -0.006467095813524034 1.081773066954842 69 69 60 3.86
163 -0.5046428668993592 -0.003847535998623378 1.086897294064828 45 46 44 4.17
164 -0.5529674136176692 0.003796050981310087 1.070972258697029 48 48 48 2.9
165 -0.4239562780707415 0.02295128305790275 1.109816465174334 56 53 36 3.18
166 -0.5113014511096146 0.05795503502029953 1.073049364583934 125 123 113 3.28
167 -0.4837629746067321 -0.2151105058386323 1.121168848972908 152 144 117 2.28
168 -0.5729324419301951 -0.2165950190555567 1.093263147970727 208 214 215 4.26
169 -0.4565450300366039 -0.1653560407470603 1.117516383637144 114 104 88 3.54
170 -0.4233816771716019 -0.1626315992877852 1.135688144029285 137 130 115 3.1
171 -0.4553600667667961 -0.1586987314053382 1.116351149927663 119 113 104 3.44
172 -0.5053852706143196 -0.1548195759659498 1.099232834993789 121 116 104 5.5
173 -0.5252246033422654 -0.1352845324578589 1.096426044089173 92 83 72 3.11
174 -0.5245367737767834 -0.1079602339830571 1.088870375365977 126 117 98 5.09
175 -0.5581090767054699 -0.05653512037041074 1.081357961020279 78 78 73 3.26
176 -0.5814821775164072 -0.04865838661781594 1.08206391302917 56 56 53 3.12
177 -0.5214456079544632 0.01084422734617451 1.081211647405326 59 56 50 4.97
178 -0.5471038456018955 0.003418010726922719 1.076631009136458 83 84 77 4.55
179 -0.4473551073185741 0.03811248937488732 1.096478177999791 58 57 51 3.98
180 -0.5840053439963826 0.04572797852171256 1.075494913216333 48 46 45 3.56
181 -0.5642646279122021 -0.1821671913460034 1.086504832996794 53 54 59 4.89
182 -0.5909630492232232 -0.1811018146771856 1.100582228452083 141 145 145 3.26
183 -0.5548778103879266 -0.1560320051927391 1.085389032588214 131 131 127 5.02
184 -0.525655903041462 0.008810664351827594 1.07721450620944 110 107 97 4.46
185 -0.3949094887695909 -0.1918549490235655 1.137199809747761 76 83 92 4.3
186 -0.400932702204591 -0.1893176134656888 1.132711107258157 138 148 147 4.37
187 -0.436334667983705 -0.1896156682916736 1.129281775859501 66 69 66 3.47
188 -0.5505231244122719 -0.1257980247125631 1.088945852740565 72 70 68 3.39
189 -0.4032017769773195 -0.1628484390427948 1.133532875490262 128 120 105 1.81
190 -0.5524333017149057 -0.06516647600953976 1.082399525738458 80 78 74 3.48
191 -0.565536549126016 -0.1982597350094062 1.092422593642255 100 99 103 4.94
192 -0.446863909925921 -0.2342367666554769 1.107364091593421 147 145 136 4.11
193 -0.3893050426991627 -0.1677526942823471 1.128170504338218 79 72 66 1.19
194 -0.4523632603564194 -0.1917822320562965 1.123973970637888 85 86 86 3.8
195 -0.4156856043574791 -0.1557303037500755 1.129501818020524 82 74 57 3.84
196 -0.4217705462803477 -0.1590114790693201 1.135333161023544 94 89 82 4.84
197 -0.4206481476742001 -0.1548602409457585 1.118221498062554 113 111 99 6.06
198 -0.4466241828728878 -0.1531495896925216 1.119507178231434 106 99 86 3.99
199 -0.4658999508593272 -0.151158663055015 1.112395183225166 95 86 77 2.85
200 -0.5171825609689711 -0.1559764503577478 1.098222106636336 125 121 105 5.8
201 -0.6097514154409647 -0.1595967254990796 1.107614313210497 101 98 94 2.72
202 -0.574317903785645 -0.1491252523470678 1.081915606203725 38 42 41 3.42
203 -0.5553688487489361 -0.1324775662873059 1.061015196943385 113 113 106 3.87
204 -0.4857434102066219 -0.1020255303248139 1.076731788781495 151 148 139 4.67
205 -0.4652368488699306 -0.09846107493151447 1.109360332516231 74 74 70 3.76
206 -0.5625699668502218 -0.1073603986522526 1.093528516865323 95 88 69 2.51
207 -0.4319037684357412 -0.07413619250004021 1.114830329715333 105 104 93 4.36
208 -0.4694631037097446 -0.07646068692998076 1.103608747966605 107 105 100 2.7
209 -0.5169901030346509 -0.06740034103508294 1.076013413928834 71 69 62 5.43
210 -0.5705093297223105 -0.0674344478159758 1.090010877034402 61 58 54 4.01
211 -0.4261001110352775 -0.02052150070831036 1.091720159742675 125 128 122 4.45
212 -0.4592718325244992 -0.01759545444116361 1.104315304116249 93 79 55 5.32
213 -0.4600157283984109 -0.006714959886221958 1.090793501836652 79 75 58 3.68
214 -0.5250149186925446 -0.007157623907092184 1.077232706252434 78 78 68 4.34
215 -0.4382536241629327 0.04309612468150326 1.089175724090842 111 109 98 3.5
216 -0.4734596094451366 0.04365730696005086 1.077711237148564 112 111 101 3.7
217 -0.3691500315544723 -0.1526148105245915 1.132608320580082 61 58 45 3.72
218 -0.3897426902031159 -0.1573539984870154 1.131895783997533 95 90 81 2.69
219 -0.402617821376888 -0.1523026180390242 1.123235497094773 61 52 48 1.47
220 -0.5981141715642542 -0.204647923954251 1.107283331063724 121 129 136 5.53
221 -0.4867169361447108 -0.1654133669458605 1.110614546892165 80 74 59 4.97
222 -0.4698355412087653 -0.1580146917068286 1.108681550505358 107 100 89 5.85
223 -0.4540668205474337 -0.1504741239448903 1.116805812410508 101 95 80 4.56
224 -0.5165276479184733 -0.1581823696581145 1.096602370105057 100 89 75 3.87
225 -0.5093541092712182 -0.146023394627271 1.098898990282948 130 112 81 4.15
226 -0.5905208231071013 -0.1662773538442071 1.10360039810918 55 57 57 4.56
227 -0.5543458031350148 -0.15228505095198 1.091381777255097 84 86 88 3.95
228 -0.5545069097619899 -0.1431611757165152 1.089085436621553 83 82 82 2.27
229 -0.5661510023298895 -0.1425924132048482 1.075682543774658 41 43 44 3.86
230 -0.56177649718151 -0.1298213534217205 1.065702173044666 132 131 126 5.08
231 -0.4642326340385917 -0.02560082026820021 1.100692799193312 60 56 48 4.47
232 -0.4629438483045529 -0.02155411128688819 1.094112931318131 47 46 36 3.66
233 -0.4276295072248911 -0.001796696493129014 1.102580951528958 64 60 46 0.7
234 -0.497833310156348 -0.009069190932271168 1.079343195968249 41 45 47 2.52
235 -0.5323981168677623 0.02717385365542736 1.084546764273184 56 47 39 4.39
236 -0.4787664043371235 0.03194018691612897 1.083160271401984 90 89 75 0.95
237 -0.5175911130230739 0.04436580834135863 1.065532024386069 41 40 36 2.08
238 -0.5190762420359651 0.06236910390296739 1.071287530610209 105 106 99 3.58
239 -0.3957607418681027 -0.14211367908475 1.127528184618785 122 107 73 2.07
240 -0.4274982803862146 -0.1253883365797629 1.116936762391333 28 28 25 2.08
241 -0.5734708758376501 -0.1560704451283193 1.087060052688078 56 61 63 3.99
242 -0.5225788762120132 -0.1244694723640204 1.086790030945358 55 54 50 1.91
243 -0.4020643416865199 -0.02380253786267308 1.108303824409459 96 94 92 1.99
244 -0.4566323407746133 -0.02588007548893493 1.10273996883932 56 51 42 3.85
245 -0.4323426016750393 -0.009344959792207938 1.100597229078481 60 61 58 2.08
246 -0.468724306351418 -0.008980525792301885 1.089590289101855 71 71 69 2.28
247 -0.4625123206851803 0.02240521025877139 1.09224101360287 97 92 85 2.14
248 -0.510182171309671 0.04816658571565761 1.06022324569206 37 36 33 2.75
249 -0.5101596198934144 0.06750417530747371 1.061265641637458 109 83 86 1.94
250 -0.4588164919448515 -0.2048439813940208 1.119054096098822 53 52 53 1.62
251 -0.5032111571830393 -0.08210752054475162 1.095461803689346 49 48 41 4.85
252 -0.5201503289646825 -0.05631685076571171 1.084670245877338 54 43 35 4.45
253 -0.4124712359625253 0.02401037231094427 1.105349739315377 63 58 47 4.72
254 -0.4831294140073225 -0.2332107227734358 1.128152844139676 106 106 111 3.06
255 -0.5609688776331958 -0.1812570973875701 1.083306349882839 58 59 62 5.4
256 -0.5552016744669348 -0.1009495952159249 1.087182300980954 90 86 75 3.47
257 -0.4592833976009872 -0.003636616969872247 1.096167009346652 72 72 61 2.3
258 -0.3804951761956865 -0.1502174426240773 1.123100450483677 99 96 87 4.67
259 -0.429779953099383 -0.1463555723190197 1.124675325306312 62 63 65 6.76
260 -0.4681246492562522 -0.1440615386317766 1.11347220511118 50 47 41 5.12
261 -0.4839044536106015 -0.1410072933968699 1.094684861778481 56 58 56 4.1
262 -0.5581717899434946 -0.154206412535332 1.074858121702095 56 53 55 4.31
263 -0.5414762763008494 -0.0729950397489199 1.070722017241507 104 95 77 5.16
264 -0.5511585232493492 -0.07488071341881848 1.084975801877394 96 89 76 5.3
265 -0.4490391193912688 -0.1892517834197751 1.130536714868989 128 128 126 4.17
266 -0.4754362087975447 -0.1891728579749378 1.1122409622256 105 105 102 3.1
267 -0.4639808829321717 0.007736457650372924 1.081443078542764 102 99 92 3.6
268 -0.495320719516296 -0.2094265968647188 1.117182782202645 52 59 72 5.13
269 -0.460087152836381 -0.1882165199849244 1.118207608760987 42 43 48 3.76
270 -0.5218215808969078 -0.1218653005275602 1.105698151925888 130 124 106 4.24
271 -0.4690822869937996 0.05558689520379068 1.079560009783653 85 84 76 1.63
272 -0.5313170060808348 -0.1864115910386434 1.092252004142837 185 197 225 4.31
273 -0.4582459839141608 -0.08485881310331107 1.108879483438243 45 44 42 4.26
274 -0.457879517156525 -0.08467048101659241 1.109098363436051 46 47 48 3.98
275 -0.5230101199515338 -0.07190795775539996 1.099217186066017 118 107 88 3.28
276 -0.4807792926747976 0.0323735023498406 1.091188614336695 103 99 88 5.06
278 -0.57260691173205 -0.1966691660169211 1.088486448150029 89 95 105 4.99
279 -0.4532886077899832 -0.1010988570177659 0.831542356345557 157 150 144 4.74
280 -0.4495047518248487 -0.1021876591932238 0.8222252071162416 106 105 99 4.16
281 -0.4553148681457757 -0.0568121389457211 0.8230664822376649 102 99 94 5.25
282 -0.4812438733458043 -0.004145756370115614 0.8961247609286264 102 100 98 4.99
283 -0.4707175692994297 0.04984894285385205 1.094931919492585 108 98 87 3.87
284 -0.4808149039785337 -0.2192203355259389 1.118360133429968 162 151 139 3.21
285 -0.4745347833451006 -0.1844975205412636 1.128075795800481 87 90 92 6.23
286 -0.5091677019193843 -0.1797359588926233 1.092003455679093 104 106 106 3.13
287 -0.5780644956209844 -0.1825440038152754 1.082688785770924 132 136 136 4.43
288 -0.5725435281994034 -0.1719217679018984 1.091336993117618 117 119 114 4.82
289 -0.4358862014752987 -0.156643887895926 1.121043799086718 126 123 108 4.51
290 -0.530765728508199 -0.1430383397698729 1.087179940278764 85 86 88 3.65
291 -0.4861017138922085 -0.1073354555063664 1.159029460700245 80 82 81 2.04
292 -0.4964078864096055 -0.09891315416314178 1.102366928194806 104 90 72 3.2
293 -0.6301168983628893 -0.0530220214895982 1.159184301185332 104 101 90 1.78
294 -0.5159235514518701 -0.04236407337976306 1.10337252623436 116 110 95 3.52
295 -0.505236777599658 -0.2162868567794042 1.115462895494597 85 90 101 4.89
296 -0.6144617320188683 -0.2196455532982408 1.154262560108467 114 111 114 1.51
297 -0.5010886015178724 -0.1915945703688415 1.090433280475027 104 102 105 4.27
298 -0.5902579752393595 -0.2010677321281547 1.093023454514305 196 207 210 5.43
299 -0.511023549211614 -0.08103050580408842 1.080636041106799 144 137 121 3.88
300 -0.4968509843185302 -0.1945821996210115 1.091183840518843 193 202 207 4.78
301 -0.5249315995160164 -0.1663959900476661 0.9965905546571269 224 231 232 3.61
302 -0.4868912503150181 -0.08289648283674048 1.102019602680819 76 70 56 5.31
303 -0.5090569731474786 -0.2019050103721399 1.115333719663394 71 83 93 5.24
304 -0.5318357622733936 -0.1749703045000888 0.9972332697346827 111 108 108 3.64
305 -0.5630359636711648 -0.06186723364457368 1.074156602103026 109 111 106 3.55
306 -0.5871629113105312 -0.2108212155155694 1.097638546176944 233 235 237 3.13
307 -0.4993887910742486 0.02522877814576728 1.091573229681442 101 99 88 4.48
308 -0.5885116171679079 -0.2023482657062971 1.115933693935274 87 90 93 3.66
309 -0.3863125637363646 -0.1926706247113505 1.11073723015275 142 140 127 4.8
310 -0.5211630480609932 0.01445583403577848 1.072058761944818 64 63 57 4.91
311 -0.4457776563564261 -0.003303424808658381 1.097108481706697 68 65 59 5.1
312 -0.4948399113224128 -0.1618706097722703 1.087129017135153 96 86 74 4.29
313 -0.4378233888646758 -0.04539933564739154 1.094047894748329 83 80 68 4.41
314 -0.564449902495302 -0.08314864768810915 1.109868350523326 34 34 36 5.32
315 -0.5086381542399143 -0.2084824358376175 1.104709736559724 207 226 237 4.53
316 -0.4059944443366796 -0.1879270128824119 1.126647914296066 47 47 47 2.58
317 -0.4649274399046082 -0.1867320009218942 1.116502181480485 63 65 72 3.52
318 -0.4057995265621875 -0.1289807890436496 1.13123761396363 116 109 93 3.2
319 -0.3984374768024156 -0.1274801375407632 1.123753587536755 128 120 102 4.13
320 -0.43786383856484 0.004159150098596218 1.097637845135415 125 116 100 4.22
321 -0.4631524905044537 -0.1949688937990331 1.120233792241935 57 61 61 5.54
322 -0.4810581301501701 -0.2058289850419381 1.147192727126086 64 68 70 4.77
323 -0.3895378129038903 -0.185997881987535 1.123730608836613 74 74 75 4.54
324 -0.4392663355433221 -0.1544569474835097 1.118193865162315 118 112 99 4.35
325 -0.4964739411199218 -0.1287947408142783 1.082815427869883 114 101 82 3.59
326 -0.4411719923721963 -0.1062044687950779 1.108273726850417 146 141 126 2.43
327 -0.4393053632891291 0.0469476662118581 1.09486491806382 113 101 85 3.03
328 -0.4021163160490004 -0.1492897332300326 1.125466825353424 114 105 92 3.91
329 -0.4628055176911463 0.03725391129145916 1.078293144617621 97 94 84 4.77
330 -0.5199283090206304 -0.2011957636662301 1.106537652143869 181 181 174 4.43
331 -0.4721014993310053 -0.1885761429128244 1.122027595491357 62 64 67 3.24
332 -0.4357674754852176 0.03949483102486782 1.106696861115294 36 36 28 2.46
333 -0.474602079080305 -0.2404931183374888 1.133952930895575 141 141 142 1.9
334 -0.475060549446942 -0.08875815556869461 1.092606639196135 149 139 120 2.7
335 -0.5587947270789544 -0.04929368444280854 1.083367794242987 74 65 50 4.16
336 -0.4612300018508798 -0.01955653450124549 1.103542338301644 74 55 31 2.19
337 -0.4781368831468201 0.06841310243095543 1.092490116414461 77 68 52 3.3
338 -0.6138253422932691 -0.2161498658160805 1.155080820971939 189 188 188 0.54
339 -0.6059129191344097 -0.164341917101218 1.128918808787648 55 58 54 5.4
340 -0.578927769686034 -0.1552614885226696 1.102814166905642 68 64 70 4.71
341 -0.4737960324533716 -0.1274596421199223 1.095557319959391 146 132 107 3.59
342 -0.4861902559617339 -0.08019519160370847 1.129988311441905 33 32 28 1.65
343 -0.4363088196494069 -0.01960045638010208 1.098198043322428 97 96 88 3.27
344 -0.6365282300985178 -0.124077777533668 1.171563334657507 50 49 40 1.24
345 -0.4755119297031352 0.003974731953391302 1.092690406789581 98 81 62 3.5
346 -0.4714976135379937 -0.1544987736318861 1.11076490075533 114 108 92 3.4
347 -0.5162107104923086 -0.1267117151312346 1.08829110263709 103 97 89 1.29
348 -0.4754700517784522 -0.1274156366946315 1.10454764696264 70 57 46 1.64
349 -0.3917327303541837 -0.1576308814494643 1.135255646549429 100 94 88 1.42
350 -0.4225072611137328 -0.1020835815507063 1.125128667469942 41 34 33 5.13
351 -0.4152620730434446 -0.0984398337032653 1.115314540010339 48 41 32 4.84
352 -0.4049814683860579 -0.199173352189417 1.147762384010121 65 66 67 4.59
353 -0.4357562329657652 -0.02531380325822166 1.113645360223172 98 95 96 1.58
354 -0.4818101932514725 -0.1792219170086964 1.120344476476115 78 80 84 3.6
355 -0.4308491450552389 -0.1493293603419417 1.149120107182153 51 48 47 3.87
356 -0.5728933910176748 -0.1380815051427241 1.103050161372151 135 133 128 3.97
357 -0.5390123974911842 -0.05706743474593297 1.127905249143866 153 132 93 6.19
358 -0.3667937335110629 -0.2224153520217342 1.151498089234741 137 130 113 3.84
359 -0.5555103915832329 -0.179723695624101 1.071260444523135 122 124 110 4.3
360 -0.5560449950228232 -0.1364949744734999 1.094728262400035 98 99 95 4.29
361 -0.4708507739908191 -0.1083626650526575 1.102054907577434 166 157 140 2.58
362 -0.4232283082074998 -0.08898759964470297 1.113865392926278 122 107 77 4.96
363 -0.4006409295713596 0.0002884313806248082 1.102951585448159 122 122 111 4.41
364 -0.4390427995972688 -0.158492105483396 1.121292851639482 125 120 103 4.64
365 -0.4707696341500034 -0.1526366544578076 1.119213794725759 100 94 78 4.57
366 -0.4077165907721905 -0.1308668026049483 1.126745978285954 153 146 124 3.43
367 -0.5071800133639262 -0.08418361372918891 1.092775832602432 109 108 92 3.62
368 -0.5077908542681389 -0.07075025189361722 1.093216145446829 123 121 109 2.82
369 -0.5526243875950951 -0.05129489693235992 1.072271631142218 112 106 91 3.8
370 -0.4728346863258212 -0.05217551963978494 1.097280595107986 149 132 88 4.6
371 -0.4728346863258212 -0.05217551963978494 1.097280595107986 149 132 88 4.6
372 -0.5447605399083195 -0.1571199558412398 1.093781829718461 93 94 91 3.58
373 -0.5318412135181971 -0.1458760570271344 1.091388483503724 102 101 101 4.58
374 -0.5172310194541974 -0.009267851325923487 1.076195653297508 64 63 55 2.97
375 -0.4778204922537443 0.002769015461099523 1.085432703408926 75 77 65 3.23
376 -0.4489519084914207 -0.1575077569832551 1.124013607329465 122 112 92 4.53
377 -0.5123898440164469 -0.07662478140090356 1.09064105844356 107 97 83 3.66
378 -0.4813410922680486 0.01722771715477196 1.085682604539433 42 39 37 3.39
379 -0.4552815436710086 0.02956893151486209 1.0907000644459 97 95 84 1.45
380 -0.4184266342817531 0.0287877589542405 1.117935826096459 105 96 71 3.84
381 -0.4466816823913257 0.02967018634393978 1.099717225813399 60 56 41 3.43
382 -0.4857399213587038 -0.0985132815454297 1.103061676431982 77 73 60 3.7
383 -0.461569591140815 -0.08331756675892259 1.111935547214828 57 55 52 3.4
384 -0.4596785160586069 -0.02773787040869033 1.121717100541896 51 52 52 5.03
385 -0.4614431026570401 0.03330430742665729 1.098500651792932 74 69 56 3.0
386 -0.4451105317541196 -0.1962381720379096 1.116725748996699 149 149 145 4.13
387 -0.4068721090486477 -0.1457771913728479 1.123323767234186 131 108 76 2.3
388 -0.5139170628909597 -0.1418216377049155 1.093444612297856 101 72 34 2.69
389 -0.5370274417514425 -0.1263430972242107 1.093114240037502 51 52 55 3.07
390 -0.4481792883290849 -0.06254644264137087 1.110357849477645 62 57 57 2.13
391 -0.4211825064893367 -0.01386407518204206 1.114199810104325 55 60 63 3.3
392 -0.5053174250802155 -5.469266147257665e-05 1.096368089087177 53 56 53 4.4
393 -0.4422544127571622 -0.10192847320406 1.096850167936129 45 42 45 4.34
394 -0.5401013469502138 -0.03368083401974523 1.060978752991832 71 73 63 1.71
395 -0.5437609826224363 -0.1400105774073671 1.075795072638214 91 90 86 4.55
396 -0.570811443829681 -0.1965805625522373 1.082235554711327 143 147 158 4.06
397 -0.5244323259421659 -0.1648438209861169 1.10128196841913 78 73 68 4.59
398 -0.5485643791103516 -0.1432783802748713 1.083289718671416 105 102 98 4.5
399 -0.4531955002198706 0.006937450433263669 1.096634508973449 23 21 20 4.61
400 -0.5396246568812186 -0.1900727161921728 1.105637730773822 226 227 233 5.04
401 -0.5806450885314347 -0.1708549532089735 1.082508770044314 100 98 90 2.44
404 -0.5241244926715625 -0.2223202238775661 1.137101492137501 112 112 118 3.96
405 -0.5359774724009694 -0.2195405807236466 1.14925846504839 161 166 175 5.23
406 -0.5120147904575789 -0.1889433047362405 1.105976421153972 51 51 46 5.32
407 -0.5738675578955068 -0.131905567105116 1.120531738789183 82 81 74 5.67
409 -0.4708429290823725 -0.06261014554139652 0.8565432158297469 109 106 103 5.71
410 -0.6195226934592002 -0.2016184947687467 1.132464931301566 92 96 97 4.91
411 -0.5817873952385566 -0.1886127572195811 1.087219363989205 79 83 87 3.55
414 -0.5126247269846813 -0.01921180063025931 1.085073562909344 74 74 74 3.88
415 -0.4890962031000184 -0.1795796230544441 0.9074714114836312 180 174 169 3.74
416 -0.5258737186513582 -0.04134693928602787 0.9756369586786732 82 80 75 3.61
418 -0.4803844332212179 -0.1262165251802121 0.867658291087461 92 90 93 3.75
421 -0.4640372025710878 -0.2161481357643802 0.8493697803996599 231 235 235 3.52
422 -0.4640372025710878 -0.2161481357643802 0.8493697803996599 231 235 235 3.52
423 -0.4791471795503623 -0.2391185808003948 1.130625578912516 104 106 101 3.98
424 -0.5612864907684936 -0.143146944293554 1.092136477018609 68 69 65 5.34
425 -0.6359318377953203 -0.1421170910796583 1.146042973937496 70 71 66 5.31
426 -0.5693091675207271 -0.1243105090230567 1.100719194161342 84 78 63 4.73
427 -0.4722053267827286 -0.068229079932074 1.109022193011589 127 124 108 5.02
428 -0.5016005149605687 -0.06359940664154456 1.084603052153421 107 102 80 2.94
429 -0.5500484843534645 -0.05205518935392606 1.062711522051382 74 70 59 3.39
430 -0.5173702989356717 -0.02285661484940923 1.081722310981361 56 49 39 3.71
431 -0.5798256334540048 -0.2266397706925219 1.10771562620491 221 227 229 3.79
432 -0.5582600162014311 -0.1775702122653567 1.084466466216867 138 138 139 3.99
433 -0.5425616434449652 -0.1353604600018712 1.069300133370218 134 132 125 5.82
434 -0.4134787295952909 -0.09389122320891198 1.11757710198247 138 114 73 4.03
435 -0.4400654155286886 0.02607384281285197 1.087917138330746 78 76 67 6.09
436 -0.529098824978661 -0.06037726541180392 0.9858631368023246 160 151 139 7.12
437 -0.459619990632553 0.03948084353172896 1.087892422136947 51 50 41 4.27
438 -0.5417253114628748 -0.1154419029310454 1.122383204285998 162 162 148 4.55
439 -0.4516798304677037 -0.08367762163539505 1.130486907927132 147 143 126 6.08
440 -0.5682654221214964 -0.05446306852419865 0.9283329601240381 169 161 147 3.56
441 -0.5264080637429516 -0.09598105028783287 0.9858952077407158 136 132 125 4.02
442 -0.5590962814745832 -0.06875305559161768 0.9211716088576279 178 168 156 3.21
443 -0.6428973565159215 0.03567329398632534 1.221007290393822 30 30 32 4.43
444 -0.6387308292889553 -0.03155147413817512 1.034156023740422 164 157 149 3.79
445 -0.4802174958228033 -0.2385112974684498 1.12393751762044 189 199 202 4.58
446 -0.4749574188690261 -0.2074169343794278 1.121225740052666 155 153 134 2.17
447 -0.4304582366588239 -0.2010827943059492 1.131841900431577 52 61 67 3.34
448 -0.4008941289533932 -0.1671170152841055 1.147964117363574 78 67 54 2.77
449 -0.5019662205993782 -0.1601730312814051 1.124751955688585 112 106 94 3.81
450 -0.5087321016458533 -0.1619395452730121 1.132855864407976 113 105 94 3.38
451 -0.4301634705307283 -0.06250546808091767 1.116185039302967 78 74 69 3.05
452 -0.5090180958807551 -0.006010142682773162 1.073756285239195 77 79 74 3.75
453 -0.41672981112865 0.01928653108592978 1.11594640358367 40 38 36 3.94
454 -0.425507467046392 0.0162528923837883 1.092503883050981 99 99 86 4.68
455 -0.5024589922622598 -0.1548152502163199 1.142978320623354 86 74 52 6.36
456 -0.4191610861972204 0.03576514271841796 1.091411014369539 74 74 69 1.48
457 -0.4989813852680725 -0.01702261435840778 1.090915782251773 35 37 41 3.59
458 -0.5018515591685118 -0.0616081970536129 1.205653353780852 131 110 74 5.12
459 -0.5278264194880162 -0.1687668593521252 1.17860037905027 109 100 83 1.21
460 -0.5358833182026828 -0.1239405232204518 1.101581074225591 73 68 58 5.45
461 -0.5347742325583575 -0.1190290941851631 1.098219107904264 73 67 55 6.04
462 -0.5613902258027135 -0.132708760647023 1.067376151977586 51 55 55 2.61
463 -0.4132942232911727 -0.0001820736624682517 1.120108303300875 48 47 39 3.1
464 -0.5239525357240038 0.0242972613912058 1.075582020919146 42 40 33 3.07
465 -0.4618920283513299 -0.1994263212468987 1.124731421110903 76 76 77 2.86
466 -0.4641754662757118 -0.1803337610942446 1.125324765236682 71 79 79 1.95
467 -0.5668119528882356 -0.1302920951462611 1.096957959552494 77 76 77 2.28
468 -0.4490913701835093 -0.1804477939030872 1.129321344890759 102 100 96 3.21
469 -0.4127797346493042 -0.1438347042389581 1.145441599855527 120 86 50 1.9
470 -0.4272640938365087 -0.198995660168164 1.116730454063449 42 59 78 3.97
471 -0.5195520621182443 -0.03120261121917896 1.093279012045725 81 70 49 4.09
472 -0.4764125190969428 -0.01069513436605804 1.090776880757549 82 81 74 1.86
473 -0.4670356466492201 -0.1870778631717555 1.128002963673666 48 47 56 4.51
474 -0.5268979948815795 -0.2074472980648105 1.11475727376563 182 180 172 3.65
475 -0.4926594384771324 0.02182225949038727 1.075930067681683 102 101 90 5.16
476 -0.5173047226767451 0.03109749583470591 1.065807189471521 43 41 25 5.3
477 -0.4621658370794439 -0.1937938751533604 1.118848753329086 51 55 57 4.38
478 -0.4550202174069568 -0.1903221414078925 1.123554120849359 84 84 89 4.19
479 -0.4885480781334336 -0.2141674753326896 1.130718429561868 97 96 91 3.59
480 -0.5045578656850724 -0.008254643172281667 1.109175956328948 49 50 41 5.99
481 -0.6121723604389253 -0.1997650969067918 1.137749986552191 96 91 78 3.35
482 -0.4978127703561204 -0.1586007407433636 1.127726790889422 81 74 56 4.01
483 -0.4580694059008694 -0.008233945598049274 1.096752886266321 65 58 41 2.87
484 -0.5438641959822221 -0.1727803152866293 1.100660046036661 84 89 91 4.73
485 -0.4546206971983593 -0.01514494837359353 1.090008632052544 58 43 19 5.62
486 -0.5344523581477212 -0.1561234125810435 1.095483529537998 118 123 120 5.04
487 -0.401029043830934 -0.1867123326516759 1.140770152074613 95 94 94 4.69
488 -0.4554874674623697 -0.01633373297486546 1.101701215783343 95 80 54 4.04
489 -0.4536910981347377 -0.2269637457641049 1.109882202353617 93 92 86 1.91
490 -0.4587300281609525 -0.1004379274583104 1.123078424337009 31 33 32 5.64
491 -0.420225199373042 -0.03679212879936378 1.094016837729778 106 99 83 1.54
492 -0.4506100255319392 -0.01707409294367299 1.101304595210948 104 92 56 4.5
493 -0.3572132172033515 -0.04852138945863994 1.022405169836419 37 36 32 2.21
494 -0.5893955649924039 -0.1669122683562115 1.113562777984701 92 94 88 2.13
495 -0.4930203695836196 -0.2315152972427841 1.135421293694399 192 193 195 2.77
496 -0.4745929343112358 -0.2692354366717153 0.893473422546191 215 217 212 3.88
497 -0.4368842694364116 0.003324814694853528 1.094920937826111 118 111 91 4.73
498 -0.5250775188292995 -0.1492283061461802 1.090590708653993 106 112 111 3.99
499 -0.473325958101419 -0.2607892987640752 0.8914131304026242 223 220 217 2.74
500 -0.4053803529089237 -0.1403509521280857 1.135494796998657 117 90 44 3.79
501 -0.4275971177212423 -0.09174368346599714 1.119601500594154 114 94 66 1.21
502 -0.5654401022389779 -0.02480737956330912 1.085410971663624 81 83 76 2.29
503 -0.4439317134840251 -0.2191568683961429 1.133253262390737 71 68 46 5.64
504 -0.5342900653950813 -0.1338657562126285 1.055815731114345 73 69 70 4.83
505 -0.4464621271112671 -0.1547071850507767 1.120374633030006 104 96 82 3.55
506 -0.484245964573592 -0.08722503661255171 1.091599982187684 96 79 50 4.28
507 -0.4655450099342308 -0.1781652281838987 1.083119019988721 77 77 72 4.3
508 -0.4288839729960647 -0.1020021928467619 1.122660802062995 87 81 76 5.42
509 -0.5098311470266046 -0.1478884608475085 1.079395059271551 106 94 77 6.44
512 -0.5150041722048389 -0.2515805356455554 0.947148440244986 124 119 128 1.88
513 -0.4387500311678658 -0.2219740923344876 0.8120451213796674 126 121 117 3.42
514 -0.437940798884867 -0.2318809526410715 0.7987715116204958 114 112 108 3.75
