# Image list with two lines of data per image:
#   IMAGE_ID, QW, QX, QY, QZ, TX, TY, TZ, CAMERA_ID, NAME
#   POINTS2D[] as (X, Y, POINT3D_ID)
# Number of images: 168, mean observations per image: 738.190
388 0.7824760860295138 0.038476273357395584 -0.5835116336646683 0.2139273590002839 -0.9513268164056575 -0.2590203381749634 -0.3605803415695128 388 image_000388.jpg

133 0.300355749203733 0.42702478915019454 -0.4615502491644704 0.7172221186731788 0.3857150159935471 0.5366877757945022 -0.4034077571759882 133 image_000133.jpg

134 0.30205556766919456 0.4330159596917859 -0.4681361485773619 0.7085959837579806 0.39524747671741006 0.5433169041974626 -0.4357810156773387 134 image_000134.jpg

136 0.3067780085691606 0.4281815084591208 -0.47283492431054525 0.7063816087742137 0.458393548530568 0.5825259212486333 -0.5373138662436973 136 image_000136.jpg

10 0.7157099684200118 0.038500875535231835 -0.6644788756338736 0.2115298048908516 0.7029072148044776 -0.40721758283163184 6.161574137522551 10 image_000010.jpg

15 0.7226027624870084 0.012011286746174302 -0.6526727557435501 0.2274187740197193 0.061337479692454705 -0.5046605389201221 -0.6550079751792909 15 image_000015.jpg

273 0.7388049649385214 -0.04230143386751778 -0.607298641641562 0.28907796325768054 -0.5098233250353272 -5.4113699608970505 -9.444615024294611 273 image_000273.jpg

279 0.7326575156043406 0.02689569884536086 -0.6555476254143465 0.180961247061548 -0.05225427390971929 -0.08460520068879003 0.07385081174638233 279 image_000279.jpg

410 0.5868450282179525 -0.4974857033542067 -0.5574310060392058 -0.3120759888326187 -0.7023027110657839 -2.593955039638028 -1.5587863344454975 410 image_000410.jpg

27 0.6669014919276874 0.010381010220317987 -0.6844928879654043 0.29428579834232255 2.2505621003313676 -0.5500549047036245 -1.532282616082354 27 image_000027.jpg

29 0.7403444962502225 -0.09530512479601304 -0.5854036109414699 0.3164010589094097 -0.792760548238256 -7.3990818610349125 -9.925484238357885 29 image_000029.jpg

157 0.6445064742987002 0.0054146367748895835 -0.7181510849218585 0.26237584529853486 -0.9245749261030672 -0.5579682757319107 -0.05103973201019551 157 image_000157.jpg

31 0.7445734869049849 -0.0016264884800849659 -0.6240760607596265 0.23693197655829557 -0.4611525344485337 -0.9451408056020817 -1.7147360649025707 31 image_000031.jpg

180 0.6538829726055441 0.014623655671617166 -0.7196206264764371 0.23317242897804677 0.17306420509316495 -0.208237885168437 -0.5130849525714469 180 image_000180.jpg

181 0.7272998647495356 -0.06745220184032821 -0.6264141722333677 0.2721955740622311 -1.501554090134218 -4.509836913987376 -7.831246302339915 181 image_000181.jpg

183 -0.48689141765988775 0.06596056567328434 0.7604575126162687 -0.4246060600590279 12.739980999514557 -4.368348599509476 -5.6151677362277415 183 image_000183.jpg

446 0.6387207667509245 0.03147046447974457 -0.5978856769491994 0.48329920889444294 1.361956117865673 -5.797973872837044 -7.307826714423197 446 image_000446.jpg

453 0.7192844045468777 0.002050380760282068 -0.6587717283241369 0.22055737407657253 -1.9166943261018994 -0.90090888372572 -2.1218294505502584 453 image_000453.jpg

199 0.711977944577136 -0.1422510413634 -0.6076305745081733 0.321927153551218 0.5265380917304494 -7.2160431993600085 -8.752707362786284 199 image_000199.jpg

459 0.7417422361828065 -0.07365892387061165 -0.6221660435637647 0.239378916754343 -4.077992406940899 -3.303774660735737 -6.695439178549378 459 image_000459.jpg

332 0.6944736130615472 0.011234519531725771 -0.6870619158464797 0.21336868001748058 -0.07051009827404245 -0.43840206427842016 -0.18991333519464645 332 image_000332.jpg

206 0.7793716887013488 -0.03515020743014546 -0.5730762565386661 0.2508542452523885 -3.028535384642194 -1.949362500561071 -1.184166540136586 206 image_000206.jpg

207 0.6099623290096866 -0.004567171997011237 -0.737651140093027 0.28947504063753415 7.740416500893594 -1.5963995072484556 -2.9766492320411446 207 image_000207.jpg

462 0.7329536740337952 -0.08701056195706873 -0.5812601262061431 0.3425563265288328 -0.5517479339686702 -6.530697312159857 -8.2215808378895 462 image_000462.jpg

209 0.7475219253885871 -0.05763843403790347 -0.6081240364719956 0.2609098691958971 1.3145590385799815 -1.928723649372846 -2.8472168122685764 209 image_000209.jpg

82 0.5481730052234729 -0.024765809850976882 -0.7753878269081229 0.31251681321353686 4.183391094027899 -3.8140439568824944 -7.721650963051627 82 image_000082.jpg

464 0.7908324560445888 0.009114378791629919 -0.5696152604759462 0.22369472283550937 -3.6864419524346905 -1.9566274671549535 -4.3375326975229225 464 image_000464.jpg

79 0.7464981283323896 -0.07318430221932194 -0.6061990361462989 0.2643999374202069 -0.01250656535639827 -5.190655073326661 -8.046552895388842 79 image_000079.jpg

466 0.703592022969636 0.022687811524677422 -0.6641066731093699 0.25180503431616147 1.1891049126777773 -1.4321678512779132 -3.487116793952396 466 image_000466.jpg

88 0.6410987674732154 0.020954961902803333 -0.7167635120125636 0.27350205241725806 2.708804438111709 -0.7584592162092355 -1.7583012991887632 88 image_000088.jpg

344 0.6637614079212042 -0.025728322117165123 -0.7082780188027151 0.23895870664312985 -0.5229116298739226 -1.084339771654251 -1.9625620790921476 344 image_000344.jpg

101 0.7253791377016968 -0.13026041696370808 -0.6749805367431119 0.03547578744982161 -2.4949688919071207 -0.16288954336904 -4.192421189481433 101 image_000101.jpg

233 0.39626092963704296 0.3460460890244662 -0.42179754492932575 0.7384553096323255 3.8614742401384796 -4.626128130533633 -6.864274125892839 233 image_000233.jpg

235 0.7144576033909433 -0.4816694229196941 -0.42386730736676065 -0.2790724915151447 -5.212493957384187 -1.5143037024406685 -9.805423181033765 235 image_000235.jpg

108 0.7379399657850065 -0.07733024828988376 -0.5972246288055453 0.3046101688511635 -0.6948226625480867 -6.151992853382645 -8.753101527818826 108 image_000108.jpg

368 0.7114936452247139 -0.07358129500626666 -0.6159010323414504 0.3301945790058735 0.8841685479040702 -6.082255282015525 -11.138460973238963 368 image_000368.jpg

116 0.34944985456843886 0.4648339633529482 -0.4368532189585018 0.6862749874448254 0.5276424837650628 -1.3910072700285325 -1.2666487550026178 116 image_000116.jpg

505 0.6977064241802203 0.0032708492156757417 -0.6806388347708027 0.2234408688311695 -0.19910750232531885 -0.46307415524365186 -0.3594079638053808 505 image_000505.jpg

253 0.7412710603046585 0.030109810404279683 -0.6400270322582099 0.19993986809387682 -0.8376323254491627 -0.7633628461085918 -3.4667368456212424 253 image_000253.jpg

155 0.686280098767737 -0.46670553412268473 -0.44056318924056825 -0.34221274001313123 -3.985433537106133 -0.7666711707728132 -10.158405698280186 155 image_000155.jpg

289 0.8266263430963702 -0.1456873931814751 -0.465430801786683 0.28078149523321977 -3.4134126936202396 -7.771678416493534 -8.453739408192249 289 image_000289.jpg

398 0.730271052612096 0.018703380506403064 -0.6483842722840367 0.21436487781169403 1.8677306178634865 -0.8746426212539792 -1.7395101028460576 398 image_000398.jpg

156 0.6856859547804732 0.035232387808077435 -0.6848973121998767 0.24394486207408336 0.6530819088452751 -0.2782128631200984 -0.6669347301759504 156 image_000156.jpg

416 0.7801325988626195 -0.06129622868188177 -0.5635177844999186 0.2647330842234942 -2.896622457921294 -4.815964618882393 -7.885215812015019 416 image_000416.jpg

290 0.7663411514184421 0.014422672535275712 -0.6101614279435058 0.20053993277135027 0.2274100766334443 -0.3591395332468894 -0.7037772872727506 290 image_000290.jpg

169 0.6658364504007078 0.0038794006081718257 -0.702275914374373 0.25190334974251044 2.0142900968474873 -0.9382231988494905 -1.718357507233358 169 image_000169.jpg

300 0.56512565985395 -0.03924770802488885 -0.7593983523681345 0.3200105034315269 7.2459711312507515 -1.3737495045776544 -2.660080819186181 300 image_000300.jpg

489 0.697825774495594 0.020011382180177874 -0.681068687146651 0.22087142127434825 -0.11287304048683144 -0.3485872050129671 0.054587398422276334 489 image_000489.jpg

495 0.6767106905989898 -0.03432580093649165 -0.7012517163100858 0.22165380745115784 0.8954573999531692 -0.819510691925382 -1.069318854440958 495 image_000495.jpg

158 0.7863684607088253 -0.018034340365576326 -0.5731587135236137 0.22975748628774356 -2.362408712641777 -0.7183446946242424 -1.621391898775473 158 image_000158.jpg

171 0.7484913613188061 -0.006879851296158309 -0.5996989831166152 0.2829742356910235 1.5174928867216515 -1.1049332785727053 -2.021544902738586 171 image_000171.jpg

59 0.7103342838957589 -0.04718031486875469 -0.6391293973380016 0.2910545552895646 1.2753654932887746 -5.649184634401479 -6.262007582836288 59 image_000059.jpg

475 0.7206705324339616 -0.5107450905081414 -0.39352580211663 -0.2547763402517286 -6.558853927554848 -2.105115999446952 -9.071012192912104 475 image_000475.jpg

357 0.713086514070111 -0.044430785658959894 -0.6380717503345893 0.28705032902142197 1.1995251678492735 -5.581029972208434 -6.325492212083626 357 image_000357.jpg

385 0.7443210905745623 0.026854279492543782 -0.6344889288573996 0.20661260208491533 -0.11991919945392142 -0.14036554175972582 -0.1530933771338685 385 image_000385.jpg

139 0.7081450388021969 -0.07069170739131972 -0.6265174239384615 0.3178195062068974 0.6810150096010935 -5.680754409936029 -8.80899844465902 139 image_000139.jpg

458 0.6633342673484581 0.004607541091889794 -0.7003179480535872 0.2636687332537519 2.496423457591222 -0.896403448778848 -1.9367059665071167 458 image_000458.jpg

395 0.6789915532651701 -0.3739388495640437 -0.4687990746461862 -0.4235181789669572 -0.8541948179766508 2.991623406064263 -2.1326558556573683 395 image_000395.jpg

226 0.7529264492345096 0.05427131950209742 -0.6281281775167977 0.1887097065521307 0.4797242987355435 -0.21172618608646793 -0.6913461044622278 226 image_000226.jpg

54 0.715412809906231 0.000233908219415069 -0.6507286946373987 0.2544339787030532 -0.1755049530287331 -0.4211583542677404 0.8715660124589326 54 image_000054.jpg

304 0.7009006842404308 -0.04729565004747728 -0.649654023735923 0.2906045916810128 0.24413674827111695 -6.394655041955544 -11.331380375717105 304 image_000304.jpg

104 0.7369085805342962 0.04623130066594436 -0.6433283609180623 0.20237870283929948 0.835834847517923 -0.901644160769437 6.403955868215562 104 image_000104.jpg

73 0.6352160335885727 -0.017207751994471623 -0.7405010976835754 0.21877526394028518 -0.29631718209091046 -0.6399732186859909 0.4807384177336023 73 image_000073.jpg

127 0.6581382508784759 -0.13120167279607683 -0.5892651101959772 0.4498964382471799 3.369959241742233 -10.952193551902171 -9.59819160961851 127 image_000127.jpg

238 0.6045456847691011 -0.5059015853127136 -0.5493433480686681 -0.27714614094572376 -0.8375108728480007 -5.898302578035003 -3.2607423775836466 238 image_000238.jpg

172 0.7436570675939466 0.050637729091761736 -0.6414241564025005 0.18161783499769338 1.489138594254604 -1.0982214969618413 -4.688584952963161 172 image_000172.jpg

231 0.7202175618711745 -0.028403837023757247 -0.6356769495029109 0.2763959497160011 0.9757928881424247 -4.965343051490963 9.818724240804412 231 image_000231.jpg

239 0.5147417996638017 -0.03624696352460906 -0.8036120948540117 0.2965377483829927 8.385705687609375 -1.1759971395202289 -1.3869417582909742 239 image_000239.jpg

349 0.7135280176618798 -0.04689723567835123 -0.6354238994216264 0.29140149448946845 0.9173306618747379 -1.3931210531908893 -2.1642107269192152 349 image_000349.jpg

28 0.6625686685790028 -0.009140666317742052 -0.7138029539985838 0.22672574584301156 0.11635291698340752 -0.5359205517223058 -0.8845681426362795 28 image_000028.jpg

470 0.695253623100381 -0.29193702012318495 -0.648346249038901 -0.10508237986353249 0.4393578491300243 -2.3536725072620235 -1.8765262424585456 470 image_000470.jpg

234 0.7333353231667114 -0.407856125887087 -0.3277461049033563 -0.4341142526920203 -5.54770769638383 5.771967538284238 -10.994597120439558 234 image_000234.jpg

64 0.6368200090482286 -0.01090603544054333 -0.7146636240375842 0.289132075162163 2.87646297031032 -0.8782876847900027 -1.913867467451272 64 image_000064.jpg

515 0.7541382176146667 -0.04736216535187828 -0.599225256675873 0.26450229642295636 -1.238986850920298 -5.739053842171443 -6.0466966678075424 515 image_000515.jpg

355 0.9574413232906935 -0.08120293418747188 -0.2467423006672097 0.12581902610499024 -17.167357713349613 0.7275656789107664 2.495354811348477 355 image_000355.jpg

118 0.8715437665181748 -0.02469904005949256 -0.4658061421640505 0.15108296714520364 -10.694027847264493 -1.5067091582327343 -4.242255623166415 118 image_000118.jpg

119 0.8591520383107144 -0.02025481524494438 -0.4780745373415064 0.18136222797785026 -10.393829302650065 -2.3949247414751076 -4.2850160321333615 119 image_000119.jpg

412 0.6180939876044971 -0.0038613607866325632 -0.7337593294048511 0.2820322306691826 6.036786540361311 -1.1504424273170528 -4.01434854392863 412 image_000412.jpg

270 0.7358155355114625 -0.042835791545010375 -0.6321769109659802 0.23894146763408208 -3.7032479496955193 -2.3838919192466537 -5.221073870085686 270 image_000270.jpg

162 0.7649075780497624 -0.02914611338935535 -0.6075894358343704 0.2119007622693723 -6.83536627466599 -2.5878845234658905 -6.1921549477344175 162 image_000162.jpg

507 0.9379091572816992 -0.042757552377096386 -0.31479113622359595 0.13930091809238526 -15.89249401763447 -0.3351978477198622 1.1081255914886254 507 image_000507.jpg

502 0.754722233954188 -0.03417935530244418 -0.6194438447275853 0.21334369002707057 -6.625566779398579 -2.628431788699266 -6.165045052193499 502 image_000502.jpg

503 0.8058918482523185 -0.09245890668439334 -0.526879650215777 0.2537469415829959 -5.477270986398222 -6.408420748621686 -7.823157280797213 503 image_000503.jpg

417 0.9471270208623697 -0.01730895751312989 -0.2973625488188987 0.11927417445115097 -16.445622324619407 -0.13243498862935815 0.9688774712020711 417 image_000417.jpg

337 0.9612065255984492 -0.11571781176910564 -0.20848364941254016 0.13865775663739086 -18.335281249407803 -1.6791849725627663 0.05557149621332602 337 image_000337.jpg

517 0.7216794808053458 -0.030641282492582644 -0.6446327717387492 0.25037659128330053 2.3320349816632144 -1.7034327103043676 -5.938689460037415 517 image_000517.jpg

292 0.7048839743191574 -0.005308237321701519 -0.668674900828998 0.23661023561665445 0.141534199278119 -0.33327969973579713 -2.204588912362166 292 image_000292.jpg

182 0.6166521132425896 0.0011327563694163425 -0.7429404377750886 0.2603430671501839 0.18890142413390154 -0.9464545935829523 -1.9116150308346105 182 image_000182.jpg

282 0.8072330217839907 -0.11823807448886471 -0.5195883218755476 0.25381593994738855 -0.24914317780497464 -3.5386955732386207 -4.509032349831328 282 image_000282.jpg

51 0.5449732278889483 0.024766861783550212 -0.7848872705354066 0.2938413906375309 4.450001627915225 -0.441336970846272 -1.6147998378181292 51 image_000051.jpg

44 0.7277848935765382 -0.07948125402437904 -0.5935832752937845 0.3341717786289336 -0.39704329027417196 -8.326332581682955 -9.144995962726577 44 image_000044.jpg

373 0.7614321311416402 -0.11707622066359799 -0.5605875277007951 0.3037366200585396 -3.1738922716737212 -5.82204816422462 -0.33255315507833005 373 image_000373.jpg

403 0.6777438690138256 -0.05417305637161708 -0.6709793094699543 0.29582973507848603 2.9155663752904206 -1.334869349110917 -2.305720199707119 403 image_000403.jpg

9 0.6376908086653835 0.01942953823110114 -0.7193391832110974 0.27481654407300843 0.14234768404889722 -0.33212833168854317 -0.9354322885025171 9 image_000009.jpg

236 0.6277303062968772 -0.4745999929159782 -0.5171891280598832 -0.3364890460198201 -0.8399369757608508 -3.8538237541263216 -3.075604198692721 236 image_000236.jpg

237 0.6267189891619315 -0.49345346308724647 -0.5212264413269513 -0.3033974372160926 -0.9789248279015916 -4.7438639380201675 -3.232238257148449 237 image_000237.jpg

98 0.9312308040413373 -0.11330958221826473 -0.30742457772730875 0.159562685920671 -16.28539901351826 -1.3186840347429136 -1.408742200288362 98 image_000098.jpg

413 0.6512334360918008 -0.003164638682756306 -0.7159897124111804 0.25148307726615804 4.568318731624046 -1.2700663861252868 -2.797801675044117 413 image_000413.jpg

167 0.7337860641512663 -0.0541483685625658 -0.620993421376539 0.2701724271263666 -0.13103173195272833 -1.8716852552234702 10.741052230510865 167 image_000167.jpg

2 0.9460070421961093 -0.05990133321650624 -0.28540338567209955 0.14151821829408623 -16.273475899605636 -0.6396186268915935 4.996051655582957 2 image_000002.jpg

299 0.9370451691793558 -0.10536415181669946 -0.29331007420828825 0.15752440769300313 -16.604217388647037 -1.3974128508376715 -0.6770981182800577 299 image_000299.jpg

371 0.9074178260281386 -0.0792745281639112 -0.356411134851816 0.2080373243798673 -13.006426764238553 -4.970732131871389 -6.072958211536319 371 image_000371.jpg

252 0.738548200132487 0.08851284532011729 -0.6470547812148612 0.16742796262260556 -0.15650011552410686 -0.2698251136800243 -1.104483175776475 252 image_000252.jpg

195 0.9127397142607377 -0.025285847333673332 -0.3732610505074205 0.16414329406772496 -14.201708879449857 -1.7757708111150006 -2.106147856470902 195 image_000195.jpg

522 0.9939505734400595 -0.005474002985863613 -0.10453583168385203 0.033234742590629696 -25.217982237678903 4.354257220432499 10.851058392081844 522 image_000522.jpg

213 0.9346860069013775 -0.10497478149376545 -0.336093587560043 0.04882074348254832 -15.275642617629787 2.7349093846205927 0.6304179046468947 213 image_000213.jpg

24 0.7669987138579504 -0.03719417286279864 -0.6028607140910395 0.21653771387944795 -4.17030775334367 -1.5884401238873407 -3.945405747895 24 image_000024.jpg

436 0.9231631590947692 -0.07487916471239338 -0.3447055462265565 0.1527775567534539 -15.835771049383718 -0.41920811589889573 -0.6837464445528019 436 image_000436.jpg

103 0.9448082834879818 -0.08996378710268156 -0.28416375597666266 0.13599552984582194 -17.091167170690532 -1.4495415785629406 -1.94859562764191 103 image_000103.jpg

137 0.24681876071178335 0.5029934003388443 -0.5380946207784311 0.6297081352059493 1.9887980482005045 7.508109882095133 -4.488727412632807 137 image_000137.jpg

33 0.6222283340835706 -0.0037325029952291534 -0.7251700279290968 0.29486676423611163 6.092676828806467 -1.1803135612797675 -3.1994981037030064 33 image_000033.jpg

23 0.9110554151773999 -0.07305813655142239 -0.37403303925378667 0.15728901315014318 -15.862460246415662 -0.7071049032465123 -1.5620832702570588 23 image_000023.jpg

196 0.8610578019275827 -0.25849198980773375 -0.3569338132881676 0.2536919374574455 -11.64019602262762 -9.230936048922372 -6.944931899219223 196 image_000196.jpg

492 0.9003734865980879 -0.25607689474771494 -0.28319926963780345 0.20868727906458862 -15.877210222798336 -5.2691538795675195 -3.7537911773187242 492 image_000492.jpg

178 0.8700407143209503 -0.02041652120921484 -0.4627469196113519 0.16875311406850768 -11.230105920685306 -1.4676974282637767 2.6221572105157334 178 image_000178.jpg

364 0.8767824198831968 -0.22792029652974646 -0.33146034041858496 0.2635127552350051 -12.885728487175955 -7.686623459373547 -5.271030921858797 364 image_000364.jpg

198 0.8677314987520766 -0.2722931545720447 -0.3445772711275137 0.23273371835775677 -12.192199679503629 -8.643766287600114 -6.737844344257413 198 image_000198.jpg

524 0.9629537869430637 -0.07106429054358818 -0.23732838665059205 0.10651342441964497 -18.077695046860313 1.4974151762374637 2.4930723526829857 524 image_000524.jpg

197 0.8645197989557376 -0.27501210639165613 -0.3466837414915892 0.23829448077988258 -12.076549632550302 -8.830911568959365 -6.703673254608721 197 image_000197.jpg

414 0.7445406213663534 -0.05216010646775808 -0.5885571295362642 0.31070742262317863 1.8532885941157997 -3.256426665768088 -4.793710731426815 414 image_000414.jpg

377 0.9034481548807743 -0.28685100671963665 -0.23509666973140603 0.2150057943385205 -16.816461704071685 -7.846683351810049 -4.002989003807047 377 image_000377.jpg

248 0.9266468291980534 -0.15136090850275138 -0.29844267320645806 0.17131111048916028 -15.770068311504147 -4.569425876168195 -5.488220996407925 248 image_000248.jpg

193 0.9187581881343925 -0.10155459868280536 -0.3317461496403176 0.18845303438375022 -15.20923235081735 -1.3745267095741225 -0.5975795865488305 193 image_000193.jpg

455 0.9316752750411639 -0.09344409316774512 -0.30794300666755575 0.16858380637829462 -15.579120737168797 -3.838395862665439 -1.4592710714214725 455 image_000455.jpg

93 0.9837929928745658 -0.17470513417022682 -0.03179773022232126 0.024866922344686515 -22.639331146620407 4.655024535068542 5.913518059196159 93 image_000093.jpg

472 0.8979781348856962 -0.2794233891550774 -0.260663456943577 0.21820267674219115 -16.0999072867574 -5.913548451811282 -3.303781401214942 472 image_000472.jpg

306 0.8946147921573199 -0.2742313083948788 -0.28304629964165506 0.21058571627968176 -15.541258932745608 -6.830812222281453 -4.821122836412069 306 image_000306.jpg

419 0.9805119456108274 -0.19521398924123418 0.020807127955461083 0.007408355679783597 -21.733365536076278 4.547448289730966 6.106056236505246 419 image_000419.jpg

376 0.9019636348780886 -0.2932544097012826 -0.23574131552108 0.211871381371309 -16.63281752452627 -7.814117199383748 -4.120835519862107 376 image_000376.jpg

4 0.9998756634213355 -0.0125838991244424 -0.008283851175993555 0.004656177589214783 -25.601418465453968 6.009377202966494 15.560392307098358 4 image_000004.jpg

338 0.7817680986991551 -0.20861990323673127 0.051358350168445685 -0.5853877039259657 -2.467320523313598 20.363155899401825 1.2608963331928655 338 image_000338.jpg

380 0.9617874148506156 -0.023267891477332023 -0.23825574666732874 0.1328825321814501 -18.944048005856665 -3.570720904565995 -4.2502520313728525 380 image_000380.jpg

21 0.9372164758171676 -0.15215534221220042 -0.2713487366846278 0.1576194757628462 -16.675130511705014 -3.5409075132652776 -2.7756693181143017 21 image_000021.jpg

378 0.8816980016006417 -0.3176815523921282 -0.2514877117205962 0.2417457901024411 -16.227097244575653 -8.89647698508388 -1.396939261781867 378 image_000378.jpg

452 0.9918514594948428 -0.05972342637989206 -0.11007545133138016 -0.023392315859633913 -24.638283662394816 7.34479609530087 7.572383159111489 452 image_000452.jpg

516 0.9957264969757297 -0.08153594781342156 -0.01016960005064244 0.04215698167342541 -21.853722346496014 3.5766798572981156 14.463520346912594 516 image_000516.jpg

418 0.9808029191731591 -0.12780290221849708 -0.13073543180308086 0.0678254458571238 -20.369079504501116 1.8871697057510453 2.3224758704092663 418 image_000418.jpg

316 0.9851290367634911 -0.1156613738376283 -0.05511348096223768 0.11448030165913449 -19.310844068499204 2.0556953338484485 7.295101587929464 316 image_000316.jpg

70 0.965811953520775 -0.2580022342756875 0.019522525007445734 0.01615606349770961 -22.435820671637973 4.646152446258077 5.333831633315705 70 image_000070.jpg

441 0.9731958310019624 -0.22991471925465773 0.0006265006505122345 0.005356616091631478 -22.762439197180047 5.341403085982268 5.403255968117939 441 image_000441.jpg

317 0.6556905428461982 0.017270754570000685 0.1546886595342637 -0.738811851444517 9.082822939359176 21.95688649921452 15.06004008625613 317 image_000317.jpg

295 0.9909866019940031 -0.09094347319537424 0.09524838531384727 -0.02454782817169339 -21.718589939100692 8.860218136951264 17.166017009243568 295 image_000295.jpg

442 0.9604133566026434 -0.27459313989455963 -0.026872238865424343 0.03850572945586517 -23.634466712505727 3.8303205579450226 3.9116712714410795 442 image_000442.jpg

379 0.9541880920948961 -0.13489402879542842 -0.21536023732047493 0.15795140393450025 -19.0672369678291 -4.493936939202584 -0.49094608333141565 379 image_000379.jpg

42 0.9104725869701064 -0.2067799397914565 -0.3017266308544845 0.19298382584625906 -15.575675709708232 -5.938828134881344 -8.286114802341713 42 image_000042.jpg

402 0.7686950604347773 0.24928723586809126 0.5840451092258216 0.07651860237640376 -4.4637221742789706 -6.285733990286905 31.63808486416454 402 image_000402.jpg

468 0.70491583866783 -0.09944273529288808 -0.6110409266424942 0.34617013419240367 1.119092014524196 -2.827217009939003 -2.5251024234822017 468 image_000468.jpg

