# 3D point list with one line of data per point:
#   POINT3D_ID, X, Y, Z, R, G, B, ERROR, TRACK[] as (IMAGE_ID, POINT2D_IDX)
# Number of points: 1152, mean track length: 5.87
0 -0.1392629904621284 -0.24712977251763 1.245246661840626 132 126 114 6.08
1 -0.01001054018679554 -0.2013672524649451 1.290250915517465 108 108 104 6.2
2 -0.2076869966202679 -0.2004469543035098 1.229388225027138 123 122 114 4.46
3 -0.09247257997963415 -0.1746820305807099 1.239032077525617 134 127 114 4.83
4 0.03318086254905148 -0.1527261901340595 1.289468474633785 102 99 91 4.75
5 -0.2275397790790103 -0.1588577922654963 1.196307740336105 129 125 117 5.12
6 -0.5531622366602237 -0.1510201075608888 1.129807551512716 98 100 99 4.87
7 -0.4909859743560404 -0.1367285986003336 1.147770080481636 74 69 64 5.06
8 -0.5143758894543154 -0.07992800911301448 1.129854013757374 133 129 119 5.62
9 -0.4816478696657368 -0.02374935696539874 1.145180454518278 115 114 107 5.0
10 -0.3964364133664348 0.03962779554843796 1.168992903781587 106 100 84 5.21
11 -0.116220217178468 -0.2039253330021013 1.248727540704951 128 127 123 6.57
12 -0.2837017332528602 -0.239453752758757 1.222001101869458 105 106 108 4.8
13 -0.1991672511949693 -0.1995456950662028 1.216757106801069 136 131 122 4.75
14 -0.3337018772854432 -0.2094066231666105 1.180869018794921 119 117 113 4.43
15 -0.3406968186846739 -0.2106955431012116 1.178491098481958 125 123 118 4.37
16 -0.003425407997851571 -0.1428173804149254 1.273051996649315 139 132 107 3.7
17 -0.3960569998005582 -0.1895848719485764 1.161835914431951 120 122 120 4.43
18 -0.4443985308642004 -0.1875051784560566 1.150596937252609 148 149 151 4.51
19 -0.2876755323539083 -0.1487845020591724 1.201108170926052 106 97 86 4.44
20 -0.3268445166272526 -0.1535311055817276 1.205978862604979 128 115 90 4.57
21 -0.4865272364868881 -0.151168382471535 1.158444797387193 105 94 78 3.81
22 -0.5298095994098827 -0.1368328159269217 1.129781851467069 111 112 109 4.85
23 -0.5286603482545492 -0.1375983144855786 1.125821702816002 121 117 113 5.14
24 -0.5424442367815874 -0.1389440688683641 1.334405624299886 68 66 66 4.01
25 -0.5248124655108365 -0.1267957631715993 1.169745779988013 60 56 55 4.11
26 -0.440433937567376 -0.09229368085871251 1.144913523279176 150 147 136 4.39
27 -0.5509558353355383 -0.05770496660751791 1.13720468662387 51 52 49 5.42
28 0.001167219019029359 0.0427109264344439 1.255506966847004 111 111 99 4.99
29 -0.318110587216699 0.01914372275119362 1.159813683867466 88 86 76 4.54
30 -0.3592673157031658 0.02930947000035251 1.146141381968544 127 125 113 4.04
31 -0.3823655954860851 0.03425458353866755 1.171366025165812 115 104 77 4.64
32 0.05460781420092106 -0.169865052484073 1.295539410380593 102 101 93 5.22
33 -0.03904267534599354 -0.1803364478382478 1.264066935494824 74 78 77 4.78
34 -0.2067628868923895 -0.1960762561981822 1.215719691239114 152 147 139 3.96
35 -0.1880486204034797 -0.1976021632729224 1.245361724745756 164 159 137 4.29
36 -0.3525400258037827 -0.2186645962073095 1.180275624339495 70 71 75 5.43
37 -0.07704925149931358 -0.1591296023638368 1.256411165580233 123 120 110 5.4
38 -0.2414261903318736 -0.1728924221742797 1.196257045670546 140 137 128 4.16
39 -0.2993590753923315 -0.1805554892973771 1.183166819224539 96 96 93 4.35
40 -0.4331704090455669 -0.1934147531184738 1.162633545303799 65 66 65 4.18
41 -0.2887893156568607 -0.1536566699529987 1.188482635534106 103 99 88 4.84
42 -0.4802028934061975 -0.1835570395539527 1.133511189601176 74 75 74 3.89
43 -0.4331954459398148 -0.1485640291616954 1.168412306984206 84 80 72 5.85
44 -0.4473099545977021 -0.1086491698934312 1.144561802392606 65 62 60 5.55
45 -0.4754961233463127 -0.07174013492079007 1.11369731784305 96 88 79 7.59
46 -0.5249972050701913 -0.07257888907663863 1.101420744205962 41 41 41 5.95
47 -0.4890303069379726 -0.008531423836811245 1.110192852711011 72 72 70 4.88
48 -0.3981804365458097 0.017254119570262 1.133271975090341 110 105 92 4.45
49 0.0002082004906760748 0.05615325249544412 1.219617081905502 23 27 22 4.28
50 -0.05641638954626943 -0.2295169772306774 -0.09976887900338974 124 118 118 5.66
51 -0.1875202816235117 -0.3043405109949898 0.2027938847208634 49 55 60 4.5
52 -0.1961286026479976 -0.2981196256723166 0.2052870173241106 68 74 76 4.57
53 -0.3835214419153899 -0.3167402477875158 0.4925241975526097 201 206 211 3.56
54 -0.3399332661423085 -0.2163389327445587 1.173743275978548 133 133 126 4.36
55 -0.2396631804593835 -0.1828452727717496 1.205371419563385 131 126 116 4.43
56 -0.3194120477164414 -0.1942759591340139 1.213857287130468 80 80 76 4.39
57 -0.07254390529897248 -0.07562513037742777 -0.0004960576362026958 98 94 89 4.41
58 -0.2248006088319194 -0.165071896808864 1.217401414606794 135 130 118 3.83
59 -0.2480871288201822 -0.154367130384793 1.210930640492764 117 112 98 4.36
60 -0.01299353741822037 0.003172267720853487 1.260309618070047 99 91 68 6.43
61 -0.05285451810276331 -0.2304991904149457 -0.1081381109692731 158 155 153 5.81
62 -0.1096607056279982 -0.2541884843460676 0.002966544095359264 59 61 64 5.13
63 -0.1009272816769609 -0.2344538018963176 0.00637324814087728 51 54 60 5.95
64 -0.4726816992312384 -0.1938975894206465 1.146313827179461 134 135 136 4.17
65 -0.2855230826444913 -0.02346307878077303 1.172147062992642 53 55 56 2.72
66 -0.1561797987370037 -0.3528115327772045 -0.01051525699885514 178 169 151 3.95
67 -0.06473429454004365 -0.2445864498227691 -0.09069591071734004 113 102 85 3.67
68 -0.113552361646521 -0.2614418177691734 -0.002578056526811423 66 68 70 4.82
69 0.05112323944753175 -0.1446024314776126 1.304082389503065 118 115 105 5.84
70 -0.2734484067920588 -0.1940607798947689 1.200303845532507 164 164 159 4.12
71 -0.2777781178517985 -0.1678741789107916 1.186643497669989 81 78 71 4.11
72 -0.4562275221241605 -0.1940469125816771 1.150470263354416 74 76 78 4.82
73 -0.4566120321176096 -0.1918239822482523 1.149905242377708 65 67 70 4.45
74 -0.4912509676210064 -0.1241442186009143 1.173924034023572 140 131 112 4.66
75 -0.4785359728477691 0.004554649932469911 1.134858408352044 113 109 97 4.48
76 -0.5105853777421464 0.008020771290250469 1.111970140239487 115 112 100 4.7
77 -0.4713056784703891 -0.1149806529630264 1.173442463755372 66 57 56 5.96
78 -0.4927377392301182 -0.1142821458324107 1.133027441673532 65 58 56 5.42
79 -0.4077223238342408 -0.08302187990202399 1.139665150790019 96 85 65 4.1
80 -0.4011152069896015 -0.08071066935244398 1.130387427731263 108 98 78 4.96
81 -0.4921306404852775 -0.0810157992283923 1.1278128238873 79 77 66 5.04
82 -0.4925806225212833 -0.08141110322697175 1.129818025608231 88 84 70 5.22
83 -0.4540967455587382 0.006523264957489124 1.126843438234848 42 43 42 4.81
84 -0.4916775222323289 0.003924162085499623 1.119603680074795 37 40 38 4.45
85 -0.4936632228182617 0.004590068503765053 1.121620778021874 31 34 33 4.69
86 -0.5075715337866178 0.04306657391154439 1.144658892957806 95 93 87 5.53
87 -0.4062926598496988 -0.1407089448784935 1.146627181584974 52 52 57 2.92
88 -0.4112623246670233 -0.1413516523991182 1.155245910419589 50 50 55 3.36
89 -0.4374960169909089 -0.1381404593030084 1.129807491525328 62 59 64 2.65
90 -0.4377156472009467 -0.1375187262748204 1.129763038045225 54 54 56 2.61
91 -0.3306122519839182 -0.09272348014433915 1.206419267087366 124 122 109 4.57
92 -0.5124874804854626 -0.09439378769835736 1.124691485042711 149 143 130 4.83
93 -0.4709662874569317 0.02223177815570461 1.123678652538241 134 132 119 5.35
94 -0.4856582645661355 0.02341108162979963 1.148363447761933 142 138 120 6.18
95 -0.2637679800532336 -0.2033872192190387 1.190969929548076 151 150 144 4.39
96 -0.1861485316150622 -0.4979793584423509 0.2401271217831094 70 61 62 1.62
97 0.1829821434935869 -0.05989717702466049 1.353709969768053 105 104 96 5.42
98 -0.5120316103874366 -0.07068640365341909 1.006764799805618 120 113 103 3.73
99 0.181494612884465 0.0496127784621668 1.324328697199231 36 37 34 2.48
100 0.1728809245969906 0.07215544383186138 1.317173177950359 90 85 84 2.52
101 -0.09994592689505877 0.06682729380221016 1.214040448517209 88 84 72 0.76
102 -0.5509426774784918 -0.1394147056058583 1.121624252502246 126 125 123 5.65
103 -0.4967419769050839 0.03949012817625181 1.154453615148763 115 112 102 3.44
104 0.165685815152114 0.06215638725674202 1.326372591819484 80 78 69 4.67
105 -0.5561564213870899 -0.1124221393664698 1.164152893044794 92 76 58 5.68
106 0.1886713008014759 -0.06418310238329411 1.364264781941281 144 147 149 4.25
107 -0.5392007144194001 -0.08300940147676671 1.130336742122805 42 42 39 4.03
108 -0.2105639685749279 0.06142135250519697 1.206986577911412 128 122 108 3.29
109 -0.3220756472412908 -0.1884675091232997 1.173359568254215 148 144 138 4.98
110 0.006817201496707559 -0.1704770077513493 1.301542765054435 75 75 76 4.32
111 -0.5774912276658495 -0.1288523606019389 1.503494693641347 76 65 61 4.29
112 0.1767714008626401 -0.0672485208815215 1.365047333642115 96 96 91 4.91
113 0.0572809540784314 0.03581307577746825 1.266050211970216 70 75 70 4.16
114 -0.4127223092549841 -0.2930324189548712 0.7522459075707306 153 153 160 3.95
115 -0.4098017617400812 -0.2923155336499145 0.7487439276371074 177 173 174 3.65
116 -0.5341847869176716 -0.1435421435337034 1.118732676628256 77 73 72 4.72
117 -0.3551243961507329 -0.1553956295669633 1.159327185349545 127 117 103 4.4
118 0.001466086147680845 0.01523647369611718 1.260519838591341 80 82 75 4.85
119 0.09615798767080846 0.01245636635050342 1.310287741705086 104 106 98 4.65
120 -0.417286824026923 -0.2863612482243139 0.7801861870662289 236 243 252 3.13
121 -0.3954987148952719 -0.1556337088241838 1.154716149360832 129 118 101 4.16
122 -0.4023301501904039 -0.1256635265936684 1.172127849242757 152 141 121 4.1
123 -0.4628653200727979 -0.1277992740630048 1.201497074659795 129 119 101 4.47
124 -0.4955962489123272 -0.0583177932451777 1.107161837792083 167 151 119 4.28
125 -0.3735579086361932 -0.1382480457152813 1.16155414662005 58 55 52 3.89
126 -0.3919063868362038 -0.09778769697104264 1.155756916347208 147 142 126 4.59
127 -0.3948093793777616 -0.09112848791496385 1.157631030922136 182 159 124 4.56
128 -0.4207843921579959 -0.05553095084432205 1.162642406255967 128 105 86 5.57
129 -0.01575362269691 0.01758072614319494 1.253686094378277 44 46 45 6.09
130 -0.3922392507511091 0.001849473170328512 1.182939204822906 81 79 76 3.61
131 -0.07806034993084132 -0.2029757858708715 1.270548819759113 184 175 164 4.77
132 -0.4956919588739199 -0.2195007271346224 1.154992686886513 80 84 95 4.65
133 -0.1225089256914903 -0.3821018011758172 0.2060695570091973 68 72 78 2.42
134 -0.3273978795077533 -0.3797201105290219 0.4014264691644206 162 182 208 3.32
135 -0.1172400095164636 -0.2946911183269321 0.204586871602284 121 123 127 2.61
136 -0.2958535585767548 -0.3497046702403671 0.3811322345200843 167 181 191 4.37
137 -0.1015238946935709 -0.2807602199135691 0.2049044180402898 69 73 80 3.23
138 -0.1147690379169669 -0.2836777608931627 0.2112264112044948 48 51 57 2.82
139 -0.31312115629023 -0.3284931724382613 0.404222638915401 178 195 211 3.29
140 -0.3191899909177957 -0.3250118008513149 0.4038865430561045 126 140 155 3.3
141 -0.2620499387654002 -0.2996572107267919 0.3707383544618652 88 100 115 3.01
142 -0.05599462652186882 -0.2233717165794024 -0.01136363596522169 72 75 83 2.61
143 -0.4043007191400915 -0.3134314581422478 0.7520624823599673 205 212 231 3.75
144 -0.3343581027307668 -0.2690392101357536 0.5970619372841146 182 185 195 4.49
145 -0.2926602933912236 -0.2613309877363545 0.5804576661028465 183 189 210 2.64
146 -0.3382059974352253 -0.2705057330619919 0.5842814134902731 128 137 161 3.75
147 -0.3382059974352253 -0.2705057330619919 0.5842814134902731 128 137 161 3.75
148 -0.4316590504034595 -0.2579795177604297 0.8298024309427298 159 170 195 3.2
149 -0.4782348637887348 -0.2655126526922238 0.8661375289345251 100 110 135 3.06
150 -0.3043880695548973 -0.2106129006744201 0.4846067385244111 86 84 87 5.23
151 -0.3018652261274075 -0.2084176692751889 0.4817476498710144 58 56 61 4.92
152 -0.3499443996392698 -0.2164946155331661 0.6163815109910392 59 64 78 3.42
153 -0.3997610403234976 -0.2256326024751131 0.77136254239748 146 151 173 2.71
154 -0.2954572534413609 -0.1778836586208078 0.4553052384848096 58 58 60 5.83
155 -0.337487228852042 -0.1700841462608645 0.5894180062965045 64 62 60 4.02
156 -0.320848838833707 -0.1654432266539698 0.5462768246873252 107 105 106 3.1
157 -0.3496179215819001 -0.1668816582533565 0.6152340939242519 94 91 87 3.86
158 -0.4091137830134632 -0.1279972210258981 0.699937133214338 37 35 44 4.74
159 -0.241527458021464 -0.08716103183917495 1.211328346342879 147 144 140 4.53
160 -0.1893547710467481 -0.07825819809482712 1.308389892757074 101 100 102 3.63
161 -0.1847065706334833 -0.07682795663183112 1.310286637606359 94 87 84 3.59
162 -0.4059127034857335 -0.0904661334483266 1.195364569002163 62 50 43 5.48
163 -0.4490200348051887 -0.1033168518372828 0.7833330997721689 114 114 113 3.67
164 -0.4369004911656208 -0.101667889464719 0.754559528346025 65 64 63 4.96
165 -0.3791183677365673 -0.09342569956220663 0.6626056487077576 123 116 116 3.35
166 -0.5461021162154481 -0.07821782484451034 0.9974216742514882 113 113 121 3.5
167 -0.565979218453145 -0.08027588346306899 1.017627209249635 95 97 105 3.42
168 -0.3282128415606052 -0.07869635657529242 0.5674653572758306 117 109 95 5.61
169 -0.1235774557781993 -0.08491769031139192 -0.04317506221083944 44 41 38 4.17
170 -0.1141333632677856 -0.07029349510095001 -0.03415643539906132 70 68 68 4.16
171 -0.2663735452102236 -0.04326964246157623 0.4480186001666481 60 57 63 2.37
172 -0.3496608651820806 -2.594431605179234e-05 0.6299152745647663 126 111 98 5.12
173 -0.1436808222340067 -0.3880437696758136 0.2050300955416109 135 130 124 3.61
174 -0.149107502728661 -0.3892367592463652 0.2114874196588901 84 78 71 3.61
175 -0.1204312017359557 -0.3059447731156318 -0.023943377698079 137 125 117 4.04
176 -0.3264242497814162 -0.3845924558279531 0.4045527834449875 86 107 132 3.06
177 -0.3241658412062125 -0.3816127298169606 0.4027108225858936 90 108 127 4.35
178 -0.01274452515864524 -0.2152728782497026 -0.109318653605244 113 107 105 2.45
179 -0.01412434156412751 -0.2142488643627461 -0.1060860314793957 147 144 143 1.97
180 -0.01444578692083537 -0.2133296719225595 -0.1115096991785174 114 108 105 2.32
181 -0.01487968104081164 -0.210737763177689 -0.1049636304831917 126 123 125 2.18
182 -0.239886789250192 -0.290215222748576 0.3675363359430051 114 135 146 3.22
183 -0.04983663007742267 -0.2227444033469996 -0.006835998901642409 57 60 66 2.85
184 -0.3583334162912422 -0.3055763446215564 0.7142631628340708 152 160 178 2.85
185 -0.3392366458883962 -0.2982273910627795 0.6994687856996826 129 140 163 2.56
186 -0.3400697610618238 -0.2608537533848309 0.5837271207025515 112 118 132 3.94
187 -0.3238822334035263 -0.1716026662531784 0.5531500692438824 57 55 59 3.25
188 -0.3465497261058386 -0.1668045863032053 0.6200195092847665 53 49 46 3.28
189 -0.3670291140370666 -0.1552729412673785 0.6561163269750209 123 118 114 3.81
190 -0.3820603726909788 -0.1556963415506235 0.697482249821934 81 78 73 3.63
191 -0.4941700121636204 -0.139705171092499 0.8837428492257141 110 105 102 3.42
192 -0.3855574369109847 -0.1215330062043024 0.6665628488412596 111 112 123 3.99
193 -0.3604818164987366 -0.09455284717628076 1.190536883340605 62 65 76 3.91
194 -0.1320034769168792 -0.09187437819596966 -0.04192678055270133 20 16 14 1.4
195 -0.374790619557393 -0.07899534040692639 0.6920947286018869 94 79 70 5.78
196 -0.5877822651725904 -0.07703173702540222 1.057490954117486 84 85 94 3.54
197 -0.5400577072784767 -0.07695423119320061 1.012849817210777 106 107 115 4.16
198 -0.3236016768407042 -0.01113735145308502 0.592878961613022 154 144 128 5.4
199 -0.3435830371975968 -0.006591415792704294 0.6210257673176951 45 35 25 5.4
200 -0.1239622873736723 -0.3789910250633995 0.2062493439436404 112 115 122 2.39
201 -0.1248348745562179 -0.303042248152862 -0.02292324139651483 93 79 71 4.18
202 -0.3304533127510315 -0.3673899789088829 0.4051932267382992 93 116 134 2.79
203 -0.1217162345115484 -0.2894298887597805 0.1867514515877446 68 72 75 3.01
204 -0.1383593707733228 -0.2776163734916168 -0.05139159589468689 55 66 69 2.62
205 -0.2382905160650107 -0.3157749269763828 0.3751657616492876 182 200 224 2.52
206 -0.01043756965443626 -0.2222167225973465 -0.1110761389188559 119 116 115 2.14
207 -0.3077867434392979 -0.3316899847333996 0.4071936600066536 124 142 153 3.26
208 -0.3077867434392979 -0.3316899847333996 0.4071936600066536 124 142 153 3.26
209 -0.2519529884451269 -0.3056262877922253 0.3750959464577391 83 95 106 2.82
210 -0.3934179564041701 -0.2292298528607011 0.7753014294279609 205 212 229 2.96
211 -0.06661703518863704 -0.1580180241586476 -0.02140513644171002 69 70 70 3.02
212 -0.4796498571322216 -0.1682916585763098 0.9299081249844711 150 143 137 4.33
213 -0.403867912455933 -0.1498335644590097 0.7365079870140596 58 50 46 4.29
214 -0.4579254680884267 -0.1524786207969105 0.804646270947485 64 56 51 3.73
215 -0.4868999505894724 -0.1449693672037417 0.8850909652484561 103 97 89 4.43
216 -0.4398881555321058 -0.130259368043482 0.8088637156123569 87 82 78 4.44
217 -0.4485025705339599 -0.118268743264965 0.8465145649691609 107 89 71 6.74
218 -0.5536120422653047 -0.1216901525523489 1.017743008188714 60 57 68 3.13
219 -0.4384802374630656 -0.1107853400821545 0.8060006846825746 109 106 100 4.41
220 -0.4531380518218995 -0.1055463428054262 0.8496483747695601 107 104 99 4.65
221 -0.4378679358604034 -0.08469543450593468 0.8184163746148908 80 60 43 2.98
222 -0.4795200517299573 -0.09228390266309117 0.8953073409666105 126 124 129 4.3
223 -0.5750393789523134 -0.102402052092871 0.9538960653032446 56 52 50 3.81
224 -0.3630512004426357 -0.09418608247281873 0.6425335358143772 38 37 38 4.44
225 -0.4608541065908736 -0.08597034535322347 0.8665162619154597 117 114 121 3.53
226 -0.3845719487202161 -0.08314635028794976 0.6559289877136434 58 56 54 5.21
227 -0.4368853347027545 -0.08568120159779029 0.8021447448278344 85 84 83 4.91
228 -0.5121307549639831 -0.07645459630703272 0.8349276023589044 27 23 22 4.75
229 -0.3868760181026997 -0.06417450643208775 0.6981689826517945 88 79 79 4.53
230 -0.4776951783546971 -0.05750983134033129 0.8758365786332604 157 151 144 5.19
231 -0.5134992456613063 -0.05584007317145027 0.9075154231480843 132 126 123 4.12
232 -0.4993232542515889 -0.0468039069750282 0.8670697117880503 36 33 32 3.86
233 -0.3926721074292444 -0.03172296921876723 0.8340261452627672 43 39 42 4.71
234 -0.1550741152969898 -0.2984132183689021 -0.0512325310832468 80 66 55 4.52
235 -0.1550741152969898 -0.2984132183689021 -0.0512325310832468 80 66 55 4.52
236 -0.1358031077445731 -0.2906674812953374 0.1778006748662558 48 54 57 2.97
237 -0.02114566839317186 -0.2058469312548997 -0.09382185342375565 96 95 95 2.41
238 -0.3503495111437186 -0.2737229514263861 0.6134460118120648 111 116 127 3.77
239 -0.3485674676302298 -0.1580521146880524 0.6212881359412359 114 112 107 2.91
240 -0.3497090487773232 -0.1586548795280096 0.6228782535740935 118 116 111 2.97
241 -0.1669896062814798 -0.1280516588126997 0.3197038771614945 116 115 120 4.54
242 -0.3353365919291412 -0.1326880023195625 0.7263798111818862 98 96 92 3.52
243 -0.4449153952481893 -0.1432471762808438 0.8311649150729338 92 83 74 5.22
244 -0.4743319575846913 -0.1402384020938867 0.8277115397290985 90 84 79 3.3
245 -0.4645576394324396 -0.1167688179077413 0.8706402949909834 148 148 150 3.74
246 -0.4632297197818962 -0.105317511524321 0.8792435734157057 93 83 78 4.97
247 -0.4487075105212337 -0.07856714540253083 0.7657084552410954 51 50 50 5.05
248 -0.4700090579725394 -0.07143504066700918 0.8189801323124554 109 103 106 4.14
249 -0.5093159905626726 -0.06802027842561983 0.8892414937453562 114 108 109 4.13
250 -0.1648268736142373 -0.3260672081447566 -0.02234349525156323 71 60 54 4.34
251 -0.2963231972812298 -0.3478701241882335 0.4131692401977319 190 210 230 3.32
252 -0.236412525097085 -0.2910887829778756 0.3751625484414631 154 185 217 2.34
253 -0.06976562981404744 -0.210300387430229 1.273766487217256 159 158 155 5.45
254 -0.2496481504210856 -0.1811527444088202 0.4452999440885509 121 118 120 3.81
255 -0.3364632241993307 -0.1615192165969162 0.584238921783596 117 111 106 2.86
256 -0.3374094030937801 -0.22016755017825 1.190814568098447 180 167 152 5.76
257 -0.1309181080265102 -0.3468044149849772 -0.02749739312249405 89 81 70 3.36
258 -0.04984432380619103 -0.2154313817809343 -0.01352132653815949 107 107 119 3.3
259 -0.2686876650515611 -0.3768341700033592 0.3543666136550321 67 70 74 2.1
260 -0.198939422124102 -0.1349168766358248 0.3709704965564363 98 98 103 4.43
261 -0.5265593771579236 -0.07443152893300636 1.117572883583323 98 90 79 4.83
262 -0.5238492973615304 -0.06534175676897212 1.118802275031846 62 55 43 5.8
263 -0.5553987417239082 -0.1934585129346318 1.128671214770494 141 142 148 4.74
264 -0.5734998746455486 -0.1861762807329838 1.12810030495713 77 75 72 5.77
265 -0.5478618646411515 -0.1272287714364903 1.117914580878078 86 83 75 5.91
266 -0.4392819578919971 -0.1511175928624561 0.8598158081062092 146 145 138 4.98
267 -0.5751631807430211 -0.1889078271956801 1.110099410173668 215 224 235 5.01
268 -0.5556315804994986 -0.1730266504480377 1.117924384495446 164 161 162 7.56
269 -0.5289773659037365 -0.1472480908009466 1.129040305844041 124 121 116 4.62
270 -0.5486795108265178 -0.0787134136991888 1.109929981665647 98 92 79 5.4
271 -0.5189752562710982 0.01929598729415945 1.079160256759427 65 65 61 6.25
272 -0.5887822100990986 -0.2147530136610306 1.132998118302144 228 236 245 5.16
273 -0.4803111760852932 -0.1305537265116605 0.9450043797561977 128 124 122 5.05
274 -0.4243438696927728 0.02318474107393068 1.130908459508033 90 85 75 4.7
275 -0.4244677708457136 0.022301214964191 1.131390030857252 76 72 62 4.76
276 -0.4215205502106372 0.03275798771057043 1.119696017829011 88 84 74 5.37
277 -0.4749512009462192 -0.09632999401151091 0.9817226923013224 197 192 178 6.64
278 -0.4889475672585496 0.02410852792516577 1.105135699490779 84 81 71 6.08
279 -0.3759773815934432 -0.1720080400080007 0.6989087741319255 120 113 96 5.74
280 -0.4344123796412894 0.006806831459045003 1.130334619244971 113 109 95 5.0
281 -0.4502081280564606 0.03943296681382367 1.118849691961041 63 62 58 5.22
282 -0.5591166778976777 -0.1986312772978833 1.117678619245673 92 92 96 3.78
283 -0.4569557511685064 -0.1042002327928586 1.189834273063772 183 176 160 5.01
284 -0.5070562293321708 0.02155985423214372 1.112955090764812 107 103 92 5.12
285 -0.5363903071727866 -0.05096930680113824 1.09454494403209 84 78 72 5.06
286 -0.3188400332004862 -0.2021236180156104 0.5325469482395542 80 75 70 3.25
287 -0.4431687102747887 -0.2360132148722085 0.9009148961462073 122 124 127 3.02
288 0.08440974200196552 -0.1952981241917492 1.317004724876077 102 105 104 5.09
289 -0.3317355201953217 -0.218861985954397 1.191410022683813 135 137 136 3.78
290 -0.3430499983731277 -0.2126661016073474 1.185690182190697 131 131 127 3.72
291 0.1249750617866132 -0.1452016214538803 1.355494934335717 77 71 60 5.42
292 0.09092315737507752 -0.1486729541491496 1.315482921340833 98 96 88 5.56
293 -0.5706261194934178 -0.07061487804816766 1.13112590777138 74 72 63 5.71
294 0.01071631857295582 -0.01513776057568083 1.249925605344817 101 93 79 4.84
295 -0.4803044006360423 -0.02148708489473036 0.9320828106595499 110 107 100 6.69
296 -0.3979286743581582 -0.02326693516341383 0.7162279944052403 40 40 38 6.08
297 -0.3758990578228505 -0.01547652829686966 0.8046473483195707 169 165 151 1.76
298 -0.3758990578228505 -0.01547652829686966 0.8046473483195707 169 165 151 1.76
299 -0.3484752896819138 -0.01344044601203964 0.6297426853764375 81 74 62 5.41
300 0.00380401050355611 0.03436945382522956 1.286635614126615 46 43 37 4.78
301 0.007847477402796427 0.03400478159922589 1.26086081620927 107 101 96 6.41
302 0.0155691654410742 0.04555373230835078 1.251384831718225 66 65 60 5.11
303 -0.1823921800387316 0.04332199454969052 1.214414369357788 65 60 49 5.14
304 -0.2842680281434197 -0.2513255662062234 0.3873903519909082 87 89 90 2.68
305 -0.3726744508686487 -0.2783179879342204 0.6121896282869391 240 245 246 2.62
306 -0.3330080019738388 -0.2221781092247374 0.5052827381632595 157 151 141 2.74
307 -0.4937986156410162 -0.25875303663382 0.9420048436211806 216 223 226 4.27
308 -0.02435840513457602 -0.196119100295011 1.290583106716497 122 121 116 5.86
309 -0.2851999576618574 -0.2226908736658501 1.205613500251889 89 92 94 4.28
310 -0.3377613230397191 -0.2116291465030585 1.18909189058391 131 130 125 4.41
311 -0.1821737259133605 -0.1928383088246625 1.220278700395237 154 144 123 3.94
312 -0.4735635835809261 -0.2244972203186593 1.159054621056705 89 89 90 3.92
313 -0.2490910882025464 -0.1804645404395845 1.157491702104486 172 172 164 3.03
314 -0.4723258493347302 -0.1790106385383753 0.921580591940608 178 170 158 4.87
315 -0.4876474644504448 -0.1821813665629224 0.9411145508504718 190 182 170 4.69
316 -0.5505667835774928 -0.1589367744222004 1.097829692184398 140 138 136 2.4
317 -0.486160642006167 -0.1444433723253874 0.9628968533085936 110 102 93 5.26
318 -0.4899453852422988 -0.1405989318933158 1.161086766359196 126 103 72 4.26
319 -0.5544460042259387 -0.1377294059109964 1.127701378258632 108 111 109 5.14
320 -0.2918712212595699 -0.09467857070764581 1.176896633463378 87 73 57 4.44
321 -0.3469610565629809 -0.04115593518715448 0.6269251703927341 80 75 67 5.81
322 -0.3768427143961315 -0.03530229870553864 0.6569941241066234 89 89 86 3.92
323 -0.01245797252900294 0.01024654265478891 1.273172781899139 52 55 50 6.89
324 0.0006358163281812157 0.01703771632215449 1.240272592351679 58 61 53 4.19
325 -0.4399736963236004 -0.01031874890883483 0.8688612357023121 52 47 39 5.7
326 -0.1930804985709899 -0.2892781509127102 0.2431301222612217 119 122 121 2.43
327 -0.1902805521015744 -0.2520972854216361 0.2673595154143076 92 93 92 2.36
328 -0.2883804196256878 -0.3020072342150078 0.4302027109432128 180 196 203 2.46
329 -0.2848203397659352 -0.263749199972748 0.3676465061705626 114 118 117 2.22
330 -0.3102957992836886 -0.269907723152162 0.4138720898454423 105 110 108 2.5
331 -0.256880731717899 -0.2409684292668131 0.3307500114709779 111 112 111 2.61
332 -0.3299571262924764 -0.271751118966183 0.5225814703737558 242 246 249 2.42
333 -0.3472940313071642 -0.2585064096042825 0.5820329989857755 233 242 242 3.7
334 -0.2846527927106424 -0.2175864658020811 0.383201100696818 66 69 69 2.75
335 -0.3706653920441493 -0.2504629860131055 0.5991797510707747 140 147 149 3.99
336 -0.3160258661295926 -0.206173240878555 0.4768365643802402 122 119 111 2.72
337 0.106043221102677 -0.2329365937826942 1.461541117563686 226 228 230 4.53
338 -0.3337324466131697 -0.2103487088637603 0.5137515047022173 162 152 140 2.39
339 -0.2021240151785113 -0.2456935963309355 1.226468185573333 196 200 203 4.84
340 -0.2083872238279984 -0.2313917081923634 1.227847342780271 119 122 126 4.18
341 -0.3087992169201303 -0.1791298260687663 0.4653247302614267 51 50 54 4.23
342 -0.2789379176492646 -0.1813734894032542 1.181028835748814 109 112 107 4.23
343 -0.3178315198372266 -0.1773390435072241 1.169396317877677 136 136 131 5.04
344 -0.3180098615164924 -0.1789813614353692 1.171608845543557 144 144 138 5.22
345 -0.455850091041895 -0.1515486614662236 0.8802676819818228 147 135 121 4.63
346 -0.4361281816093948 -0.137319691464156 0.8767240534447119 108 95 84 4.07
347 -0.4612173788218831 -0.08598865490792207 0.8650203302180289 138 136 131 5.27
348 -0.2056829177523201 -0.06993572464706489 0.3008783383625955 102 99 91 2.67
349 -0.5055698315791151 -0.06523732875626559 1.16241636564015 60 61 55 5.19
350 -0.4706143787512101 -0.06866818230172886 0.8898032286948038 108 108 104 4.53
351 -0.3449821404276031 -0.03180438317245328 0.6165970900758694 54 53 42 5.67
352 -0.1836528670884215 -0.2937769850100964 0.2373376902958754 104 109 110 3.26
353 -0.1652670489704361 -0.2649842316265116 0.2065441993764342 78 82 80 2.93
354 -0.2981430389243366 -0.3324338660013362 0.4158740425813947 82 97 105 2.36
355 -0.176720182821743 -0.253814355976514 0.2497918254684048 108 111 109 2.9
356 -0.1829931431690583 -0.25155359327678 0.2448103351264569 133 135 134 2.3
357 -0.2965852506358404 -0.2754077263336698 0.3747448948927204 103 107 106 2.43
358 -0.3517271351887495 -0.2547309658730744 0.6137506799050032 147 147 146 3.33
359 -0.1858688173432924 -0.1812475871786933 0.2549179183388446 157 159 156 2.47
360 -0.1606807744692451 -0.1520966344854306 0.2072367276672997 107 110 100 5.0
361 -0.2724080994417541 -0.2576339187704582 1.197111455210811 124 125 125 4.38
362 -0.300668224474527 -0.1912852220486497 0.4624082697392846 109 106 104 5.29
363 -0.3091463224441532 -0.2166208880186811 1.217397004228944 71 79 84 3.85
364 -0.5753097819454149 -0.1793927259651087 1.144402988727725 153 152 149 4.79
365 -0.5167632092699418 -0.08972947795933449 1.158368331468281 85 79 64 3.86
366 -0.1792048448363354 -0.0643011601079877 0.2465883281220692 92 95 86 2.49
367 -0.04847092999077096 -0.0002062155649939085 1.243563601088552 105 106 106 3.12
368 -0.03009717445485802 0.01146367447594855 1.284820527693883 69 63 58 5.68
369 -0.3744101780034349 0.01496682210624774 1.173546105921337 48 43 38 4.85
370 -0.1727580452102221 -0.1622987765702661 0.2253631021601291 99 94 83 4.45
371 -0.3865450898317498 -0.2385748190211524 0.6433728072146926 144 143 134 4.14
372 -0.3390908304194526 -0.2134745134226526 0.5229394613640671 170 159 147 2.57
373 -0.204794423597386 -0.2581999394846671 1.222646732819972 133 135 132 3.66
374 -0.1976095344111941 -0.2560254994250336 1.210632497527691 143 144 140 3.22
375 -0.3366342353200089 -0.2073527729235003 0.5401533791387434 157 151 140 1.98
376 -0.4520506278619378 -0.2347055384283803 0.857102969926033 152 152 159 2.88
377 -0.4349131134216946 -0.1126849843414884 0.4537418736569594 30 33 32 2.76
378 -0.3308404888440425 -0.09890612156635144 0.516212977975529 108 105 104 2.74
379 -0.3387285779965109 -0.09667424867848125 0.5407951001396913 111 109 103 2.89
380 -0.3124817815783163 -0.07685131404959408 0.4980471107596259 118 109 96 2.52
381 -0.3303152563994458 -0.06643733204270147 0.5324339608768784 159 150 132 2.47
382 -0.34735175571669 -0.2287190252353655 0.5539009254999743 182 175 165 2.75
383 -0.1860793637835544 -0.1558977801800422 0.2426883534667166 120 121 114 2.67
384 -0.02725943927810218 -0.213694809721291 1.319912677006627 149 141 125 5.67
385 -0.3287240088823257 -0.1817175660227422 0.4933872976782114 167 158 138 2.63
386 -0.244073634034549 -0.1950240717395011 1.204472563162359 121 117 106 3.88
387 -0.3403252391288841 -0.1942319712235886 1.185433944056605 65 68 70 4.99
388 -0.1962706921623291 -0.09105288493045052 0.281540947740309 103 106 104 2.67
389 -0.2185850659898426 -0.08844657709557305 0.3264988928980951 114 115 112 2.54
390 -0.6302320959984826 -0.05003089680287658 1.190634534423878 44 45 43 3.99
391 -0.4800615567390127 0.005791168215806657 1.133480972878157 122 117 104 5.44
392 0.06478496090055155 0.06766801438617173 1.293907853638919 68 65 55 6.14
393 -0.4015744287617322 0.0571627880843317 1.157818834586547 107 101 90 4.52
394 -0.1770948590978539 -0.2500441147288476 0.2156846351266084 76 79 78 2.56
395 -0.3269179684293561 -0.2646305199348059 0.5269785177395288 140 139 136 2.31
396 0.08909480147665548 -0.2127412065995117 1.355246195131818 71 74 71 5.97
397 -0.1841352086540406 -0.1948079316418149 1.22451447732015 154 150 135 4.06
398 -0.2662210284663483 -0.1552315121046001 1.188633056745984 139 133 123 4.49
399 -0.401042009925735 -0.09760930619178089 1.166658565712454 126 122 105 3.38
400 -0.1690926394351843 -0.0649478466850934 0.2257585752923734 81 80 75 2.57
401 0.03541420383185828 0.02199480456533275 1.272980917620941 108 106 95 6.45
402 -0.5244774727949297 0.0209723100557682 1.100414869527751 61 60 56 4.32
403 -0.4806847920813135 -0.2440683388766162 0.9368388382352241 144 140 137 4.22
404 -0.5243890389782171 0.01364052185071418 1.059201948139476 57 60 56 2.76
405 -0.2953193318433058 -0.3360111706264294 0.4246657313560828 108 111 116 2.38
406 -0.2885964160978468 -0.296157450526339 0.4176083098265274 97 102 102 2.65
407 -0.2091905739351304 -0.1429823017551813 1.192877313270958 124 118 106 5.63
408 -0.5845233903227224 -0.1966452128921489 1.126434343181888 149 155 158 4.27
409 -0.6127200581179617 -0.2022776025829852 1.15363922173565 144 149 152 5.79
410 -0.2460960501869596 -0.1471873600412379 1.191529367276744 140 139 130 4.75
411 -0.2914838271785486 -0.0943966751551838 1.189454563092762 130 120 100 3.2
412 -0.3578723526770557 -0.08050595382995329 1.193952705911898 65 61 58 5.63
413 -0.1989261103668628 -0.0620788091816333 1.221443813503866 112 102 96 4.07
414 -0.2086771480454457 -0.02723531911985229 1.081632245296735 123 121 103 2.25
415 -0.2533575582794627 0.02113243513332831 1.189663885893666 57 54 46 3.72
416 -0.7669740505711929 -0.00138301001177199 1.201420770316131 114 108 103 4.96
417 -0.3520639918028987 -0.3018859722598843 0.7004614366979494 222 229 240 2.88
418 -0.1510464404482658 -0.224463423214654 0.1574941274529328 69 73 70 2.47
419 -0.1437318987848628 -0.2597190288174938 1.253221603995768 240 236 226 4.76
420 -0.2831135722801788 -0.2361731775717644 0.5103713371417812 202 201 207 1.36
421 -0.131905787780224 -0.1899338265846508 1.184212018431335 126 123 112 2.96
422 -0.3320100056033511 -0.2086648579824063 1.2208228268059 90 90 86 5.1
423 -0.2699283122428279 -0.2005990313879181 1.217816527735998 163 160 151 5.0
424 -0.347497623205817 -0.1981008168347426 0.7285328573605336 176 175 172 1.67
425 -0.2353622141189697 -0.1791974251887859 1.146029774065197 170 175 170 2.17
426 -0.4018777019822523 -0.2074248442292872 1.167793278669019 74 79 87 3.26
427 -0.409570018396994 -0.1972238283004575 0.8784048420593483 177 179 178 2.59
428 -0.5723128714311932 -0.222625525369092 1.153149300174335 243 244 247 3.44
429 -0.08626669432253753 -0.1414212190169294 1.236405226002471 106 105 96 3.45
430 -0.1930937045318607 -0.138223251544154 1.189821581997574 151 125 93 4.38
431 -0.4034580464244364 -0.1597985811575817 0.8516326432432489 79 78 74 3.01
432 -0.5581575956040531 -0.1669545083250965 1.142532338220922 93 92 92 4.87
433 -0.4076095658783171 -0.1436171286844855 1.179620698416587 124 110 88 5.7
434 -0.2232183569513265 -0.1010212643493983 1.229190966594143 108 104 96 4.02
435 -0.3399552994831873 -0.1269016904587689 0.5936268344950461 103 89 68 5.22
436 -0.2107147206721388 -0.09592280375280446 1.2105412268953 113 113 104 3.11
437 -0.5280577470111875 -0.1186899564288216 1.135067028368722 80 72 60 4.57
438 -0.5260233323687939 -0.09706052324954183 1.147025222778942 144 138 128 4.75
439 -0.4739349998534507 -0.05182097228066768 1.151468266913544 165 154 132 2.39
440 -0.06132157286731493 0.03356197617441794 1.233957676947654 139 137 130 4.5
441 -0.8867730167606943 -0.001631852646802726 1.285557870901584 139 133 124 4.75
442 -0.3826254235979588 0.03068921541839358 1.135583166436689 96 92 82 3.8
443 -0.3075174830384754 0.004873493861949626 0.5346954860274765 184 151 102 6.05
444 -0.3815595149745626 0.02407077026848762 0.791320956769643 152 148 139 2.05
445 -0.1375151268560098 -0.2746364205158245 0.2136051364473334 97 99 98 2.27
446 -0.139702410449818 -0.2367794676686904 0.241414630826293 104 106 102 2.05
447 -0.2613794071767552 -0.2497322347916933 0.4745096068584878 235 236 239 1.69
448 -0.2765686208516187 -0.2455092221890651 1.205569212859271 133 140 138 3.93
449 -0.2061023582145291 -0.2309185270162425 1.222089043684516 123 128 134 3.99
450 -0.4795992812106668 -0.2510603043671163 0.9387271684724995 167 165 163 4.72
451 -0.2767602775862852 -0.2024927944035353 0.4384076762081283 101 105 99 1.75
452 -0.3739290382584123 -0.2243116405380196 0.768078941621512 126 127 128 2.17
453 -0.3532087369278065 -0.2085205598921495 0.7423857350885193 235 236 237 1.86
454 -0.526186555787542 -0.228496789747301 1.184603325799981 155 153 157 4.71
455 0.01888631743762076 -0.1231191328127884 1.249261023619735 138 111 76 4.65
456 -0.3886919503819177 -0.1899024395852421 1.154114526806898 126 123 120 3.96
457 -0.3160527075284341 -0.1808555866244504 0.6509594208581724 163 160 144 1.76
458 -0.1474749190049545 -0.1456378127681191 1.2278609086679 121 114 97 4.97
459 -0.4963136787105937 -0.1809275110340934 1.098145142606556 218 222 229 4.32
460 -0.4072580882668423 -0.1598327741701419 0.8740478984268548 115 110 103 2.15
461 -0.5278574537301698 -0.158142676803554 1.115272446315468 102 101 101 3.95
462 -0.4611157805058163 -0.09833167953822029 0.8640030332423961 99 96 90 4.0
463 0.01334597795262793 -0.01928611519237026 1.24741016389256 106 98 85 3.02
464 -0.4815826760925314 -0.07868477821319494 1.019434996422232 98 96 85 1.99
465 -0.4692746473952278 -0.03080987772648681 1.131503938952935 127 121 105 5.76
466 -0.3440579149263605 -0.06006001068036609 0.5644895775474075 130 122 109 3.09
467 -0.5846834094919081 -0.04547947402276458 1.054063127231122 169 163 155 4.19
468 -0.5074090089577818 -0.02295768676506992 1.120923968120548 103 107 105 4.34
469 -0.2279732083869023 -0.03836010797976132 0.3858131702802826 78 78 76 5.77
470 -0.4982706212856552 0.01120479314456625 1.091142727031239 97 98 85 5.66
471 -0.4980025384147104 0.01681740015116751 0.9685886009595278 131 125 119 5.95
472 -0.3794348164887325 0.005092614376239986 0.6629799663985306 139 132 121 5.56
473 -0.1387000818910092 -0.2833273872947392 0.2175254513851127 124 129 127 2.66
474 -0.1201883530679458 -0.2501423549455197 0.1915279668439768 148 153 150 2.83
475 -0.4195167544249239 -0.3038842944508754 0.7697389244268827 239 244 249 3.02
476 -0.2679278070229961 -0.2593661929515838 0.4934001396059658 248 248 251 1.47
477 -0.2705330404125086 -0.2497326466063972 0.487669761155738 161 158 155 1.6
478 -0.2578830830792501 -0.237640569765625 0.4742718864890203 181 175 164 1.69
479 -0.3149367016105625 -0.245525907948029 0.5626324248050312 126 129 138 1.91
480 -0.3081545207465965 -0.2444548786292183 0.5577335757313743 148 152 162 2.13
481 -0.1807074928241417 -0.2396287393843121 1.228661036742686 161 161 176 3.09
482 -0.2098685572303734 -0.2426513392161284 1.231221976174702 159 159 165 3.02
483 -0.3680374066094032 -0.2440329558557089 0.5308173758028808 79 78 79 4.22
484 -0.460801026545436 -0.2338185366222708 0.8370794534840186 238 239 242 3.75
485 -0.460801026545436 -0.2338185366222708 0.8370794534840186 238 239 242 3.75
486 -0.2698964192161947 -0.1952655202956455 0.4547466693298285 157 151 139 2.24
487 -0.05138968369141389 -0.1374022983666796 1.247311837065833 60 62 58 3.07
488 -0.670630570295251 -0.2317202195865048 1.107680048049458 138 123 107 4.49
489 -0.4943023665142894 -0.200668166366216 0.9722145288581346 164 162 169 3.46
490 -0.5067548545732201 -0.202167092797771 0.9858512702787617 184 184 187 4.07
491 -0.1390463924273659 -0.1461489786334831 0.1992588846641932 156 156 146 2.23
492 -0.6540022988638972 -0.2164886043275348 1.062953893317979 75 60 48 4.6
493 -0.4994868086641113 -0.1984941328979101 0.9585495069922426 152 149 140 3.4
494 -0.4878116190946454 -0.1918566818879182 0.9421111879095428 189 178 163 3.78
495 -0.5817059248635795 -0.1918954520049262 1.119756855992314 226 233 236 3.3
496 -0.4941381011138298 -0.1345100377113383 0.919200918096854 100 99 90 3.71
497 -0.4230085322723426 -0.06485328734536372 0.7892253990717247 141 138 129 5.56
498 -0.07882269847327966 0.01328032102796134 1.375991350260807 51 48 38 4.96
499 -0.4027689726939448 -0.01718663292291256 0.821006402409464 97 95 88 3.26
500 -0.4998637556412144 -0.01239897713747375 0.9302846294105119 139 138 131 4.28
501 -0.4884926067959748 -0.01263187005927773 0.9190049658902749 108 108 105 3.69
502 -0.1542043916188896 0.05922282723231401 1.23779647369568 73 68 58 6.37
503 -0.672176780332584 0.01187849600980428 1.061701113264495 46 43 38 5.01
504 -0.5628826765734108 0.01897031251777705 1.020916846917729 65 63 58 5.82
505 -0.1620150475398882 -0.2755748513144162 0.1660206364948843 116 120 119 2.48
506 -0.1326735763988138 -0.2166225497171276 0.202310767241374 74 75 70 2.23
507 -0.1463274513547221 -0.2524497465492511 1.266201816790111 128 122 110 4.03
508 -0.3530633173696549 -0.2688488785172392 0.6023807631158052 233 239 243 4.49
509 -0.2091121633091388 -0.2369551573402711 1.251436920423855 192 196 202 3.56
510 -0.3947288086273567 -0.1859375120291082 0.8375819765852374 127 124 118 3.06
511 -0.4745386859477777 -0.1760681078283774 1.147510290422904 102 99 96 3.68
512 -0.47563242674909 -0.1808989819083426 0.8787090460734751 192 187 178 3.51
513 -0.4687579148875598 -0.1658809032082733 0.8835804086056177 132 130 123 3.08
514 -0.4555485680342133 -0.1535480320853008 0.8562907851759988 126 116 109 4.31
515 -0.4555485680342133 -0.1535480320853008 0.8562907851759988 126 116 109 4.31
516 -0.5292333902812699 -0.1280623698850726 1.012372841466531 137 131 116 5.82
517 -0.4897667306081444 -0.09011401726829596 0.9097017582586483 138 138 134 3.63
518 -0.1995866376305158 -0.2380641494273016 1.280230430730659 182 184 187 3.72
519 -0.2159808159693445 -0.2056065826287292 1.210200644305511 124 120 114 4.13
520 -0.4895967803062415 -0.2486240628631443 0.9597268056062712 172 172 177 2.38
521 -0.5455377969593939 -0.2231527837510483 1.187583307841993 237 243 248 3.32
522 -0.5605572348222391 -0.1462147605663137 1.129759599091593 122 125 122 4.12
523 -0.3925763361456011 -0.03379584140310972 0.7373568212693332 156 152 138 3.22
524 -0.3393759274693663 -0.008312243393571863 0.5222184111172672 178 174 161 3.08
525 -0.2382522502359141 -0.3007069233066892 0.388332785435753 134 136 135 1.71
526 -0.2693749386118368 -0.2206672107678402 0.4742213136576182 142 135 121 1.8
527 -0.2668036926296011 -0.1547601116854483 1.188415765040286 139 133 122 4.9
528 -0.3216537344007607 -0.1306556591717286 0.6426631081929134 142 139 135 1.93
529 -0.3925738309497074 -0.1216507940137488 1.151850343014395 136 126 109 5.2
530 -0.02877442503655916 0.01580784810306307 1.24727538661109 140 135 125 3.56
531 -0.4175853774308163 0.003074085500692506 1.141396955909778 62 63 61 3.62
532 -0.5082965635814886 0.003730906175895318 1.11233263009965 97 97 90 3.56
533 -0.1352916023343554 -0.2183844215992158 0.1951868758758647 136 138 136 2.59
534 -0.451051609414088 -0.2020053060330681 0.8758855613452671 117 114 119 2.78
535 -0.5787126586932676 -0.2039889259818014 1.143909322362668 93 94 102 3.53
536 -0.3987229990470685 -0.1569047498818908 1.157939439230715 127 119 106 3.21
537 -0.4636761603591724 -0.02306665967326153 1.123541530646902 112 110 104 4.29
538 -0.2182003040781264 0.0006868017212366892 1.075442417082393 116 115 109 1.87
539 -0.4332059499334167 -0.235563870124022 0.891812124493495 163 158 153 3.81
540 -0.4586672372435932 -0.189489827657694 1.05916166482851 237 246 250 2.92
541 -0.1625577597026497 -0.1272713500398824 0.195905366097311 102 108 106 5.59
542 -0.1625577597026497 -0.1272713500398824 0.195905366097311 102 108 106 5.59
543 -0.3269163492286895 -0.08677003932179034 1.174573897921903 88 87 84 4.5
544 0.1435133768590967 0.04624154506138525 1.317640572399537 81 75 63 7.3
545 0.02507942684508949 0.04569671085767082 1.260683106336126 73 74 74 6.06
546 -0.4283517223012963 -0.2157105889191402 0.8211292664619653 187 168 144 5.35
547 0.1486499439207964 -0.1485904985452538 1.341254159286573 134 131 114 5.15
548 0.01699602789751983 -0.1332562918890983 1.263257452287265 138 125 103 5.61
549 0.02255976277527372 -0.1332072589813307 1.250500036039145 75 74 67 3.6
550 0.2137710673896357 -0.1045855581010297 1.400992297750808 118 118 117 6.03
551 0.1738665375685664 -0.07450781437817852 1.351782303505285 110 110 103 5.41
552 0.2145468622765709 -0.04998681642098943 1.364722652020209 96 98 94 5.37
553 0.2115284304507608 -0.05093971168130113 1.378846265750235 113 111 106 6.26
554 0.2254892934169109 -0.04115242735654881 1.336165737998579 46 48 48 5.73
555 0.1641477622511707 -0.04550707007268649 1.348536782204977 114 115 108 5.4
556 -0.460100463728194 -0.01939429656002201 0.8957604142088212 139 130 120 6.97
557 0.04983325292613794 0.03139505052549917 1.261984265007662 70 69 66 3.74
558 0.07260287610426328 0.04638401367358169 1.27932341640391 133 133 121 5.11
559 -0.3646358597370427 0.04263815851795613 1.146487525258363 86 81 70 5.87
560 0.1477072088323307 0.06363129771677213 1.314151905689579 71 68 59 4.7
561 0.1641021630643794 0.0907425092362308 1.334421424132983 46 46 42 6.36
562 -0.2338640611920246 -0.1533591205365625 1.224647584257939 152 147 131 3.31
563 0.05577858778230671 -0.1107154923669773 1.123546233172104 66 63 58 6.6
564 -0.2941190686574394 -0.09164570124522339 1.182962001897584 88 74 56 4.79
565 -0.3867913883959141 -0.09203802965609842 1.154756555785452 153 145 130 2.56
566 0.177551386457491 -0.05006591788822518 1.342616167062394 96 85 67 6.14
567 -0.4570467466903252 -0.0919617902075875 1.180834477778482 210 204 190 2.2
568 -0.4761468506021692 -0.05386441595988591 1.136681499355893 160 142 113 3.19
569 0.1651059749155188 0.05475061993517881 1.325891058227565 78 76 71 5.14
570 -0.4959947899968991 0.05064044505749005 1.192468268810694 34 32 34 3.21
571 -0.4559365050861834 -0.2297031179690993 0.9022400798259153 163 150 129 5.67
572 -0.6017092260746633 -0.2005042906376796 1.182303689852776 146 145 147 3.61
573 -0.5090454230886476 -0.1325679348779911 1.185763735462992 76 71 69 3.79
574 0.184721147585251 -0.05171258279501689 1.475689722595135 37 39 38 5.59
575 0.1686124208085523 0.0059568764115134 1.313027392008425 89 94 94 3.23
576 0.197030745452871 0.005082258684532024 1.258849043381844 42 44 43 3.77
577 -0.5368898236813321 0.01819086140910603 1.136483955448654 69 65 57 4.88
578 -0.3403407349537335 -0.169855277574411 1.165141122199615 166 147 114 5.3
579 -0.006057549405217161 -0.06687159528063258 1.236599959877516 84 88 89 5.03
580 -0.02188609884953766 -0.004952048540868682 1.23197115635625 128 124 116 3.99
581 0.1526514018882628 0.05333774981485918 1.277959585141066 60 61 54 5.4
582 0.1576488834562945 0.06684125831104359 1.340800666607443 116 116 112 5.75
583 -0.5388839402085469 -0.08707371683243766 1.119495799186417 37 36 37 4.92
584 -0.4110889612910251 -0.06017404754992074 1.186837659778121 179 164 124 2.94
585 -0.5937834844991956 -0.04857052719532122 1.143979149486261 43 43 40 4.22
586 -0.3363283524130503 0.02467113446196157 1.157930701046015 80 76 68 4.46
587 -0.3399518107761818 0.02240577479809464 1.174878570002538 56 53 50 3.44
588 -0.2761161398055326 -0.0960501226342203 1.196098932029206 151 146 132 5.22
589 -0.479504236300394 -0.05695366192965174 1.089852917641761 153 142 119 4.09
590 0.1681376789934916 -0.01039909657792796 1.311575970346726 140 140 136 4.42
591 0.1594269067024172 0.04145606256038122 1.319236435966519 119 123 118 5.66
592 0.08521398466782198 0.05710941813449617 1.287819911074154 42 46 46 5.56
593 -0.5222272389985492 0.06387956046985588 1.234005281768512 66 41 40 2.05
594 0.1304429229625735 0.0402499533676919 1.30672193071371 112 113 107 5.84
595 -0.4130377188848402 0.02139723172543029 1.264192981891732 150 150 141 1.22
596 0.1483969889110725 0.08800954841641102 1.326613093520732 23 26 25 6.65
597 0.1833004256552347 0.05628756161576676 1.340429956640991 63 63 55 6.84
598 -0.0237408875713159 -0.1628403849279627 1.26999820894189 94 90 88 6.16
599 0.03696588481947738 -0.07528389179553051 1.282406158232105 144 144 137 5.7
600 0.1664247002989959 -0.05424609354699288 1.338059555496342 102 101 100 5.42
601 0.1628986413549537 -0.0618695465952071 1.336733095387595 101 101 95 5.32
602 0.06465630044772805 -0.2050552537079297 1.330724274753989 75 76 75 6.2
603 -0.0254545237544509 -0.1677948351874978 1.288769863343271 105 105 107 4.54
604 -0.5380399920493473 -0.05724121570025632 1.193954502163201 51 52 49 2.22
605 -0.4725021086611026 0.002163754981435645 1.130104649528099 90 89 80 4.61
606 -0.4394632356610716 -0.2059385609540358 1.180061163731854 84 71 61 5.48
607 -0.531820957317704 -0.03766877120385306 1.163568441428399 117 109 93 4.03
608 -0.2776491211959113 -0.2616169066778994 1.210420767869091 131 132 132 3.17
609 -0.4854001526498187 -0.2067212181680805 1.152582935544324 79 85 94 3.84
610 -0.03288934007661998 -0.1773515064598737 1.279171252161396 118 120 121 4.95
611 0.2202357788565879 -0.1484870666253216 1.420325804253467 114 119 117 6.38
612 0.05666657042656531 0.06307562775027575 1.301329975921967 24 25 22 5.94
613 0.06383567298424481 0.06781496922679141 1.295437526972755 74 71 61 6.13
614 -0.2532117181411522 -0.2360477042101086 1.206063289895719 99 105 113 4.45
615 -0.2768477493887176 -0.1261031364556293 1.200958463920458 137 127 108 3.3
616 0.1699771430446816 -0.1606288931967154 1.343421848564153 212 215 213 4.54
617 0.1970926966278431 -0.1339108832103594 1.397166882560709 149 151 151 3.6
618 0.2058241269860381 -0.0375800047024698 1.421833652672452 98 97 94 5.59
619 0.2117784520125264 -0.02872906970991887 1.311337629844436 103 101 94 5.87
620 0.1387690790279938 0.05782512934604601 1.323024164060682 44 43 39 4.22
621 0.1955615473022261 -0.1093462681716496 1.435460018797256 95 97 93 4.53
622 0.1884072030436634 -0.08851128964534516 1.388908008657317 112 114 109 6.18
623 0.02903512700667521 -0.06798552475254477 1.285770297925538 151 151 139 6.47
624 0.1694616687934258 -0.04944984717939862 1.331237210752273 94 93 90 5.25
625 0.1670396522880301 -0.04239699947606129 1.333412236875841 93 89 85 5.54
626 0.2209168178955763 -0.03203800892519923 1.33866369663295 40 46 45 5.0
627 0.1872673861402211 0.07292408351503306 1.376605065539607 58 52 44 3.03
628 0.1399156609808577 0.06570178861314824 1.31079543216075 48 47 44 6.15
629 0.1574250494092035 -0.1770332736912634 1.363199208209416 139 140 145 5.4
630 0.2162445191633758 -0.1366513768763291 1.358802269156064 98 96 86 5.29
631 0.1949038995046031 -0.1088765437827975 1.403639437659258 48 50 48 4.57
632 0.213249521919935 -0.1001546371174221 1.420369715314068 49 51 45 2.79
633 0.215533912695571 -0.1017017747838385 1.371608656451649 68 73 76 4.56
634 -0.02602866760083503 -0.07104908540812227 1.261836846289246 160 157 148 6.05
635 0.1662526801500622 0.01886200979217128 1.322011848301027 71 66 60 6.15
636 -0.006041036391952748 0.01674481644722489 1.269798854503627 120 121 113 4.64
637 0.1888662024518855 -0.1265993498214386 1.393451845987998 90 93 97 6.95
638 0.1972513688128177 -0.1116098129252633 1.379156492994633 86 88 84 4.26
639 -0.1594928167302126 -0.2516550434939762 1.290904474182157 104 93 73 3.91
640 0.1622271285145446 -0.06221806254145375 1.330897454717757 154 153 148 6.02
641 0.09016429268570891 -0.1882317114640097 1.330036878475976 126 129 123 6.06
642 0.0890584593743371 -0.05200574403954909 1.351645233493427 137 112 70 3.06
643 0.1441023857997062 -0.09534175644079455 1.32380182959854 45 47 46 5.78
644 -0.1365784180129559 -0.2460502101524319 1.241404435903068 128 123 115 6.76
645 -0.1909138020813072 -0.2439374513686612 1.196563590469568 126 123 120 4.96
646 0.1144543071291445 -0.1371597446516321 1.321952338371852 104 96 83 5.88
647 0.187883122907603 -0.09162560450210805 1.3650447283413 126 122 116 6.0
648 -0.3536520458290635 -0.07496483622230918 1.192772670672534 93 89 79 5.33
649 -0.4074985171783919 -0.08624993587181413 1.183577037782468 151 143 122 4.97
650 -0.4196556664155765 -0.06839207989520826 1.05714482865923 67 70 67 3.6
651 0.1984091829494543 0.0476641072492793 1.334589446114424 44 43 39 5.25
652 -0.4954992572497 0.01327938881392397 1.155494667279479 96 90 78 5.8
653 -0.1702710581388039 -0.1661304740289781 0.2481167388026499 113 127 120 5.13
654 0.09817947796348017 -0.1909169631553885 1.340504955792965 105 106 103 5.89
655 -0.3331040920672281 -0.2273394691059412 1.245971514675944 78 78 77 5.11
656 0.1961483000645295 -0.1506665445459779 1.369600124349379 117 118 121 5.96
657 -0.3901280183581297 -0.2300899379628916 1.237177386320795 79 79 75 5.22
658 -0.07899061089469683 -0.1438669309263984 1.255911738861947 132 127 119 4.79
659 -0.3114367068662232 -0.1408438667124784 1.152782343328864 88 83 74 4.6
660 -0.2956756130690973 -0.08427253742084466 1.166416038072434 143 124 94 6.0
661 -0.4250545086130655 -0.08795042052063756 1.160248446295708 115 101 77 5.91
662 -0.09525057213436577 -0.07872912857535164 -0.01151744571005978 89 88 84 6.39
663 -0.3097107824527796 -0.1479698939003808 1.203641922993515 96 91 80 5.03
664 -0.06587755626619385 -0.1510869952928846 0.01026516239273234 48 45 42 5.64
665 -0.07939729135935431 -0.0883337425195977 -0.005123330256838282 75 73 67 5.58
666 0.1513836102789249 -0.1346799927364042 1.325713459083246 118 114 104 5.77
667 -0.07391468537080997 -0.07863973344113295 0.01605624587904866 126 118 106 5.87
668 -0.1694358300254952 -0.2279798748380155 0.2034768538538571 64 66 65 5.59
669 -0.3405126573613066 -0.107641703990896 1.210646586676214 57 50 46 5.18
670 -0.3393816065060381 -0.1934958565174343 1.181006940013544 63 66 70 5.14
671 -0.03183494112889654 -0.1413034636432615 1.261384318027291 101 91 74 6.01
672 -0.3198310578018345 -0.1737047611219489 1.198218810588415 106 105 104 5.23
673 0.1366693109421835 -0.1035571801922304 1.310032865812909 153 152 147 5.97
674 0.13556771352711 -0.1057026438950133 1.316253703430451 154 153 148 5.47
675 -0.3611418244477844 -0.1206903397035837 1.275713750329745 115 109 85 4.5
676 -0.4587783767608536 -0.1259060793295113 1.189416541376919 136 129 111 5.39
677 -0.3181259002661523 -0.05629684064794685 1.194954549757357 163 145 106 5.25
678 -0.3344752925167498 -0.05446005971643812 1.219415437101688 140 124 92 5.03
679 -0.3355441870256594 -0.2392976561140503 1.219974608447852 116 118 124 5.02
680 -0.2556342923249042 -0.1833745936770493 1.271907747675546 146 138 121 4.12
681 -0.120545771450591 -0.08127754519078935 -0.01575875476464197 116 118 111 6.62
682 -0.3393895072634114 -0.0968042120363275 1.142982927229961 131 123 107 4.94
683 -0.1068590309585828 -0.07902383492079554 -0.01426017632418203 55 57 51 6.17
684 -0.1267824223561321 -0.0797251728397684 -0.01939745243910743 74 74 70 6.64
685 -0.1267824223561321 -0.0797251728397684 -0.01939745243910743 74 74 70 6.64
686 0.1412103986766272 0.05839826568267575 1.317945490839762 33 34 31 5.07
687 0.1042188615231831 -0.2331586440968103 1.429184213811874 119 119 129 0.82
688 0.2064667222489593 -0.156832944873015 1.383478726897651 156 156 160 5.27
689 0.1518261244651361 -0.09996511601987255 1.35709425905048 58 64 62 5.52
690 -0.2588153258406523 -0.1936076213364218 1.162126546250862 90 92 92 5.7
691 -0.3222172809748285 -0.1741376879756303 1.170269866035622 105 104 100 5.83
692 0.1034884048122732 -0.1352369735040954 1.322595558286627 124 114 92 4.81
693 -0.3178173177395363 -0.1667209701383215 1.068008037085926 95 99 99 3.93
694 -0.3803854758674811 -0.1771363883920102 1.14710623712701 97 99 96 4.75
695 0.1833926368679995 -0.1002112536415145 1.352478377422847 79 80 81 4.25
696 -0.5799222504315014 -0.1389274790182896 1.148544170074674 77 81 84 4.46
697 -0.1542644461067827 -0.07865335223065156 1.25103087149301 153 160 162 3.97
698 -0.1949730950155736 -0.07695821299004586 1.197850338012653 140 138 132 4.23
699 -0.08968585270019153 -0.01316670312610542 1.224888946808496 140 134 123 3.46
700 -0.3279084705460859 -0.02965377609761895 1.165913999052953 51 50 48 3.49
701 -0.2058422053392724 0.009810594230078906 1.278613471857374 117 111 100 6.83
702 -0.2667634661185643 0.0171113366756035 1.228956864249907 97 99 93 6.23
703 -0.379989367838103 0.01881259286169638 1.173568151506598 65 66 62 3.76
704 -0.2035505760873272 0.05742289202965074 1.196856251335968 90 86 79 4.92
705 -0.5159726590055776 0.04177458880950628 1.104488563877813 47 47 44 4.02
706 0.08239017348266434 0.07607507936925981 1.25125926178822 75 76 70 1.73
707 0.144294533398683 -0.2002781181080336 1.334342866809821 234 246 251 1.09
708 -0.05909976280714213 -0.2149311922219896 1.269091048772863 45 54 67 2.28
709 0.1538079438537484 -0.1368851341329925 1.36253273371923 132 133 126 5.55
710 0.09925118709909529 -0.0846814539321878 1.331960761279267 142 142 138 3.65
711 -0.1804813073881666 -0.09981152556126598 1.255885326037245 114 112 107 4.11
712 -0.2140091832365416 -0.03372657141366728 1.020347738436472 122 111 87 3.47
713 -0.3666894469884254 0.0142924668643109 1.146885844204778 36 35 30 4.36
714 -0.1411810407887706 0.03900079489831836 1.214321227386488 104 102 93 5.59
715 -0.3684171162069765 0.03135386717192063 1.154949331688898 68 63 53 2.58
716 -0.5452320230239546 0.0394527421058167 1.115035658845945 36 36 32 6.07
717 -0.146180220835664 -0.247287221089231 1.267046614366365 141 143 146 2.93
718 0.05745967813827041 -0.182272559825312 1.323968937369324 54 60 66 3.41
719 -0.08293418431667759 -0.1462820692262546 1.248245091064959 118 117 109 5.0
720 -0.3744661181854896 -0.1387815872605536 0.9470497189221395 93 95 100 1.96
721 -0.4424842493840864 -0.09263623280933493 1.004661919231207 123 125 118 3.29
722 -0.4185227455303679 -0.08948531375782584 0.9779853321010149 112 114 108 2.55
723 -0.5795421940993621 -0.06777826171534915 1.123813016684741 78 78 77 3.8
724 -0.5085792614602808 -0.02355898355408139 1.135154254339568 52 55 56 5.67
725 -0.1822454108086411 0.0440960716964946 1.199214242036391 48 47 42 5.31
726 0.1343833185212661 -0.214474494080658 1.295592080734572 221 231 235 2.42
727 0.1643096156126596 -0.1865845575567533 1.319018987173056 231 241 246 1.38
728 -0.2583493493562616 -0.08747321673451569 1.19862207718509 107 92 70 4.18
729 -0.2567920646332739 -0.08524346227034107 1.193689212826852 100 88 70 4.49
730 -0.3959362931293465 0.03146163512902995 1.325976430536435 80 76 69 4.96
731 -0.1728238041405366 0.04644833942042108 1.205636484895465 114 117 115 3.81
732 -0.3884335381453329 -0.1169759541020362 1.183978907106133 56 51 49 4.42
733 -0.3391710422745686 -0.01720939055439444 1.140462905936199 136 131 124 5.72
734 0.1798808455463197 0.03222563162896309 1.329634317802612 26 30 27 6.52
735 0.1633362844464976 -0.1448006237323732 1.360459788879909 104 103 101 5.23
736 0.03904867332658699 0.02777835059023518 1.269369408045111 148 148 141 3.88
737 -0.3892518437841118 -0.08388837527758915 1.16231686242011 135 117 95 5.07
738 -0.09953986447095309 0.06527105425138861 1.210311782422357 86 81 68 3.39
739 -0.3927415875596307 -0.1024274996903822 1.175766226085372 126 102 77 4.64
740 -0.3709164170882466 -0.08119870260382508 1.167135558783633 135 113 89 4.44
741 -0.531351806162513 0.007383714568378191 1.118510482281004 88 85 78 4.16
742 -0.2878935643205411 0.03242503099735265 1.166027263398061 115 112 105 3.99
743 -0.2507775056610121 0.03343562562759563 1.175981925818345 103 102 93 4.08
744 0.1395231365652083 0.06568670502598098 1.300616158672172 120 116 115 3.39
745 -0.3887512521920194 -0.1527084336114003 1.151725283430428 140 129 114 5.51
746 -0.3954488445946228 -0.151195357977691 1.185249239348059 98 93 80 4.4
747 -0.4576155053618244 -0.008446395004911135 1.128104160273144 89 84 70 4.81
748 -0.1245895408145568 0.05004085620399465 1.224378758612162 72 66 62 4.01
749 -0.04943251934459264 0.03232623214070675 1.243355858826512 120 121 119 3.1
750 -0.04958179007919028 -0.1288392413572382 1.258662224794275 64 61 57 4.8
751 -0.05201835153406448 -0.09714729637033166 1.270122924265032 24 23 22 4.31
752 -0.2240900457200167 0.008438032636606824 1.21155976628652 81 75 68 3.57
753 -0.5152617183344056 -0.1280065593672091 1.503859488982747 160 154 135 5.26
754 -0.1528803454260165 -0.1728476174706015 1.225319593610468 154 139 102 2.85
755 -0.1738565565421178 -0.08403697615629542 1.210399093728639 171 166 152 6.38
756 -0.01802526759646128 -0.05310017097199117 1.272328762534444 75 75 75 4.67
757 0.1164672149376415 0.04991253907390858 1.302195703818846 52 54 52 6.85
758 0.1370924557900985 -0.2027884168100965 1.356536445591849 236 248 253 0.64
759 0.04108770637889914 -0.1742359739762391 1.288062281853196 122 126 123 4.71
760 0.1976090031884297 -0.1521260154434191 1.36066179171546 156 160 165 3.01
761 0.1859604413732138 -0.1179670617039177 1.363181783819036 97 105 119 3.43
762 0.2140989186397967 -0.04318239419389502 1.370255175700737 96 97 96 4.82
763 -0.3100944454682327 -0.00640507520819204 1.180411112637549 111 115 113 4.22
764 0.0486094056315273 0.02598701203871038 1.596481005172731 35 39 41 1.3
765 0.1634919836671656 0.03936407780807563 1.251837707365349 84 83 68 5.51
766 0.03257116415174721 -0.06876299996294399 1.237192239818272 100 93 79 5.41
767 0.1944875873647119 -0.1213226849749199 1.364451499640358 96 102 110 5.49
768 0.138479553060001 0.02533419380952996 1.35548379915917 52 56 62 1.74
769 0.1955857235721172 -0.1307213826897252 1.361108002787025 227 224 228 6.68
770 -0.2525261606471096 -0.02582934003853155 1.184197176933036 110 113 113 4.75
771 0.1454455651551528 0.01965593394067402 1.311829869957726 34 38 38 4.71
772 0.001449240001549112 0.02961646779495782 1.256229767435424 94 97 90 3.41
773 0.01270578998468957 -0.1382269062787283 1.293158966549817 26 31 33 2.09
774 0.1724562379050194 -0.08742698255843701 1.404009323859774 144 143 147 2.67
775 0.1843504962203067 -0.08676151107233185 1.358139855784003 157 157 153 5.34
776 -0.2972986495720238 -0.08073560660077242 1.198659531738521 112 92 69 4.23
777 -0.3028014678318754 -0.2715545706452654 1.274255416414881 166 170 161 3.4
778 -0.4360961339379623 0.05311169144925212 1.127620157058023 108 106 99 4.55
779 -0.4350383877123043 0.0537635446430647 1.124249706473057 99 97 90 4.29
780 0.2216885243765254 -0.1450053770140066 1.458351538256764 189 186 184 5.97
781 0.05806385128975869 0.03760791808107712 1.277142366890996 153 148 129 1.12
782 -0.2097546718145004 -0.2423623011660385 1.295853440128368 172 161 175 5.59
783 -0.4774166942716641 -0.1908424560050565 0.9581568917590456 209 207 215 3.8
784 -0.4466772496338351 -0.02419589308379039 1.176938809900059 117 113 112 3.08
785 -0.4881233920143633 -0.1551670656581955 1.189527271561812 94 90 82 3.93
786 -0.53248331339975 -0.236719198420491 1.205229465394561 182 183 195 2.76
787 -0.3816384726364657 -0.1855131369856853 1.167971768498875 87 86 88 3.42
788 -0.3509550367273527 -0.16116542238477 1.205664816025898 107 102 93 3.87
789 0.05643083375711105 -0.1403302429486237 1.2942502175324 121 116 104 5.4
790 -0.4501595895947427 0.004333230427888041 1.163131888471998 114 109 96 3.96
791 -0.3789370765996125 -0.1162024141674505 1.172581092577513 73 64 59 3.79
792 -0.3270323908461242 -0.1250476389371737 1.256452541088585 72 65 62 4.68
793 -0.5211783128783375 -0.06452602580683023 1.160889481373821 38 42 38 3.88
794 -0.275752797570137 -0.1175042905379933 1.213732598360989 132 127 110 5.29
795 -0.5209000602116534 -0.1470768417919256 1.01808709466781 103 102 98 6.17
796 -0.4205510016559781 -0.1470185454129456 1.212569553472871 120 105 84 5.66
797 -0.3576599271783242 -0.09284619456529307 1.177994551747173 180 162 133 3.71
798 -0.2827615794361694 -0.07495115113648305 1.221213114361906 166 160 138 6.21
799 -0.5405039466469396 -0.04380785657305971 1.217525034192018 62 54 39 5.24
800 -0.4452229300288719 -0.03997732803152693 0.8437862867925837 161 155 139 6.46
801 -0.3405687435941671 -0.1995979317481552 0.4851198678204739 48 44 46 5.51
802 -0.5900104485161176 -0.2206681026166194 1.009664388936257 121 104 92 4.82
803 -0.6052594442917636 -0.2017502908638726 1.200404384319992 232 237 242 4.79
804 -0.3112898707321614 -0.1073799468142147 1.196111310294746 76 68 60 4.8
805 -0.475311737414283 -0.1030631010515399 0.8447013877386494 109 107 101 4.24
806 -0.5544875417126315 -0.08263642377461418 1.109622450968706 45 44 45 4.71
807 -0.4541324193956606 -0.2594842975550598 0.5648784844636729 100 103 102 4.05
808 -0.4001632784534584 -0.2571473386002955 0.6216024645681517 171 178 179 4.58
809 -0.4651339690750596 -0.2608519883466203 0.6647744100696789 147 143 132 4.08
810 -0.4706719740515052 -0.2245153795895325 0.700561050661098 222 218 202 3.96
811 -0.5351843965757666 -0.120709130537948 1.048880774033155 109 109 102 4.91
812 -0.4497760479394142 -0.08303626526866918 0.7816765390574413 116 106 102 4.26
813 -0.5210495736152021 -0.08037051904983353 0.9432208403914323 116 115 111 4.57
814 -0.6277485861248219 -0.09636393728912923 1.192038435375774 35 40 42 4.16
815 -0.4520261316116361 0.0009004927807687198 0.8365686990758002 120 98 82 6.47
816 0.2171211749556261 -0.1098930463426555 1.406945062140997 50 50 47 2.89
817 -0.4161142768422113 0.007359448662162028 1.137939882381736 46 51 47 5.05
818 0.1647778492560069 -0.1260053825154774 1.335693269110856 126 119 108 5.7
819 0.1697848505546703 -0.1169437625108363 1.30979273866265 113 106 95 2.3
820 -0.4216796641001991 -0.08651597635922295 0.8823250553718375 170 153 137 4.53
821 -0.3114600965146158 -0.1808856175451994 0.4560368812904214 57 59 57 6.29
822 -0.4584494692353107 -0.2507267872843857 0.8502181536689909 146 149 157 4.93
823 0.03761251924244696 -0.05044731301368777 1.246574544105598 71 69 62 2.38
824 -0.7907107936051535 -0.06630232722566635 1.342897301566326 67 66 61 4.89
825 -0.2999798691567785 -0.1812416252311944 0.4621027516575206 119 114 107 6.41
826 -0.02145747973237985 -0.1351030191492646 1.271709136960467 61 56 49 5.48
827 -0.3733213986145391 -0.1195776797240899 0.6771677139240108 142 140 142 5.13
828 0.2079505386597739 -0.03215962004903332 1.356473957616108 41 45 47 5.32
829 0.2044732786687864 -0.01811150764121863 1.390575178668814 18 26 25 4.51
830 0.2058589422340535 -0.01215298867845409 1.334681360207784 50 44 44 7.14
831 -0.3452415532025926 -0.04062380837737557 0.5747550493927193 85 84 77 5.28
832 -0.3115864421720008 -0.2276189791780837 0.5050915694688233 163 156 145 6.16
833 -0.320838609739942 -0.02367237964372943 0.5309071574306774 42 33 25 5.41
834 -0.4654708835942407 -0.009226372591552722 0.8157690348836769 41 37 31 5.43
835 -0.3518128923825159 -0.2737835878371982 0.6143286773133648 113 118 129 4.18
836 -0.3085713208213795 -0.1717926993601152 0.4932264507685532 183 174 155 6.47
837 -0.3085713208213795 -0.1717926993601152 0.4932264507685532 183 174 155 6.47
838 0.1028107313746351 -0.1528994445242038 1.319461122392899 63 58 49 4.92
839 -0.4071221807504118 -0.007816737245160084 0.7853788333352786 33 32 30 5.09
840 -0.2832136822350075 -0.08713735888498707 0.4508291848624042 166 158 148 6.95
841 -0.4511490707238548 -0.2399771406372011 0.8431598622246274 144 149 150 3.77
842 -0.1021164327650301 -0.2843347529807339 -0.01358319342547742 154 166 151 5.05
843 -0.0856110644511664 -0.2779139420839241 0.01994499888611764 108 109 108 5.06
844 -0.0856110644511664 -0.2779139420839241 0.01994499888611764 108 109 108 5.06
845 -0.09895093673432948 -0.2472477407822919 0.06083915484006844 138 136 134 5.36
846 -0.09058786094840671 -0.1995918569262965 -0.0133654090902269 50 49 48 5.39
847 -0.1194065385132601 -0.2015558427251875 -0.03019267807436177 45 44 43 5.56
848 -0.0579543654894345 -0.1803926318076939 0.03265068124220541 118 115 108 5.71
849 -0.4664099834284555 -0.2874829347226704 0.7891393292317507 172 182 194 3.07
850 -0.07883121419341077 -0.1805524450624551 -0.01729243175648074 90 99 94 5.52
851 -0.3423647127328716 -0.2293777284824697 0.6916006768224268 181 174 162 2.5
852 -0.08710197970308653 -0.1652873359328563 -0.0184807571638243 98 98 96 5.03
853 -0.1128362419924929 -0.1695980672458596 -0.03433512088615753 95 93 89 5.81
854 -0.4838662201124697 -0.239188613329799 0.933644872974923 142 142 145 3.46
855 -0.1056436018583294 -0.1585696611111708 -0.02854971990825794 104 106 103 5.93
856 -0.4825109734625895 -0.217860354096122 0.9417081851254417 161 153 146 5.17
857 -0.2579154878008699 -0.1655540655509861 1.264750010139352 143 140 133 4.42
858 -0.7004040792957583 -0.2392535875516875 1.359099636611694 166 169 174 4.82
859 -0.3059912819902375 -0.1610776964670888 1.243015845666722 99 92 78 4.19
860 -0.2106851799615194 -0.1490521276723148 1.257719870582498 127 123 113 3.38
861 -0.4604545785238676 -0.1943216317370416 0.8774616946293828 147 134 121 2.42
862 -0.2624315278508323 -0.1564692455191458 1.20959254133722 184 181 168 2.99
863 -0.4912801230076376 -0.1862927366217928 0.8808910858976039 184 178 167 3.6
864 -0.3881635193367314 -0.1700191156981614 0.8330567973247104 186 180 172 2.51
865 -0.5288592826748066 -0.1819056722852218 1.266387409663532 125 123 113 4.42
866 -0.1161506559365516 -0.1256116573319208 -0.03153780366990369 46 46 45 6.04
867 -0.4113405820189157 -0.148503440761842 0.7250422871228285 139 130 110 3.33
868 -0.5088813504441035 -0.147848080310316 0.9871919230654876 186 182 172 6.09
869 -0.05356115940736811 -0.1037258954165503 -0.001309644586003217 96 96 94 5.93
870 -0.3882374931773506 -0.1137620542013245 1.250448890480259 96 89 78 4.14
871 -0.06009971816580456 -0.09790649062382507 -0.002412952352071923 79 77 74 6.13
872 -0.2508593654139812 -0.08777847817595973 1.230552474964436 145 140 133 4.6
873 -0.455343650031501 -0.1216345355472783 0.8057252264835867 167 161 152 3.85
874 -0.5666648625318181 -0.1259962147134784 1.190869892461272 155 152 139 4.81
875 -0.1085113566407248 -0.1025917657665129 -0.02852758179488302 81 77 71 6.1
876 -0.135862291152585 -0.09612544770528732 -0.0347403391268167 60 56 49 6.27
877 -0.4629578425793651 -0.08405205520212528 1.152495358925437 58 52 48 4.47
878 -0.08103059190240547 -0.08380388086558552 -0.004420752255414051 104 100 96 4.41
879 -0.07877684698470078 -0.08253646767444769 -0.001505980958225156 94 91 87 4.33
880 -0.3480737393037715 -0.07355970198348033 1.217484849830999 86 78 67 4.32
881 -0.07737494637861253 -0.07956110720588974 -0.002234680305167352 70 68 64 4.4
882 -0.3934739020483228 -0.06049790553533145 1.139632014718408 94 87 84 6.36
883 -0.5044093441118452 -0.0792288744246884 0.9781609217477004 167 159 148 6.67
884 -0.4404339929418319 -0.0699557643541107 0.958353356601049 89 88 83 2.34
885 -0.5356641423469289 -0.07168162103655573 1.03254561671484 110 108 103 3.86
886 -0.1693045016775518 -0.04764104816909474 0.2593971406866347 104 101 96 6.53
887 -0.3989145992523558 -0.04766521682836366 0.7059028062286576 147 141 115 2.49
888 -0.3913831014117601 -0.04370462310031253 0.6789862661315831 204 196 183 2.37
889 -0.3689601455659987 -0.04230689205327624 0.61122687948947 157 151 135 2.18
890 -0.435829342971053 -0.02379049234178669 0.7426370630949 166 154 133 3.95
891 -0.3939005477575699 -0.02955761118416829 0.6782797081724868 167 157 132 2.4
892 -0.3926843765867847 -0.02701191658535599 0.6846214464222654 192 184 157 2.28
893 -0.4185076694159701 -0.01333574358684847 0.7513215548933568 133 122 112 4.71
894 -0.3936916009500258 -0.02056048400544919 0.6857109193044134 187 183 165 2.42
895 -0.232662465133936 0.05692405870852388 1.274244249043148 76 72 63 3.5
896 -0.3535845503739947 -0.01573415354407182 0.5635486930641571 195 191 176 2.24
897 -0.3411909345788895 0.03162019568320338 1.15557678219033 117 115 106 4.19
898 -0.3534194203493958 0.03640924239426611 1.172757305926452 98 95 86 3.02
899 -0.2427429766891874 0.05995595697356847 1.26881933788683 117 111 99 3.98
900 -0.3477442182534037 0.04686833309817864 1.226396973162037 148 146 137 4.28
901 -0.3958436190011998 0.002044105591936574 0.7048716017380563 186 181 163 2.54
902 -0.4336648399531017 0.04584111937286028 1.183501256150664 70 65 59 4.74
903 -0.4743566948307079 0.03745103636584596 1.042913227919462 67 68 61 3.33
904 -0.09867208973932856 -0.2803357503802849 -0.01278579408011607 73 66 51 5.14
905 -0.2913159304554852 -0.3603787433053907 0.3714222470361856 214 218 221 5.74
906 -0.08737359706973497 -0.215848032527387 0.02812933186430663 53 56 54 5.12
907 -0.1235261683427174 -0.1890605230333702 -0.03899765379287645 109 105 98 5.64
908 -0.3056850329317944 -0.2314973114841523 0.6073580860347674 144 130 113 6.1
909 -0.09193551775343234 -0.1702418475512346 -0.01892685192164095 100 99 99 5.16
910 -0.4943838216272699 -0.2241381766051481 0.9613153355883522 233 237 240 6.4
911 -0.4444266340588927 -0.2187173950497623 1.194813151198642 88 91 93 2.54
912 -0.2004542181759937 -0.1602992725493054 1.208407587173794 151 140 127 5.97
913 -0.5547930769956679 -0.2174936472086396 1.202926448269483 100 107 119 5.54
914 -0.3529564922904866 -0.1785162653611581 1.167327943142097 131 136 138 4.27
915 -0.1776059086179578 -0.1361881973154365 1.23331522248181 157 125 86 5.58
916 -0.5727999564195526 -0.1801100840610774 1.117986127120361 162 158 156 5.4
917 -0.4415066262645851 -0.1652356768814847 1.04264190873382 180 173 175 2.47
918 -0.2565497543135828 -0.1164675249047686 1.263899933658823 197 188 170 3.7
919 -0.4903087656168189 -0.139363313955299 0.9481822510107062 117 106 95 4.01
920 -0.4627081723151014 -0.1163932826048515 0.8525108722205542 144 141 130 4.79
921 -0.475589899945585 -0.1168930844226986 0.8678638863866369 139 136 125 5.01
922 -0.4857599319213096 -0.1136455665101157 0.875344477149414 157 153 139 6.89
923 -0.4041784814136155 -0.1151267420205963 0.7234366164451574 194 187 171 2.27
924 -0.1228864279379512 -0.09098514426667495 0.1813694178485908 34 36 34 6.18
925 -0.4230328983854716 -0.08552510204656635 1.186704386893626 116 108 92 5.66
926 -0.3351011454311836 -0.09699683437360544 0.7043310139494982 205 201 193 2.23
927 -0.4519734301181221 -0.09999562988561947 0.8372492003034503 110 108 105 3.84
928 -0.4433642836116399 -0.09630636234289001 0.8251747478873005 94 88 82 5.2
929 -0.4087038588656541 -0.08983636441810099 1.271027709331785 130 125 108 3.67
930 -0.4716198798616501 -0.1005103934174764 0.8764843372692414 125 120 113 4.55
931 -0.5244539613351573 -0.09832232274598021 1.010199544155291 149 144 140 4.76
932 -0.2981224439487257 -0.08301044842059462 0.7561989110374173 154 150 147 4.22
933 -0.4547197600741958 -0.09140728662803978 0.7974579795634319 188 186 178 3.84
934 -0.5007495946229734 -0.08702049653983474 0.9057847959388402 125 120 115 4.04
935 -0.5007495946229734 -0.08702049653983474 0.9057847959388402 125 120 115 4.04
936 -0.5333288265357203 -0.08675494810575289 1.00986110108523 152 150 147 3.39
937 -0.4062119342518359 -0.08203833621880838 0.8780033626611424 163 160 156 2.49
938 -0.4889785090791682 -0.0809029725722893 1.022335523330363 110 108 100 2.46
939 -0.3786687190288733 -0.07421667794392531 0.8209547204625128 115 110 109 1.97
940 -0.3149757295393871 -0.05372787908813574 1.196770913496035 154 138 109 2.92
941 -0.2416609144221175 -0.03727590185419708 1.20890284274273 164 147 109 2.97
942 -0.4891795328318982 -0.06733475711006126 0.8746019672275843 138 135 128 3.99
943 -0.4594465771935448 -0.07182935417451022 0.8639608674007399 193 184 172 2.46
944 -0.5109037115582159 -0.05947674724926739 0.9928945271575517 150 143 134 6.63
945 -0.6074419914094815 -0.07079767336316337 1.091300826685476 154 146 135 5.59
946 -0.5891190596650475 -0.06805063018684179 1.049782614776015 127 124 113 6.16
947 -0.1127394438961028 -0.07340646319312209 -0.03078494078901436 89 92 89 6.27
948 -0.0996981999535404 -0.07212458029261933 -0.02259902108464507 91 92 92 6.15
949 -0.5512983405271991 -0.05664054485804532 1.039078511417791 169 165 158 3.99
950 -0.270542133280662 -0.0169579153832259 1.157308285895679 72 72 70 4.13
951 -0.3608608593174577 -0.06104866355890828 0.5929668337613837 187 169 145 2.35
952 -0.5935662499568327 -0.04676710984546553 1.063003236901921 178 171 161 4.88
953 -0.4006099687009852 -0.03057455354966596 1.177256560477417 145 140 132 2.74
954 -0.4140396787484624 -0.04009519237408292 0.8992590010936062 129 127 120 2.96
955 -0.5241725039357695 -0.03820470252370851 0.9629318915077504 141 141 138 4.24
956 -0.5940625750189118 -0.03902619323755303 1.052076515262426 123 116 106 6.2
957 -0.5940625750189118 -0.03902619323755303 1.052076515262426 123 116 106 6.2
958 -0.6086329106799309 -0.02912545756409102 1.098324663145661 125 119 109 5.75
959 -0.396698712034728 -0.02987160442312237 0.888578928546368 116 113 108 2.55
960 -0.3734678170679935 -0.04520829474539575 0.6268216625182204 187 180 165 2.23
961 -0.5199086568837187 -0.02648986550354431 1.04414832075363 44 44 40 3.2
962 -0.3834276725171526 -0.04262396410335677 0.655129292472647 174 166 150 2.23
963 -0.3834276725171526 -0.04262396410335677 0.655129292472647 174 166 150 2.23
964 -0.4386611282696945 -0.01229556740438512 1.172733313896226 109 112 107 2.75
965 -0.490328993549684 -0.01615982652943647 1.018741576429806 98 102 99 2.81
966 -0.424733509664639 -0.02003071599852298 0.9090378737399446 135 131 119 2.39
967 -0.4829261248311001 -0.008575053029676205 1.168704331396701 99 96 85 2.99
968 -0.5492774134200793 -0.01170429032698482 1.009040039870033 144 142 138 2.81
969 -0.3892481472286561 -0.02304578255224576 0.669928457308857 169 157 138 2.24
970 -0.1908750579753995 0.04309202418450388 1.207293128668133 45 42 37 6.3
971 -0.4822603555847609 -0.00187018658798414 0.9172905779456936 120 114 103 2.21
972 -0.4822603555847609 -0.00187018658798414 0.9172905779456936 120 114 103 2.21
973 -0.3740509726850088 0.001320890266489596 0.8216050456692711 102 100 97 2.53
974 -0.6203147437095975 0.01317551962416665 1.074061622898341 123 114 104 6.93
975 -0.2835358659674518 0.03968294555926256 1.167899847732811 95 94 87 4.34
976 -0.2858018725160795 0.03985572212950878 1.170149405971211 86 78 66 4.65
977 -0.3869363273864334 -0.01252841170562194 0.6578782137621609 105 98 85 2.28
978 -0.2373532784543019 0.04083643439786776 1.169664082047361 136 125 112 4.37
979 -0.3497433204201289 -0.01499976089010107 0.553479198073132 207 195 180 2.31
980 -0.3497433204201289 -0.01499976089010107 0.553479198073132 207 195 180 2.31
981 -0.2612995927571226 -0.2236037320292298 0.5014218090036676 224 230 233 3.35
982 -0.3281799345441627 -0.2312276746164483 1.210279185014022 108 106 100 2.91
983 -0.3512849227002982 -0.2131787381748668 1.240523427977079 121 123 127 4.19
984 -0.435866957362252 -0.2302610264634912 1.211511822948019 85 87 93 2.67
985 -0.2297225508750805 -0.1682196096964733 1.233932834984856 129 125 117 4.5
986 -0.2289447097320342 -0.1444788410032094 1.221169961225405 112 116 115 4.47
987 -0.2382871262626923 -0.1517451687859771 1.214931458149785 176 164 136 3.06
988 -0.5087003322064155 -0.1865301372435223 0.9159872559991772 203 195 184 3.67
989 -0.5044096415408149 -0.1773462159283432 1.091205758294295 156 158 163 3.36
990 -0.3150732082696069 -0.1418274538430007 1.135683824890742 105 94 87 5.01
991 -0.4348278173724686 -0.1615082100281549 0.8291020061868647 105 102 95 4.64
992 -0.5199351179267291 -0.1508617784650327 1.171658437028966 71 71 68 5.94
993 -0.3909754760869317 -0.1328142604469981 1.210706440968444 82 69 59 4.56
994 -0.446940923259705 -0.1138989500326811 0.8377026305017973 176 168 147 6.28
995 -0.1269036384571952 -0.1003014584060226 -0.04582257478814639 85 83 77 6.09
996 -0.4196892666027037 -0.1135412007051595 0.6660702525148932 116 107 91 2.86
997 -0.5272627822936827 -0.09140377839533737 1.17957574496179 109 98 79 4.75
998 -0.09494690667752842 -0.06360743632114907 -0.01376501849088169 76 79 75 6.14
999 -0.511988503612086 -0.04276470843071649 0.9324522562131107 128 128 122 4.14
1000 -0.3726811067790323 -0.05208009757177002 0.6293413821252218 165 156 140 2.32
1001 -0.3787091891332506 -0.003348232379623103 1.150782875413783 89 89 86 3.67
1002 -0.3770336757055613 -0.04556578949533714 0.6399645696716793 158 151 135 2.29
1003 -0.1909427746567211 0.022006829877543 1.233854480694806 60 56 53 4.56
1004 -0.4769608763714461 -0.0007877353914353194 1.16311296454224 59 62 56 2.6
1005 -0.2725218147564549 -0.0186560152537423 0.4517111815865338 105 100 89 6.62
1006 -0.3509721114576294 -0.00370762261512368 0.767814057765252 112 114 107 2.35
1007 -0.3807649019810549 0.02917042383510145 1.074968166070288 127 129 122 2.49
1008 -0.3422862913106778 -0.01855890194545705 0.5300186862359697 197 189 175 2.33
1009 -0.3470261043953545 0.03372035277533372 1.048632478952065 99 98 88 2.8
1010 -0.1220725856941521 -0.01691878162149034 0.1219112899229 34 34 31 6.64
1011 -0.3010356977275961 -0.2723987738112971 1.27185800044529 157 166 166 2.57
1012 -0.2781584877295489 -0.2599913528447609 1.234247753620508 238 239 246 3.7
1013 -0.3936307971013485 -0.1499477904547203 1.175962350462427 109 105 96 5.56
1014 -0.4371270720218324 -0.1550210461402584 0.8239277541462827 141 127 113 5.18
1015 -0.3097455607109597 -0.1355106198686643 0.6430983494786904 180 169 139 2.38
1016 -0.3194246342825955 -0.1212279522917227 1.090498229155821 86 78 66 2.92
1017 -0.1822833272537639 -0.1139276553917364 0.307970536884227 104 105 103 6.35
1018 -0.3926765446542829 -0.108054544497155 1.172391587905559 54 51 45 5.21
1019 -0.2509659809197435 -0.09030231548929292 0.6044124546386616 121 120 107 2.61
1020 -0.1694050283932298 -0.08782097529205896 0.2569258266287918 24 25 24 6.64
1021 -0.1250155985639035 -0.06711590968616357 0.1767245337175281 91 108 101 6.32
1022 -0.3596251028272398 -0.07794571093231711 0.5821506755710186 82 78 68 2.27
1023 -0.3707824159546697 -0.07399469950077257 0.6212631481794912 75 69 57 2.26
1024 -0.3707824159546697 -0.07399469950077257 0.6212631481794912 75 69 57 2.26
1025 -0.3387232879486999 -0.02568516558496326 1.245840617669446 89 91 90 2.46
1026 -0.3974429202512734 -0.05574952808847185 0.7265523741398647 103 90 71 2.45
1027 -0.2771376520697242 -0.04633952257439854 0.4541816627068026 121 117 114 6.99
1028 -0.3788317217667596 -0.05993200434669782 0.5228332719287193 118 119 124 3.16
1029 -0.3672929199501025 -0.01382197854396437 1.229310220143906 110 100 80 3.89
1030 -0.3966191447752364 -0.04880181804925966 0.6931968742358118 142 134 115 2.34
1031 -0.6700032258181625 -0.03359520960810469 1.169935144233861 125 113 91 5.39
1032 -0.2756668914675399 -0.02878290548655136 0.4508833305486654 97 94 89 6.6
1033 -0.2856247468164014 0.009357425702153838 1.2348479525123 103 102 95 2.82
1034 -0.2822676016061302 -0.0283532224878981 0.4745958440281728 102 99 92 6.83
1035 -0.2807272282341209 -0.02498968522226378 0.4724663860041892 112 109 103 6.52
1036 -0.1866171066274793 -0.2290268160067435 1.060559224822157 242 251 253 3.38
1037 -0.2290560346207718 -0.2122718894121821 1.243594493058751 143 138 127 3.09
1038 -0.3343195918090507 -0.2222310146569896 0.617586446949112 216 205 185 4.93
1039 -0.2954458893559413 -0.2031735316935432 0.5701836407403219 136 119 100 5.27
1040 -0.0805806109988732 -0.1454445594668747 -0.01403222566638457 87 90 90 5.99
1041 -0.4398098486146444 -0.1277525073751434 0.9909622141250888 74 77 82 2.23
1042 -0.3494735353004483 -0.1094535318113724 0.5644877927587069 185 179 159 1.96
1043 -0.3887353178152109 -0.1054808850937498 0.6798352408063562 189 176 146 2.1
1044 -0.722829498024816 -0.103131053194684 1.526724104704481 156 147 131 4.9
1045 -0.3884254241210353 -0.07538614998490042 1.098112503466996 176 165 143 4.86
1046 -0.09462878215977133 -0.0774822464841823 0.09411281672839547 105 100 94 6.51
1047 -0.2640397372194036 0.002061071953113145 1.167576631885684 128 126 116 4.01
1048 -0.3564948600670469 0.005120038571391164 1.156679308521012 122 119 104 4.3
1049 -0.3913062275516526 -0.03459254358208601 0.679721014978576 175 164 135 2.39
1050 -0.2742719106804736 0.02306967986076724 1.144253731733716 96 93 84 5.15
1051 -0.411726173373314 -0.1772147248805944 0.8973456108164929 238 241 246 2.72
1052 -0.527285391503211 -0.1906619656878275 0.9628254172785283 183 180 174 3.62
1053 -0.2007610909671893 -0.08198337148155008 1.24422717889772 116 98 78 3.57
1054 -0.2098144031555119 -0.0876289833977914 1.260595296023859 106 90 71 4.15
1055 -0.2633432604151608 -0.08592057883879149 1.250585823182725 171 165 147 3.17
1056 -0.2536178739129162 -0.08240457657009093 1.233929731796269 162 158 142 4.06
1057 -0.4527578382951853 -0.0564735339531058 1.161997441358235 156 138 98 5.32
1058 -0.4687367680706592 -0.05791628483701352 1.187560623603797 148 129 92 5.57
1059 -0.1033243268730515 -0.07805180665788015 -0.0356373761424057 106 105 103 6.3
1060 -0.4849969917980934 -0.05490469373509953 1.141471672871637 150 134 95 6.65
1061 -0.4849969917980934 -0.05490469373509953 1.141471672871637 150 134 95 6.65
1062 -0.2555430243016529 -0.02327474227324049 1.196305871819237 102 104 105 4.47
1063 -0.7807017844749748 -0.065189642930422 0.4953204797103845 30 33 32 5.36
1064 -0.3222527417167651 0.005291115028819657 1.191580472235559 139 132 114 2.98
1065 -0.4658722519113446 0.003661963936839031 1.148071195426007 47 48 46 4.58
1066 -0.2415630674508479 -0.03559426311174962 0.3496406472118893 97 102 107 2.17
1067 -0.3364388656080677 0.04615702527303472 1.128942575216743 147 146 133 5.04
1068 -0.3651970297833381 0.05434941857302932 1.180642361756628 156 151 139 6.37
1069 -0.2046540677725517 -0.212838144912213 1.221259829394896 150 148 145 5.14
1070 -0.09662099916394379 -0.1353554996412308 -0.02113248307168014 64 66 65 6.08
1071 -0.2087056154376496 -0.1226572989766387 1.231850667597341 175 169 154 3.02
1072 -0.2435334394726117 -0.1185453401909678 1.255686987791911 90 83 76 5.35
1073 -0.2471621058292821 -0.1181147274482293 1.262331439402921 91 84 77 5.72
1074 -0.2269126730279875 -0.08887779559993635 1.219725726785164 90 86 84 4.19
1075 -0.2245181981883068 -0.08827866183012324 1.207138885923296 96 92 89 5.1
1076 -0.3559878744166056 -0.07888127742039135 1.136507731359801 100 96 85 4.97
1077 -0.3559878744166056 -0.07888127742039135 1.136507731359801 100 96 85 4.97
1078 -0.4054272333867631 -0.03221957790906731 1.177581375694013 137 129 116 2.79
1079 -0.09030673725176686 -0.05449263154466422 -0.01691889398661017 104 106 105 6.04
1080 -0.2238673203576709 0.006557236272469749 1.211326342723763 82 79 72 3.76
1081 -0.3425138514799217 -0.003163219285937064 1.185990237851019 99 99 95 3.06
1082 -0.3244995939951153 0.00456951563325023 1.147974418244985 73 73 72 4.95
1083 -0.3846074510566675 0.01816463532451355 1.127314952503185 132 126 112 5.97
1084 -0.3952764988758632 -0.01580311072113814 0.6799681208330126 183 178 159 2.29
1085 -0.3479723224350911 0.04633362644415859 1.105468556666651 74 70 63 6.45
1086 -0.2692102174401583 -0.0548092220132517 1.090527427201076 89 82 73 2.05
1087 -0.2601310852477063 0.02417159690372394 1.101244951072281 152 149 138 4.66
1088 -0.2410210177841309 0.02973845535290406 1.211720413803489 158 151 136 4.29
1089 -0.3108683898629199 -0.2634350193596901 1.230431163827258 243 244 247 6.61
1090 -0.2914215982460336 -0.219559497733467 1.181674313293442 101 106 104 5.76
1091 -0.5384788584003145 -0.108649742255434 1.104736748596509 96 98 92 3.01
1092 -0.2262228805231849 -0.08189842750941265 1.165917366692328 145 135 116 2.76
1093 -0.200223652126932 -0.2492475637563572 1.20260009549358 240 236 222 5.76
1094 -0.189946524931659 -0.108027576729651 1.196817181329562 116 108 98 6.77
1095 -0.4523518588712655 -0.08226409008286767 1.126556167747715 114 98 77 6.08
1096 -0.1105326793372136 0.03669878487456101 1.216839187337095 81 75 64 6.86
1097 -0.4224590575760467 -0.05213154792821133 1.128371152645322 195 171 103 6.27
1098 -0.0598485903156602 -0.1507270071360699 1.205844870211163 158 149 129 5.23
1099 -0.1175490303753713 0.0322400770789536 1.248993669492278 126 121 112 4.78
1100 0.03830706980288479 0.06813519069725903 1.215051234989924 65 59 55 5.69
1101 -0.1007877971863027 0.06937666587200042 1.225707896951128 101 95 79 4.85
1102 0.1589334409654592 -0.1517875676266184 1.316445049949337 82 74 64 5.44
1103 0.1178482012426959 -0.144896526606211 1.313935858741512 127 124 116 3.06
1104 -0.1402218417114472 0.06208612830470965 1.393429202860959 152 148 138 4.73
1105 0.02606469933487551 0.03256434846657909 1.311731359136659 150 144 132 5.7
1106 0.09097807757358617 0.03070594184189535 1.324271772005723 109 108 90 3.99
1107 0.09727517262603794 0.03242431760272601 1.29150315399463 128 123 102 6.62
1108 -0.02409724233204502 -0.1721341768558474 1.300677867631422 57 57 57 6.91
1109 -0.008770683645218935 -0.2207119762328734 1.309934869627394 50 52 48 6.74
1110 -0.005827786898325193 -0.1410205492659599 1.297827882502507 105 84 53 7.52
1111 -0.01347179801266288 0.01317734220590282 1.244954187329968 61 65 71 4.75
1112 -0.02139700059943681 0.01809216069521222 1.247732846299619 39 41 43 5.1
1113 -0.0006247777687422573 -0.113287759751113 1.408287461812049 162 160 153 1.91
1114 -0.4943711433482573 -0.02619406263455374 0.9542484547750235 55 58 66 1.56
1115 -0.2031062492618689 -0.2450893159484379 1.223153039404543 164 173 180 5.57
1116 -0.499219097416203 -0.09317777485020198 0.9724883174590094 95 97 102 1.54
1117 -0.3729633358476937 -0.05051623729405558 0.6362762260825117 89 89 88 1.13
1118 -0.391646773877083 -0.02976727522298728 0.66407990635661 75 73 75 0.55
1119 -0.1284615353770624 0.04071000361941488 1.229405908265579 76 77 73 5.41
1120 0.1642360218350843 -0.0633047074395669 1.342201496342781 103 105 104 4.44
1121 0.09045249016409775 -0.157486279740604 1.300644337264731 66 60 52 5.52
1122 -0.09567576764721131 0.04327359044944768 1.227392749955362 88 84 70 5.09
1123 0.06078298306064389 -0.1828497819950937 1.334424598998399 50 50 56 2.83
1124 -0.07413060335296145 -0.1361515985819691 1.526868285549436 192 184 173 7.04
1125 -0.04404456022744957 0.07229514256751417 1.390688925339633 38 34 28 4.62
1126 0.04603460510118076 0.03639414693411842 1.275656289219584 60 56 52 4.64
1127 -0.09938455261291007 0.06511095873127432 1.216762395352017 110 101 85 4.16
1128 -0.07197778865934956 0.02039052817458705 1.254767888777784 149 144 136 4.61
1129 -0.0302144843512242 -0.1089965191860023 1.229758954423824 47 41 38 4.73
1130 0.1996775908788052 -0.05491146825678538 1.278012168405657 87 86 83 5.26
1131 -0.03626087968567543 -0.005787002370118399 1.264763458203653 111 107 102 3.67
1132 -0.02403063570441491 0.02796991313439481 1.24995477688161 121 115 111 4.85
1133 -0.03509743453240574 0.04550192154592933 1.204107902044341 105 100 99 5.07
1134 0.0255877239611689 -0.06924809619959768 1.196018675768966 88 89 91 3.46
1135 0.04267802068692553 0.02141232977911851 1.297721923247226 34 39 42 4.86
1136 0.11015152254765 -0.07127076470267019 1.294216465836177 142 133 124 4.27
1137 -0.02155514789963522 -0.0521297193864196 1.25988937285679 114 117 109 6.45
1138 0.2470936939395819 -0.008094251254046983 1.260614352233686 48 52 49 3.84
1139 0.1894234288325873 0.0008352787606924275 1.348854623581979 104 106 99 4.38
1140 -0.02609965559918528 0.02213947534615803 1.240640075046536 148 137 118 3.79
1141 -0.1352580411557793 0.02399201960319262 1.426609397220743 16 18 19 4.6
1142 -0.3975570804577364 -0.01700394825446378 0.6717646923591235 92 83 76 5.09
1143 -0.5417239295356708 -0.01671727895766542 0.8130536077411598 20 17 15 5.6
1144 -0.5444407988197772 0.01877982334868011 0.8473648922426184 72 69 58 5.56
1145 -0.5832722855468241 -0.002887092611904452 0.7903456560706107 102 98 90 5.45
1146 -0.5397990419622188 0.006410703053870759 0.8644554132661569 38 30 28 5.64
1147 -0.1165766684563871 0.05648771185604455 1.201223426553899 54 48 42 4.65
1148 -0.2796077742042251 -0.2566778524931741 1.316315362202359 171 166 158 4.25
1149 -0.309784819219227 -0.1213584075201098 0.5568375960057894 204 183 164 5.49
1150 -0.4733128553574945 -0.09918541733380365 0.9067210110325817 99 86 66 4.84
1151 -0.009603630311842359 -0.1652090698418927 1.277568999445669 103 99 95 4.7
