# Image list with two lines of data per image:
#   IMAGE_ID, QW, QX, QY, QZ, TX, TY, TZ, CAMERA_ID, NAME
#   POINTS2D[] as (X, Y, POINT3D_ID)
# Number of images: 529, mean observations per image: 29.350
32 0.9815869462846363 -0.03133644160348057 -0.18177010310304545 0.04964587249649077 0.41989774147647235 -0.12012557380448775 -0.5477212823506042 32 image_000032.jpg

264 0.996527353450339 -0.06254038504671358 -0.045496666206591985 0.030854383536506942 0.16739830947061413 -0.2551323134821263 -0.8604491850869785 264 image_000264.jpg

37 0.9971530486308591 -0.0725199600488328 -0.02027162164266823 -0.003962860981883326 0.10228619112534192 -0.20218217953241918 -0.6227898807721247 37 image_000037.jpg

90 0.9998601171026734 0.0007969186490027556 0.0039372333740463695 -0.01623584062128309 -0.04621482528086147 -0.000537537162757333 -0.016678079896200716 90 image_000090.jpg

330 0.993217951128729 0.010412895970321231 -0.1146807619269167 0.01606227850288727 0.2714753961762515 -0.11133635477682832 -0.7307611690692223 330 image_000330.jpg

258 0.9940361658819704 -0.013706800597480846 -0.10650182784658609 0.01901530179809213 0.25660619085710107 -0.09297331317656736 -0.4855012910371475 258 image_000258.jpg

302 0.999422411649399 0.0067439565850601485 0.005177390583820403 -0.03290204995020017 -0.0067623322737383265 -0.025258238079095625 -0.4925384426484397 302 image_000302.jpg

303 0.9975542114144454 -0.06534036307537235 -0.02456086809541349 0.003604074123952718 0.23309012117604588 -0.29605131811578256 -0.9542328783344297 303 image_000303.jpg

434 0.990437221358884 0.008180814304236244 -0.1364480990888263 0.01868394604590721 0.22433383103990226 -0.07199571259747818 -0.4712603429945667 434 image_000434.jpg

152 0.9802231878543451 -0.017774081728236392 -0.18986011405457742 0.052912477477731784 0.37564822585898755 -0.08315885504351389 -0.44466459831970295 152 image_000152.jpg

123 0.9971281527591092 0.008502934035166361 -0.07520229578914067 -0.0027844657665482947 0.05021802162298852 -0.025665324546351644 -0.17789816339520367 123 image_000123.jpg

216 0.984336927875453 -0.015494625821196505 -0.17394376010345355 0.024172168554396044 0.3024378346403494 -0.10661590512496816 -0.5305577176339004 216 image_000216.jpg

3 0.9999892553048928 -0.004526940685956716 -0.0005123288519886305 -0.0008591790061367894 -0.014185790716083323 0.01651208482460552 1.111453205463594 3 image_000003.jpg

190 0.9856365215100721 -0.044047239435866775 -0.158899988019862 0.0364867928342541 0.3367445160849347 -0.17684025217249025 -0.673954206122478 190 image_000190.jpg

191 0.9822242295452751 -0.052337170613067543 -0.17381590487423318 0.04779569827112548 0.36026767301006407 -0.18231316367588085 -0.6605031793571403 191 image_000191.jpg

89 0.9989430165503836 0.005593800295001194 -0.045467793939225315 0.0037731047767565985 0.015823367047553164 0.0014918476739101995 -0.0932782160374981 89 image_000089.jpg

189 0.9998892959883664 -0.004325651796374619 -0.011397004410839929 -0.008531559242052643 -0.12680422146220036 -0.06503299073925356 -0.44322869954884736 189 image_000189.jpg

39 0.9831281092377088 -0.04014002356030948 -0.17538959217959763 0.032960363921264293 0.32101064430628495 -0.11191007379673523 -0.43596659236869717 39 image_000039.jpg

106 0.9749517411838621 -0.012005431455438751 -0.22146872836047424 -0.01663033775971593 0.4868001459674132 -0.17030514364376723 -0.6998029179364572 106 image_000106.jpg

268 0.9842727152422792 0.03367695772544034 0.17206703719605726 -0.021587480594374802 -0.5988233015917304 -0.027622257321488312 -0.41927323247461956 268 image_000268.jpg

311 0.9861536052172243 -0.07982375013397859 -0.14292696057319962 0.026478466606644702 0.2910647333055441 -0.18347372638220105 -0.5580542517269897 311 image_000311.jpg

71 0.971801681941108 -0.08626360172679437 -0.2153772398540963 0.04210362495730645 0.6915742273262366 -0.29529951785195246 -0.7818031015928883 71 image_000071.jpg

53 0.9893926168817296 0.03874185098183833 -0.13974601654910665 0.00850657354500154 -0.034906678336030186 -0.008642573864309666 -0.08699829462990452 53 image_000053.jpg

25 0.961161341740897 -0.09332146722405064 -0.2515933503394868 0.06450402454301891 0.6927640624628455 -0.25366062372130005 -0.6642321594685296 25 image_000025.jpg

126 0.9889296916910184 -0.07925047019445891 -0.11140885757586061 0.057667094835672096 0.25321897075737776 -0.2758034999009086 -0.8141071091659542 126 image_000126.jpg

52 0.7064053510731999 0.03742785686128658 0.004024908104119946 0.7068058504041631 0.009558087356494355 -0.048440394408195614 -0.1605312802494776 52 image_000052.jpg

249 0.9842776899174555 -0.006555686218622267 -0.17537723805938604 0.01993164557979739 0.3737757069777412 -0.12026280871752038 -0.6499154794281805 249 image_000249.jpg

154 0.9480244388793702 -0.012418803674428614 -0.31293316656595704 0.05628749598843742 0.7600388572754437 -0.0634832767385463 -0.33822869033707265 154 image_000154.jpg

72 0.9965648701901186 -0.02050431070205858 -0.08023354118720095 -0.0007813039829083647 0.26847705552835244 -0.10522084792660813 -0.46879169737777765 72 image_000072.jpg

179 0.9485553331141463 -0.026546352941153067 -0.30542937302181367 0.079063094655003 0.8133924599261007 -0.08642276646493514 -0.48697874541427083 179 image_000179.jpg

293 0.9545718662010858 -0.06179351566345088 -0.2853634940951191 0.0595130102696933 0.7298908673776983 -0.11055361064194781 -0.3437108761559413 293 image_000293.jpg

266 0.9786698086199402 -0.16980784504268004 -0.1051280640873846 0.04815397655072911 0.45421158201483813 -0.5740038990689039 -1.0687104949988342 266 image_000266.jpg

208 0.9997297831684789 -0.021223463421985066 -0.005609863671289144 -0.007645099687736423 -0.26431177829671676 -0.020211273772444364 -0.10747021064617462 208 image_000208.jpg

211 0.992498597109842 -0.03137504165424173 0.11658519089116745 -0.019236508072318595 -0.43231469363565483 0.029967508711243665 0.17801879886119187 211 image_000211.jpg

61 0.9954760346615915 0.016783038231124998 -0.09351685241411488 0.000627565148192421 -0.06888590518055002 -0.010293765591510275 -0.06672745673778674 61 image_000061.jpg

143 0.9943980682346338 0.023036506560466755 -0.10297349286713815 0.0061856127145132325 -0.09148217351911886 0.045680801878452484 0.3055227979919241 143 image_000143.jpg

132 0.9804021896886799 -0.05006670812067297 -0.18473246859675396 0.04667747853630956 0.7035799658292115 -0.18150146665004446 -0.6838727265963154 132 image_000132.jpg

20 0.9956240762354204 0.01192071095870307 -0.09260908902706594 0.0037618078541974418 -0.08952343856641073 0.018755201264576162 0.07234340097015093 20 image_000020.jpg

17 0.9950951354903385 -0.006154488699644651 -0.09850169431003318 0.006723606918831378 -0.08543114890742173 0.021729339268057195 0.0522777001170494 17 image_000017.jpg

77 0.9997690203496983 0.004648203778322687 -0.017315761427942 0.011852192634546425 0.07358522435247138 -0.0381399210430366 -0.2559852659250964 77 image_000077.jpg

309 0.9459023157789197 -0.03308294475109561 -0.31396228302311774 0.07484646103615536 0.796347021777245 -0.06503805179460447 -0.38046414481113666 309 image_000309.jpg

7 0.9878594634736557 -0.09384154854216997 0.12020317785165381 -0.029641558938601226 -0.48516684756275846 -0.19601220749923126 0.08700876660748362 7 image_000007.jpg

214 0.9954649185556957 0.019698988450476032 -0.0930622398688751 0.0009808683586431958 -0.13014661321007975 -0.013322916356724342 -0.21265343836464595 214 image_000214.jpg

284 0.9935158746505727 0.0489211656783221 0.10237557418257018 -0.007222851513072518 -0.3216917170987099 0.01616695445669436 -0.44395864581040406 284 image_000284.jpg

225 0.9936729445240199 -0.03838290098540426 0.100167203555989 -0.03327711623757287 -0.3906792959300843 -0.05122725335198182 -0.6153737304623217 225 image_000225.jpg

215 0.9817685046148664 -0.002179368958100065 -0.18910603932894537 0.019098539899571564 0.14547935495115327 -0.043944656027893034 -0.3577144456740456 215 image_000215.jpg

153 0.9975140896451293 0.06231817053792875 -0.03274595881956465 0.003129537987510564 -0.07247882326243985 0.016687248586636776 -0.06157166410248438 153 image_000153.jpg

105 0.9994456647208193 -0.028538758530591464 0.0035530787087458084 0.016771656188513243 -0.03005214257958751 -0.09949300838529629 -0.4078968349877176 105 image_000105.jpg

78 0.9735446228063007 -0.029821045628911688 -0.22514535305180974 0.025122173708257273 0.38337735464246553 -0.14243940297483626 -0.49143268909790966 78 image_000078.jpg

174 0.9994089421298968 0.023552836529834392 -0.022987523939391432 0.009929757431672914 0.005340338464450055 -0.029751560295345546 -0.19433325279144809 174 image_000174.jpg

19 0.9901621639851036 0.016875134821927155 -0.1379926363582327 0.015879509466345382 -0.0406366669130504 -0.004778990756540864 0.03017824291997783 19 image_000019.jpg

212 0.9995375025656359 -0.021464671396416345 -0.020487370049697907 -0.006657855641107532 0.004120879921505621 -0.06997049562704392 -0.29125650419256127 212 image_000212.jpg

