# 3D point list with one line of data per point:
#   POINT3D_ID, X, Y, Z, R, G, B, ERROR, TRACK[] as (IMAGE_ID, POINT2D_IDX)
# Number of points: 965, mean track length: 6.12
0 -0.15171923088921366 -0.14258301766617532 1.0622270161177714 103 90 66 0.18
1 -0.1891491728599653 -0.13198689520636886 1.0687199981512854 208 203 190 0.2
2 0.018789412357582778 -0.11835118511989379 1.0357017892597609 168 162 153 0.25
3 -0.02099935721014931 -0.1024330690374636 1.0346852110348443 90 85 78 0.22
4 -0.03692198542048001 -0.09150115750784568 1.0326030783177138 163 156 148 0.2
5 0.0008009544454707617 -0.09036582148069423 1.031319398576564 125 118 115 0.22
6 0.008905145225339632 -0.08976655857185292 1.0301909249276442 120 116 109 0.34
7 -0.02848986105634328 -0.08956419993979868 1.0320796132919927 93 86 69 0.34
8 -0.037106439884065784 -0.0891040250958999 1.033495553165307 112 102 86 0.22
9 0.014881849614236518 -0.08751673922673615 1.0299298489781155 177 172 162 0.28
10 0.022532353865459247 -0.08753286918378007 1.0296990778033164 167 163 153 0.22
11 0.03528629421427187 -0.08745506549998344 1.0294849126699963 163 159 149 0.27
12 -0.02417550446570651 -0.08746474180337865 1.0322446405017718 172 158 138 0.19
13 -0.009097919641770823 -0.08723665275462808 1.0309510169558607 161 157 144 0.28
14 0.010487088997485735 -0.08738567737191719 1.0300871804714447 151 148 140 0.23
15 -0.10723567954433068 -0.0853118595719281 1.0440883154753446 107 99 91 0.17
16 -0.09130678301720398 -0.08485094025268718 1.0404796659670925 93 88 75 0.27
17 -0.11197453143786376 -0.08474990212337136 1.0437077779878938 99 94 86 0.18
18 -0.027586322397294263 -0.08324861799617714 1.031535596358246 179 174 159 0.31
19 -0.13636832165569354 -0.08421691922681318 1.0473705649427638 83 76 63 0.14
20 -0.1595613652520427 -0.08410958804636151 1.05153355184049 91 85 74 0.22
21 -0.013635688601735061 -0.08238857379143448 1.0305045718890853 190 185 172 0.48
22 -0.0006561022430195492 -0.08242212007434906 1.028957075043945 153 147 134 0.22
23 -0.18511533055247165 -0.0837913208618185 1.0556500059882963 86 80 72 0.19
24 -0.16835473143645877 -0.08156762568908278 1.0521864294387049 160 155 146 0.16
25 -0.2733516985327106 -0.08206198189277518 1.0700377774492356 85 77 62 0.35
26 -0.27348812638509346 -0.08203174446891774 1.070291605379098 80 73 59 0.4
27 -0.25898511284444603 -0.08040167582817069 1.0685764812069698 160 151 133 0.28
28 -0.27182199585664196 -0.07997237236456402 1.0715749938368397 153 144 129 0.28
29 0.022474655034682815 -0.022479381001324357 1.0206959703587344 98 67 33 0.41
30 -0.04960222749903007 -0.020268162383504634 1.0226963958896922 98 70 29 0.2
31 -0.2230367181432969 -0.00997803099624483 1.0526225010180255 141 140 134 0.27
32 -0.2993693137667719 0.019362646006049374 1.0609979560791505 130 128 121 0.26
33 -0.10654846673998096 0.04730818033477559 1.01641373841136 80 78 76 0.17
34 0.011529042264138976 0.09046134394499207 1.0036846581768313 91 85 66 0.38
35 -0.18710506751076214 0.09866267887630943 1.0212939394782423 139 138 132 0.23
36 -0.007099513917442046 -0.13437894166860206 1.0348016136173304 75 70 60 0.36
37 -0.0030086317042901873 -0.13066704529779635 1.0367573957914071 91 86 77 0.27
38 0.02378148062141524 -0.10813681699510949 1.0339254686287185 158 153 143 0.21
39 -0.08327118437579212 -0.09738499629262615 1.0363913315417366 70 65 57 0.33
40 -0.0621880084288046 -0.09657613313845495 1.0346266155575055 106 96 84 0.4
41 -0.2625675285174246 -0.09036221582801031 1.073605090152923 106 99 89 0.43
42 0.0012837819747794628 -0.08472320309698286 1.0298115253136122 99 93 78 0.19
43 -0.057715461198809506 -0.08321624629340862 1.032086233867852 169 163 149 0.41
44 -0.2275113946972937 -0.0829784194069954 1.0628342424143886 95 88 73 0.24
45 -0.22756557050531936 -0.08296104843445472 1.0628990270327698 93 87 72 0.23
46 -0.13325820670972327 -0.08190411958295027 1.046392551812697 171 164 151 0.25
47 -0.29360502243497677 -0.08170413119344688 1.0742182264277647 89 80 63 0.35
48 -0.18081872658830056 -0.06654403190053246 1.0567957052470494 50 49 51 0.3
49 -0.17953861940206436 -0.018093096522101382 1.0466636011763375 165 147 109 0.41
50 -0.2622783227561512 0.05660993941976653 1.0422814534642444 130 129 124 0.33
51 -0.2957533890091412 0.06228189041333409 1.0498416745894168 110 109 103 0.43
52 0.03676506197692084 0.06170275150794508 1.0006938853854055 84 78 63 0.23
53 -0.18673927713079988 0.06973083360925698 1.0273962347783796 125 122 111 0.18
54 -0.18321337287113246 0.09807655638456433 1.0257664837609493 138 135 127 0.16
55 -0.3508913463206687 0.0902647854500478 0.874010567616696 130 131 130 0.39
56 -0.3502872929518877 -0.20239920055946464 0.8932959685088074 241 244 249 0.37
57 -0.012616954163758923 -0.13795114290947283 1.0324441859899738 86 83 75 0.35
58 -0.3557089709448992 -0.1436297728071001 1.1051955668513882 244 243 245 0.85
59 -0.03649311636849555 -0.1273255668284342 1.0325309221257273 104 99 92 0.4
60 -0.029929345141678297 -0.10816684477973078 1.0364169556089584 160 155 141 0.54
61 0.03302941829608853 -0.09353776268792675 1.0306617508736926 153 151 143 0.34
62 0.032889384072319915 -0.09355833349062327 1.0308064613216767 158 156 147 0.25
63 -0.1589375684183691 -0.09128539848056652 1.0524394547808282 100 91 76 0.47
64 -0.2435866994012781 -0.08619947521811869 1.0679666040642113 145 138 122 0.29
65 -0.25151604151330176 -0.08592541063371636 1.067586185452703 152 146 132 0.35
66 -0.2622748437646501 0.04897293773358396 1.045100330824086 137 135 129 0.24
67 -0.30115296977209166 0.07187570706384327 1.0474384603290032 126 125 118 0.38
68 -0.15208350653646005 0.10674062385988704 1.0147855771739658 137 136 128 0.46
69 -0.3536604020454883 -0.17900816484185902 0.8886605633512378 176 167 162 0.22
70 -0.06488404815555071 -0.17895248859554308 1.0544268496034384 112 100 87 0.31
71 -0.06482398220354113 -0.17897330581560453 1.0545067649879751 103 92 78 0.36
72 -0.06849995389851429 -0.17470118542295668 1.0523093794246967 231 242 243 0.33
73 0.029838468824518564 -0.13322055861468415 1.0345514883242442 155 151 140 0.52
74 -0.3732372528631801 -0.11587235828741792 1.0971608163459654 90 91 90 0.34
75 -0.05248290861210333 -0.09943339710764876 1.035630026085393 155 151 140 0.38
76 -0.015975229709356234 -0.0994636822981995 1.034455910282089 160 153 141 0.39
77 -0.01629029580883975 -0.09928017340141729 1.0348735906939737 160 158 148 0.25
78 -0.021147316177940995 -0.09717139519252585 1.033203441849946 167 165 156 0.38
79 -0.18303986480967926 0.10110401869044652 1.0176189566117497 67 66 64 0.44
80 -0.035805953985527376 -0.1032216789666738 1.0356980091434853 113 110 103 0.34
81 -0.22550011825601676 0.10278567446600692 1.0264802725429227 43 42 40 0.79
82 -0.0647373614261882 -0.18446475122531703 1.0549893859642694 139 148 140 0.32
83 -0.060226337898095825 -0.08587606316022989 1.0356282821037663 148 143 131 0.93
84 -0.06036563190985088 -0.08582862136824314 1.0355599545068175 147 142 127 0.9
85 -0.047937464063545515 -0.07090274397921144 1.0301398921153853 48 49 49 0.6
86 -0.30731031989003516 0.07979877978795227 1.0471909801762962 134 130 116 0.53
87 0.0009350582290901991 0.07607418486048194 1.0023905456361917 147 141 124 0.39
88 -0.013733742505416495 -0.06893264119291077 1.0275077989432508 51 56 59 0.73
89 -0.058936803050824486 -0.13234872458774175 1.0412744484263339 162 156 147 0.56
90 0.004391690705732042 -0.1755212537673763 1.0481127603779439 142 140 138 0.21
91 0.012755285834891697 -0.11419528203525053 1.0347573368183602 163 156 146 0.38
92 0.01577030070263971 -0.10290976115160116 1.032990240969652 165 162 152 0.29
93 -0.06072718900793352 -0.0942892357496218 1.0351406487334112 152 143 129 0.35
94 -0.0918343349879402 -0.09073444763743083 1.0399048186456605 104 100 96 1.32
95 -0.01582514692357713 -0.08729327787225236 1.0315214923657048 137 130 116 0.16
96 -0.006655939062872062 -0.08483196610125944 1.029894396510933 118 112 100 0.31
97 -0.002572368929955579 -0.08488640475373058 1.0302142282467786 87 82 69 0.26
98 0.0048726809875962365 -0.08480179501014497 1.0297757484838794 96 91 79 0.27
99 -0.13225551259123766 -0.08476497464008924 1.0472530131689617 114 106 91 0.25
100 -0.12772767454090814 -0.08492432325462226 1.0473232848744474 117 107 89 0.32
101 -0.14407703842518516 -0.08451016134632486 1.0478608625035866 95 88 77 0.22
102 -0.046388751707963284 -0.08311859615561017 1.0325371417163782 183 176 161 0.34
103 0.010025092694042849 -0.08232667937000585 1.028787877832233 151 145 133 0.13
104 0.010035389039321484 -0.08232790151724807 1.0287697597931087 163 156 142 0.1
105 0.0180416003349042 -0.08201145278973251 1.0281833126970026 159 152 134 0.21
106 -0.01359263216505961 -0.08236328898544601 1.0305204762624185 180 174 158 0.5
107 -0.06975883574041429 -0.060959889614881815 1.0292573509036254 173 163 150 0.26
108 0.003833702762119851 -0.009714102453432742 1.0179789537657569 157 155 146 0.53
109 0.03343930683819373 0.06166504985527453 1.0006872076985969 72 68 56 0.24
110 -0.018675833042127197 0.06136599429943322 1.0067561361137336 82 80 72 0.33
111 0.03203208933215036 0.06445146973590421 1.0016563761686248 137 130 114 0.2
112 -0.036600839914828674 0.06381112706366407 1.0038002211738208 153 150 140 0.32
113 0.026324246260198678 0.0697998976297655 1.0005775825257195 42 43 38 0.3
114 0.031371524087565834 0.0907478653512037 0.9974695520580208 130 124 112 0.16
115 -0.03732948156910344 0.12677755247477238 0.9942003548194475 98 90 72 0.21
116 -0.3612462651257104 -0.1444612266641527 1.1016118674095108 232 234 232 0.38
117 -0.026126106015485845 -0.10716268870940633 1.0355186300293227 106 98 84 0.19
118 -0.10752436112038197 -0.08800208640630819 1.0444560371244356 135 131 122 0.32
119 0.01200413668033117 -0.08473041504811539 1.0294349095343636 82 78 66 0.3
120 0.004007000882744204 -0.08243132697505434 1.0292911181974396 168 161 146 0.23
121 -0.08882436961456389 -0.08242622998652065 1.0391816843355368 171 165 150 0.4
122 -0.13341538357908764 -0.08194204386651759 1.0466994997214631 178 169 154 0.17
123 -0.21790392396212563 -0.08057685760076602 1.0609577438668694 168 163 150 0.27
124 -0.2179214981461379 -0.08059974670940542 1.0609706868130995 163 157 142 0.26
125 -0.06516449406149759 -0.006804356060790754 1.0193250431851097 158 151 138 0.36
126 -0.14621490720348954 0.054915792697809565 1.02317316108799 142 138 132 0.25
127 0.036771919749350866 0.06170576585426977 1.0007081813023837 79 74 61 0.24
128 -0.033187658529009796 0.061404084761800745 1.003794279452101 90 89 78 0.3
129 -0.028758909446612146 0.061355417817761555 1.0047635314139371 82 78 65 0.24
130 -0.028982111606302048 0.061411966457983067 1.005156943109843 84 80 70 0.23
131 -0.2600796678633368 0.06426992931983162 1.0426565680241722 52 49 43 0.2
132 -0.30310262600137017 0.06423610656252932 1.0476998694600306 64 62 54 0.31
133 -0.29855926290133694 0.06530975162308154 1.0496802019236875 49 48 41 0.16
134 -0.19946106435917427 0.07687128037585836 1.028185444496861 141 130 111 0.29
135 0.0023577900165878255 0.08997221872270252 0.9988388773567349 173 165 146 0.31
136 0.0016108643364529003 0.09631602332990863 0.9978283826314136 163 156 142 0.4
137 -0.03541880725610162 0.11535809444557056 0.995988853390849 161 153 134 0.37
138 0.00014171650354531613 -0.0794312937310504 1.0290279656456245 108 97 76 0.18
139 0.00767729050304396 -0.07931454261155466 1.0286970401424138 106 96 75 0.26
140 -0.2579795885777615 -0.010120853443220805 1.0600165237518633 38 38 35 0.24
141 -0.2724665796712448 -0.009897459494227876 1.0591617068538868 161 153 134 0.33
142 -0.18414501219080384 0.09343373915298304 1.0244752168904079 124 115 103 0.53
143 0.02132838495600977 -0.13229870123559478 1.035574585475438 152 146 141 0.33
144 -0.06545405980061071 -0.08914167109123677 1.0346936746553934 171 165 151 0.33
145 -0.21972692444222966 -0.010959778265784016 1.0532587863226797 34 35 36 0.31
146 -0.3204381910287606 0.02862381045623123 1.0613055918894625 129 123 109 0.32
147 -0.315819737928202 0.030505904035820493 1.060253525900137 65 51 36 0.45
148 -0.05732886925187882 -0.09405826915407359 1.034466476881326 154 148 138 0.39
149 -0.3259778005393776 -0.036384246812079336 1.0745479782817988 37 35 34 0.32
150 -0.01625661610460099 0.07520623678885617 1.0040416342650245 38 39 39 0.37
151 -0.05719101845822741 -0.14945183014729724 1.0447716614804963 175 173 162 0.37
152 0.03951258267844323 -0.08195378243989906 1.0274950387732227 150 134 104 0.21
153 0.005217905685124874 0.07375551564147491 1.0016576563899797 135 125 105 0.35
154 0.02524596825270128 -0.13470913691568961 1.0367320072832493 151 142 124 0.61
155 -0.03856599201738699 -0.08286015135271271 1.0308895597381933 177 169 147 0.21
156 0.021374251114058503 -0.07947463766797466 1.0272108966614735 111 102 76 0.33
157 -0.12883222392398327 -0.08738513015255243 1.0485258188589572 163 152 131 0.33
158 -0.22977113957855827 0.046322126408459535 1.0369090303189277 141 143 140 0.32
159 -0.04520682431150751 -0.11010128210291843 1.0357157352308797 115 108 90 0.72
160 -0.05430060332060141 -0.10374455218624494 1.0361993517656385 137 125 103 0.59
161 -0.41838913368924374 -0.02652837145922424 1.0920206197651512 46 45 40 0.13
162 -0.3736679017599672 0.12281066449272007 1.0546779552747616 103 97 69 0.13
163 -0.4138892306561795 -0.034782103281033774 1.0884468708256474 51 48 47 0.29
164 -0.06009144179776543 -0.17420245665634781 1.0544400027312295 238 241 240 0.56
165 -0.411303792031077 -0.028273183042045277 1.0904028060959718 178 174 168 0.21
166 -0.28602523785591893 0.0893866202548129 1.041389667045115 139 133 118 0.4
167 -0.0647674916650966 -0.18448424689420417 1.0551025245418408 151 160 148 0.44
168 -0.14370064131436786 -0.09843359792170792 1.0513507348252924 76 70 59 0.64
169 -0.28705497749682923 -0.008082435618684125 1.0633977009789848 63 62 61 0.45
170 -0.0059113367243129955 -0.13408218604844113 1.0312705188302975 86 78 62 1.44
171 0.01298825004504894 -0.1162426791695033 1.0351983810707466 125 120 110 0.2
172 -0.019282156446440154 -0.10494939610161501 1.0338667331584401 170 165 150 0.35
173 0.03162497005587651 -0.09861498756418725 1.03129914404196 103 98 87 0.22
174 0.038978738281497054 -0.0899441509806252 1.0295997672062576 134 134 123 0.21
175 -0.044874282291255535 -0.08544020066328509 1.0322096443323212 162 152 139 0.28
176 0.008105343086594411 -0.08463530341187345 1.029474832343252 100 94 82 0.26
177 0.03494151579373434 -0.03654034185353376 1.0219036614946573 150 146 133 0.14
178 0.015241648040427751 -0.018828418543040445 1.0203660399589276 155 136 102 0.23
179 0.03641673724735391 -0.01544994493035579 1.017457886038556 86 80 66 0.07
180 -0.2607652203576027 -0.007552012139940103 1.0584112995552912 128 122 114 0.38
181 0.0008600973293098335 -0.006168574940039211 1.0185818480919469 158 149 129 0.14
182 0.03211632897117978 0.07098383140784237 1.0008816026703329 150 140 122 0.19
183 -0.004009561539539552 0.08943661064376543 0.9988814455830844 121 117 101 0.43
184 -0.05865122092435001 0.0931232405029877 1.0004844721070536 108 102 93 0.5
185 0.0375715564222102 0.09699770128056653 0.9963887103439143 140 131 115 0.19
186 0.031176487683149814 0.10106997591724504 0.9961201726826634 136 126 110 0.22
187 -0.03721854798918688 0.11782523675334927 0.9954700461993875 104 98 78 0.42
188 -0.058585583834368585 -0.14155025195992837 1.0451276544284773 159 159 156 0.35
189 -0.04707542529098076 -0.0889898749644446 1.0336975950914553 130 119 109 0.47
190 -0.09105997742020734 -0.08770651973137011 1.0411396906351158 152 141 124 0.34
191 -0.28615969996891194 -0.08215335909130349 1.0741431901254568 95 85 71 0.14
192 -0.05681824381866781 -0.013463847398914494 1.0233771046509246 29 28 25 0.31
193 -0.059259533449959136 -0.013021771438237193 1.0222273357015197 143 140 133 0.21
194 0.0027943385696838066 -0.0004961373703688718 1.016306425890798 163 148 110 0.28
195 0.03030122219359899 0.06186781488965501 1.0007769979023766 86 86 76 0.26
196 -0.10769460177392746 0.06387883137135714 1.013945086215358 150 145 134 0.23
197 -0.03656935678393707 0.07803968091740786 1.002194995044073 126 120 106 0.37
198 -0.004345353329682942 0.08567796896215218 0.999644006208388 133 127 108 0.32
199 0.03629741306642075 0.0945450472959951 0.996787316266072 113 102 87 0.52
200 -0.05745580517298895 -0.14709843686170307 1.0457928360354536 122 120 113 0.3
201 -0.2913538882626727 -0.08938759962304821 1.0730487183442408 91 80 69 0.22
202 -0.10156205773532628 -0.01958525899021674 1.0323503108454568 156 151 138 0.31
203 -0.2694232602961049 0.07312787722785472 1.0408429614255095 146 143 131 0.48
204 -0.1922848651090639 0.0886098437373026 1.025337463607689 115 111 98 0.37
205 -0.0921076492550973 0.09648896754090219 1.0100641733413909 113 109 92 0.42
206 -0.14396289679378863 0.09825619769442928 1.0181304089811545 116 109 93 0.35
207 -0.10138463655956723 0.09753288662660597 1.0098953791812906 92 92 84 0.38
208 -0.15517293924738637 0.11635230582340991 1.0138893069075743 137 130 112 0.27
209 -0.1412241276112661 0.09306297600169743 1.019895337038923 130 126 109 0.37
210 -0.07091427928356314 -0.0961835431381936 1.0346207400227445 70 66 59 0.88
211 -0.016219260406021414 0.0751535409869967 1.0040243155629587 39 40 41 0.32
212 0.035532425898865426 -0.09622211160777697 1.0302856782886167 101 90 77 0.27
213 -0.015206031336637437 -0.08949499081351622 1.0321310730347522 118 110 99 0.21
214 0.011597996273382895 0.08634669285609473 1.0038548790387094 109 105 101 0.38
215 0.011587840538729736 0.08635072132356432 1.0036807995634045 118 116 112 0.37
216 0.004616800906996715 -0.0848632286039075 1.0296165965075348 90 88 79 0.32
217 -0.1745183633145954 0.06269545104414084 1.030145117994695 60 59 54 0.35
218 0.035620104474740226 0.088330338537322 0.9977784733932278 106 97 78 0.19
219 -0.17893877227891278 -0.09116764292856662 1.0542242084140674 104 94 81 0.53
220 -0.03340363217627025 0.0614423164633752 1.0043560331032413 85 82 73 0.41
221 0.0029104658825101497 0.07210337952963151 1.0016576766881105 166 155 137 0.22
222 0.02456491429418804 -0.12796933689229828 1.0365033009969522 137 133 122 0.38
223 -0.0712754253289555 -0.09273716524648117 1.035665241380376 64 56 45 0.24
224 -0.03316044515487463 0.09159692793936024 0.9994959299619018 142 133 120 0.4
225 -0.1846404464804342 -0.03487180973727368 1.0509240158582243 127 120 110 0.15
226 -0.0037925525810273628 -0.11878095189392708 1.0358203369585337 121 120 115 0.26
227 -0.363878128619158 -0.13296750335747862 1.1001293946041606 226 232 234 0.26
228 -0.0719105039486924 -0.08497177568210941 1.0334601441713696 95 87 75 0.39
229 -0.10149672606154159 -0.08548375315471517 1.042196797506082 125 123 113 0.29
230 -0.1200815949334243 -0.08205620331631572 1.0435698550777512 156 151 137 0.35
231 -0.12007580221526346 -0.08208283159384297 1.0436115160477004 159 153 137 0.4
232 -0.150344330495847 -0.08177663609759135 1.048861888707931 173 165 153 0.22
233 -0.1743739877022396 -0.08168954107561174 1.0534483145711016 156 153 146 0.28
234 -0.22173896575912624 -0.05987868093473108 1.0621154230539573 137 135 130 0.42
235 -0.2608152868887583 -0.01564111917776403 1.0595763461707262 151 149 142 0.16
236 -0.2999378600023628 0.11547325148833948 1.0388028392317428 91 92 87 0.33
237 -0.1497027966589259 -0.14576947313826535 1.0643860634248563 204 196 183 0.3
238 0.01990832813177069 -0.10833696182949487 1.034064451901002 121 117 110 0.36
239 -0.05343624590390853 -0.1097479415360271 1.0330231349191694 121 109 93 0.36
240 -0.24416063472228902 -0.0861926452839022 1.0685106446115848 164 159 150 0.21
241 -0.37667329278389455 -0.07617551088132478 1.0929419667432883 105 101 98 0.1
242 -0.40576691488415106 -0.0626368023064038 1.0968118870619479 97 98 98 0.3
243 -0.3385248261321492 -0.045685400723598495 1.079289128314029 119 110 101 0.14
244 -0.3194161222329724 -0.033039927189118835 1.0728031071195305 145 136 125 0.11
245 -0.4066663436964433 -0.034953161301215625 1.0899738393474125 48 42 34 0.25
246 -0.4087080844391232 0.00731825026958346 1.08237089235013 33 33 29 0.45
247 -0.40675375957830945 0.025600921805695242 1.078870581835819 68 62 55 0.56
248 -0.35822611506277047 -0.1409548488767168 1.1022952753389519 141 142 151 0.36
249 -0.35822607873339685 -0.14097948915569766 1.1022799856595986 142 144 154 0.38
250 -0.2471414998042521 -0.12771585020610504 1.0740191443743856 186 184 183 0.24
251 -0.3023818272982278 -0.11577689391355198 1.0911684669544293 205 219 232 0.25
252 -0.3434487944096534 0.07604557599756034 1.0580148007180357 90 89 84 0.28
253 -0.34362754314227667 0.07591545320144623 1.058168292014682 115 116 110 0.42
254 -0.408832503790453 0.09527449445427678 1.0666609481173401 28 28 24 0.5
255 -0.24260226454955222 0.10479101806529742 1.0308391369958527 25 23 20 0.48
256 -0.353660402045488 -0.1790081648418591 0.8886605633512373 176 167 162 0.22
257 -0.1269674454679374 -0.1362711176653908 1.056477714426086 78 75 71 0.35
258 -0.35126437881801953 -0.015764276681551517 0.8931664348370782 29 32 29 0.02
259 -0.15747435048889039 -0.1267793209964865 1.0611567243125752 92 97 109 0.23
260 -0.3583811823774105 -0.13577348781719584 1.1017259197062514 97 98 106 0.35
261 -0.14188637316009212 -0.10861947915269754 1.0560588095818502 166 165 164 0.31
262 -0.3524020627609849 -0.10414286480455455 0.928690001394482 107 112 131 0.39
263 -0.41022937160121636 -0.04131388358567265 1.0895632684842897 172 172 168 0.39
264 -0.35099944116677395 -0.02828484255087582 0.8770667831250917 171 158 150 0.41
265 0.010128552244652662 0.10556946915515954 1.000251316132794 34 35 37 0.48
266 -0.351717157729121 -0.18435166431992403 0.8925757786470468 107 97 95 0.31
267 -0.1335608984106043 -0.14618507654695914 1.0612318223690616 191 192 194 0.46
268 -0.35044107091383137 -0.1301999138921657 0.9132251450767009 119 116 126 0.38
269 -0.030766529282236697 -0.11250151625834191 1.035583080010718 158 154 142 0.46
270 -0.35413739501075436 -0.10090441017356809 0.8883542155566426 62 57 58 0.31
271 -0.369211995528551 -0.13065768451948304 1.0971905611543922 239 244 249 0.52
272 -0.35772918281959204 -0.10268481389402549 0.8774935687904668 123 122 116 0.38
273 -0.34835299231909433 -0.011037853264001557 0.9096450173464831 147 146 143 0.38
274 -0.28714016300513046 -0.008100879180828639 1.0634202102911423 62 63 64 0.41
275 -0.32613721857983946 0.09321847316940723 1.0462273021749924 50 45 40 0.7
276 -0.3513872234422791 -0.09700052304045143 0.8984048930370255 197 185 171 0.37
277 -0.352989244403729 -0.09498279977585691 0.8653786889337198 97 94 91 0.12
278 -0.2990827646169524 -0.05503288322759184 1.07449512983158 138 135 128 0.13
279 -0.34696729287051314 -0.06313705271885911 0.9382728440041558 53 55 51 0.15
280 -0.34807852050532095 -0.04651282651264186 0.9271619253914115 63 61 57 0.18
281 -0.38193675492839047 -0.18621820128340374 0.4873882294695961 98 88 76 0.98
282 -0.3821014615180455 -0.18352574423039547 0.48527298780559774 157 154 143 0.6
283 -0.37401027761135225 -0.12636551963430911 0.5432659627789975 203 196 179 0.26
284 -0.37467512705960265 -0.1014692565112105 0.538930229083747 211 202 191 0.21
285 -0.3492708463673574 -0.08977378914630116 0.8932101174896357 77 75 75 0.68
286 -0.3491338214562807 -0.08974877781019161 0.8931515473415688 85 81 80 0.55
287 -0.34963084925436444 -0.08870800494795365 0.9020224232035218 92 88 84 0.63
288 -0.34966439979501923 -0.0870706248111137 0.9120986631831703 65 64 61 0.65
289 -0.29669648124856524 -0.07895568376244153 1.0734356896615567 147 142 130 0.69
290 -0.3675608169436423 -0.0735605434311608 0.6430955460545026 196 191 180 0.38
291 -0.3680091239362632 -0.06558810474097983 0.644202957313979 80 75 66 0.1
292 -0.34900056304763694 -0.047635221447924384 0.9195067335980261 91 78 68 0.2
293 -0.3655823045630185 -0.04629453783653228 0.6421954686528086 179 163 132 0.25
294 -0.34774616435463546 -0.028578008796121407 0.9111114808099315 50 49 48 0.31
295 -0.3667052554179181 -0.0023641660570256125 0.5912697690912064 179 177 174 0.17
296 -0.3631574875241994 0.028858223113114922 0.7360257896439073 161 157 151 0.7
297 -0.3574408731985119 0.023095856504420056 0.6504446364277419 81 63 47 0.15
298 -0.3559250307612293 0.025269803702720976 0.6523399388327655 164 145 129 0.13
299 -0.3663924759231663 0.02250443441808641 0.5909701238277694 203 188 174 0.3
300 -0.3757860895942836 -0.19947410182515513 0.5572672631625036 209 203 190 0.56
301 -0.36421165552834917 -0.20243318516709785 0.6975495308133304 76 73 66 0.34
302 -0.3574671441126017 -0.0892460848896227 0.8122024807481706 154 155 142 0.35
303 -0.3643724927893733 -0.009933720649976061 0.6366149467689746 111 108 99 0.28
304 -0.3665220254184488 0.009846990763929774 0.5940042075066025 221 210 199 0.2
305 -0.36796074666373496 0.01370401030499889 0.5884281891100748 218 204 189 0.08
306 -0.367814890858439 0.020081205547649285 0.5897107799362854 76 61 44 0.31
307 -0.3576654315978011 0.029415933813321214 0.6513033170335047 148 133 120 0.39
308 -0.229695938077286 0.07993239559671414 1.0327924627727338 138 136 124 0.25
309 -0.3679380246169463 0.02424952114100418 0.5892653347140032 61 54 41 0.3
310 -0.36793802461695013 0.024249521141012347 0.5892653347140057 61 54 41 0.3
311 -0.3676345622060148 0.030386966335359214 0.5878020514384311 88 73 58 0.35
312 -0.3676345622060148 0.030386966335359214 0.5878020514384311 88 73 58 0.35
313 -0.35489145886631207 0.07719154630265634 0.8234747541528586 124 107 83 0.29
314 -0.3557204383749066 0.08113676786752613 0.8239127718926427 147 144 137 0.51
315 -0.3770697122760843 -0.20795326680678494 0.5489916703688407 210 197 180 0.51
316 -0.3749435929782275 -0.2053995709134435 0.5591644255893967 210 202 191 0.9
317 -0.34793011221479336 -0.04963886787696033 0.9371025214220544 144 145 142 0.46
318 -0.3731430029546516 -0.0011070409040833137 0.5094203896647281 79 72 58 0.46
319 -0.365755177575129 0.02735701194837755 0.5908340744219281 206 196 182 0.17
320 -0.36294431771373004 -0.2103387898867422 0.7050538496846463 67 63 56 0.76
321 -0.3677403515326728 -0.12022737589999645 0.6370553213676525 145 136 130 0.29
322 -0.3720614679885682 -0.11667600508551483 0.5708709907476441 126 108 86 0.48
323 -0.37294638622239656 -0.09802582215334527 0.5642508215096307 214 204 190 0.38
324 -0.36281575867526034 -0.08945297599424704 0.736640477239311 193 190 180 0.4
325 -0.36834560776442354 -0.07367711322473071 0.6326133154552468 65 57 46 0.29
326 -0.36430162345420775 -0.06384310909584572 0.7128512106662387 198 194 183 0.29
327 -0.365931462459599 0.0032656516080771525 0.6167337331087271 131 129 123 0.21
328 -0.36944814442365315 0.0009965435254960112 0.5834201625168909 50 39 30 0.31
329 -0.36211703627800346 0.012957757920176989 0.717769917263955 187 183 177 0.46
330 -0.18739630148361994 0.0771859978068492 1.027187505648268 117 116 106 0.55
331 -0.3731780108884889 -0.13354562798653716 0.545671605835297 202 200 178 0.26
332 -0.36834153167164985 -0.13456550506545117 0.5774211777503672 131 121 105 0.38
333 -0.35477998248157894 -0.09533639059472555 0.8240425752429551 154 156 155 0.3
334 -0.3623748172543254 -0.07838337908439381 0.6762870003369342 70 68 66 0.49
335 -0.3621751621246681 -0.0641465676233227 0.6520689302099045 51 46 44 0.26
336 -0.3587256209992724 0.009937206358743634 0.7682040711794065 193 191 174 0.25
337 -0.3684693476494428 -0.11169749485147931 0.6474954248756475 30 28 25 0.32
338 -0.36087842522071395 -0.11174886854630045 0.7592914692858541 44 38 30 0.36
339 -0.3681933577476086 -0.06705401935753111 0.6126994003213792 179 178 167 0.43
340 -0.3616245756691615 -0.15152923885137967 0.6594651924101612 56 47 41 0.46
341 -0.36439963140414444 -0.11452703718324436 0.6648140268711514 200 191 179 0.21
342 -0.36217939599115334 -0.1039468442138051 0.7501851200255253 140 134 127 0.09
343 -0.3625708030658641 -0.10047231430522131 0.7747894969491864 156 149 140 0.37
344 -0.36113764850812824 -0.09559005405994357 0.8019282388983829 151 144 135 0.47
345 -0.3561552511682143 -0.0826618477197456 0.8286034753041132 101 98 96 0.34
346 -0.3631031248189014 -0.07907896242316664 0.7459530524923587 136 135 131 0.25
347 -0.36444510473377933 -0.05817620318857468 0.7425010157485178 101 98 94 0.81
348 -0.3620952821773783 -0.13107164029896323 0.6565800923733923 53 41 31 0.33
349 -0.36248853964731986 -0.09403072183440339 0.6550838256826663 194 188 182 0.5
350 -0.08253532362689824 -0.1003371543446157 1.0360105089038933 126 123 116 0.4
351 -0.3454725353838419 -0.062801114307487 1.0826283971885435 91 90 85 0.32
352 -0.32061675426223846 0.01895552231899251 1.0621655690515928 84 79 68 0.25
353 -0.0008901549796613592 0.061656267810905316 1.003042459341829 92 89 76 0.33
354 -0.3746948688733179 0.014228084098839 0.5030703414166758 92 75 63 0.59
355 0.009207970120297006 0.08857612069799295 1.0030547821597133 41 34 25 0.48
356 0.008706301191704225 0.09736330720061478 1.0019090002108229 57 53 44 0.28
357 -0.11194063270737617 0.11384765476644489 1.0068626472702504 98 94 82 0.25
358 -0.27722235173117926 -0.08545873023537916 1.06873938214117 145 139 127 0.81
359 -0.37353269081655266 -0.09134496829740613 0.5355993544139954 151 151 145 0.58
360 -0.09728743284690716 0.10025347008371842 1.0103506582231983 124 121 114 0.25
361 -0.004738094536232097 0.10467559655975171 0.9974012801186234 124 118 103 0.69
362 -0.2692129581223503 0.11455477915814406 1.0336297002692674 89 88 81 0.6
363 -0.3162556152392594 0.008521403903008885 1.0631604390243943 44 37 29 0.26
364 -0.1580250696533946 0.10618946570560633 1.0151946064701338 54 52 49 0.38
365 -0.3408489012172055 0.08202241879523132 1.0565964444018565 89 91 86 0.47
366 -0.3674467853601712 -0.23882616121416794 0.7022199748011335 123 123 127 0.61
367 -0.03317600970095635 0.07522526249222074 1.0044043182256184 146 142 128 0.22
368 -0.03330641385876477 0.07523693416687051 1.0046983117134185 147 144 130 0.22
369 -0.03064158706165001 0.05168592440750445 1.0063633851318567 130 126 117 0.43
370 -0.30481076209889324 0.09474824674511859 1.0455043638361112 134 128 114 1.05
371 -0.37413985649300496 -0.21196390449404626 0.5862131575119355 191 175 150 0.34
372 -0.057100722901156066 -0.14705451989208998 1.0453652963540276 113 110 106 0.33
373 -0.3619764286424471 -0.138604927607194 0.7719088638876911 169 168 167 0.37
374 0.030782625937543013 -0.07522684019414087 1.0262739485086174 137 119 84 0.31
375 -0.11425661185104537 -0.08840600303063073 1.0447477936812464 112 108 97 0.48
376 -0.005743641506439985 -0.019370814326011832 1.0200151904326602 72 72 67 0.42
377 -0.09298999470405249 -0.019222126156526204 1.0288369920214309 158 140 104 0.39
378 -0.25732103422118185 -0.023266004785420524 1.0620678904595362 76 70 65 0.31
379 -0.15594391004679423 0.06142135980723576 1.022504453811452 74 70 59 0.65
380 -0.35200453202776993 0.01453070534765493 0.6379393981142858 114 109 101 0.33
381 -0.2753364549704269 0.08085645889227844 1.0392340133388345 138 136 124 0.65
382 -0.06519017409269943 0.09864355249555458 0.9996403883994573 74 71 63 0.22
383 -0.3539352402326575 0.1167629525203718 1.0502563803522136 16 16 14 0.61
384 -0.375978447015627 -0.06383096233161181 0.5172076675753053 85 73 65 0.28
385 -0.03326636380820554 0.04159333622541509 1.0080398055285498 93 91 89 0.2
386 -0.37669426121698923 0.018940379662969714 0.501864397139425 101 94 79 0.25
387 0.027448013609005402 -0.12169422617924053 1.0348712307198797 175 162 125 0.26
388 -0.3777422043724437 -0.16005842978250218 0.49060525615730277 54 43 34 0.76
389 -0.34891706802148226 -0.1372791641930577 0.916205538243516 244 242 244 0.35
390 -0.020100773096066754 -0.07435475849547095 1.0293032852398685 48 46 44 0.39
391 -0.3789769061442417 -0.10922582950779446 1.1006304344433737 235 239 242 0.22
392 -0.3457231964196219 0.00046876127167991375 1.0731045169375124 98 91 81 0.38
393 0.015990296419932375 0.06102148903078382 1.0055251123129165 83 84 78 0.26
394 -0.1381905276992012 -0.07243951501475132 1.0486074593600834 26 26 24 0.42
395 -0.38008821717038876 -0.09050394564674469 0.47133039454938785 86 83 88 0.23
396 -0.3628085961135044 -0.1437068623867824 0.6795980383123341 196 190 178 0.56
397 -0.05105225345584748 0.0748405130869847 1.00565149516893 32 31 32 0.22
398 -0.03729967708337027 -0.1202671568967615 1.0324957439931486 98 91 84 1.19
399 0.029759657800081763 -0.10769510817017723 1.0319018538170126 124 122 118 0.17
400 -0.29340297180844355 -0.08159992613506885 1.0738989678078872 83 78 67 0.41
401 0.018353749172236342 -0.019982171038885645 1.0199207458561061 82 57 32 0.5
402 -0.031819803840962994 -0.1183316911174817 1.0362274964200917 110 109 105 0.83
403 -0.35113284959938523 0.016043493416289665 1.0684880434192618 38 33 27 0.27
404 0.04191510488060972 0.1560915773013362 0.9571645794675449 105 104 104 1.17
405 -0.21835529835441095 -0.0863959172157667 1.0620355576815448 154 148 138 0.48
406 -0.29218589910797715 -0.08543356905264063 1.075603254199166 155 148 133 0.4
407 -0.3622383591747846 0.06685579655482653 0.7502399437127991 127 117 108 0.57
408 -0.36522019595490296 -0.11469768732743899 0.7418300962542187 48 43 41 0.45
409 -0.013441694938010557 -0.11987261644404308 1.0342885209814483 166 156 148 0.2
410 -0.35994236131895746 -0.004428083057445538 0.7844146835319226 67 70 75 0.41
411 -0.3600502994249273 -0.012787555636912392 0.7994598324179993 150 148 143 0.42
412 0.03650839491426937 0.06947056723759115 1.0007900158176737 97 85 66 0.13
413 -0.017257406907179317 -0.07853364667526351 1.0301186709031709 140 139 128 0.56
414 -0.3493194026092531 -0.12576690403530524 0.9160046050304469 241 234 232 0.09
415 -0.14944189305821184 0.048234000452045796 1.0237664179734167 59 62 65 0.29
416 0.002891812988360137 0.07200544617087647 1.0015685439627278 182 175 155 0.23
417 0.032501449227736075 -0.10107208610992932 1.0318028006762194 163 160 157 0.25
418 0.011110290764897017 -0.09177237344453992 1.030362129884374 171 167 159 0.5
419 -0.048430579632947744 -0.08895228394568976 1.0341386377815305 116 107 96 0.36
420 -0.060639439152924836 -0.08575566013850278 1.0335420890820173 138 132 118 0.12
421 -0.1831290632675086 -0.0687150825950181 1.0558850509557465 102 92 85 0.13
422 0.0062943436610007585 -0.006223963666566328 1.017292991810569 171 164 157 0.23
423 0.02722277382823351 -0.10275544884280566 1.031859392623364 84 80 73 0.31
424 0.0414875465242805 -0.09707467426888315 1.030826510733647 130 114 83 0.22
425 0.039415084495072986 -0.09222265931352976 1.0302813254778513 161 159 152 0.45
426 0.0165176166910697 -0.08971433534705661 1.0310294659350112 109 104 97 0.23
427 0.016575754760039516 -0.08971333107694636 1.030975182902955 112 106 98 0.24
428 -0.07030766506570309 -0.08297498332417141 1.0344623363036534 166 158 145 0.25
429 -0.22303454929879843 0.029874840364499236 1.045263355785939 140 125 118 0.33
430 0.03876013975870457 0.04728218429213679 1.003775772773369 82 88 86 0.19
431 -0.06389776588224881 0.047124329468258105 1.005973287379317 84 84 84 0.11
432 -0.3039210263855988 0.05030769483407181 1.0502976629555865 72 74 78 0.21
433 0.00643760679638725 0.09107417475907566 1.0004049866015252 130 122 110 0.27
434 -0.13060346910992535 -0.15217987075782163 1.0590976138077695 99 99 99 0.24
435 0.023926830589299092 -0.10807368137381682 1.0337988068641628 153 146 133 0.31
436 -0.09559870500993996 -0.07845755652237642 1.0405873669890142 99 96 86 0.6
437 -0.2251239764408374 -0.08069906083394472 1.0631239802868409 161 156 141 0.36
438 -0.1012090821792755 -0.03505402669974391 1.0358787146607658 140 134 120 0.25
439 -0.1711548478415444 -0.024536861674319267 1.045671940285879 75 68 51 0.15
440 -0.20438036949464333 -0.022237148067723055 1.0502613933489153 156 131 92 0.42
441 -0.006036059556312976 -0.012999090336962437 1.02035595451346 43 42 40 0.32
442 -0.0026639229529124638 -0.011873881441424983 1.0189787293996135 178 170 155 0.43
443 0.0192267892182501 -0.1125520716222047 1.034274412907451 155 150 144 0.45
444 -0.16667323031661388 -0.021189591378924733 1.0436475269382879 73 60 39 0.41
445 -7.690060410703413e-05 0.1085462388399346 0.996125992162671 141 139 131 0.61
446 0.0012389341418430264 -0.13450368213083616 1.0357094819402666 157 150 140 0.37
447 -0.10208526221345221 0.010281688797611292 1.0273263644270427 140 134 123 0.21
448 -0.03158970015616471 0.05339967529569244 1.0036485223415876 141 136 127 0.37
449 -0.03652270543834107 -0.12108173526360018 1.0332017443773691 88 74 62 0.7
450 0.013199473050288195 0.05997502494740157 1.0051853082683597 126 118 101 0.1
451 0.033484039500158276 0.06179444425779774 1.001259258816377 63 60 51 0.55
452 -0.1841277262237366 0.06347595406206209 1.0294599486370926 43 40 35 0.17
453 -0.07108622261873292 0.0701128545982399 1.003526521032267 163 159 148 0.3
454 -0.03658487049654468 -0.05877153334766723 1.0259264192890456 42 44 40 0.92
455 -0.0004185134466786216 0.06167753274070286 1.0022248388850523 95 89 74 0.34
456 0.00250894405087034 0.08415312557887251 0.9994592480493859 156 149 136 0.32
457 0.03326905221900532 -0.10952815881564847 1.0335328532215544 149 144 134 0.32
458 -0.14578808197444493 -0.11309794193230548 1.0560938529845993 127 127 125 0.43
459 -0.34947452528704737 -0.13401215557016719 0.9181230067611396 246 241 244 0.35
460 -0.052971936978512144 -0.10988762194391782 1.0323686095673297 92 79 66 0.36
461 -0.251927370001886 -0.12572925027997628 1.0734631830851902 164 163 159 0.58
462 -0.3474317580167571 -0.11364827136537689 0.870759530345253 133 130 123 0.34
463 -0.1847504573833526 -0.10097534964630259 1.0531360536820165 59 55 49 0.15
464 -0.37651129236187103 -0.12081075856063628 1.0999178094605537 220 224 220 0.33
465 -0.05286016991303019 -0.07893467956992688 1.0320234272444069 111 108 95 0.52
466 -0.16321145737418696 -0.08175015298302024 1.0523318710498233 154 148 142 0.19
467 -0.45800842294950855 -0.10737427728693676 1.1179110764091775 83 79 76 1.06
468 -0.45800842294950855 -0.10737427728693676 1.1179110764091775 83 79 76 1.06
469 -0.4397270322965213 -0.1061596807635258 1.1080487681825497 80 82 85 0.3
470 -0.44837987536420426 -0.10380375599649186 1.1114104941241503 141 136 136 0.14
471 -0.4511807064859508 -0.08400828366112545 1.1047409245467177 84 86 89 0.4
472 -0.14752345879059095 -0.05521233614540095 1.0440280943097489 162 144 120 0.21
473 -0.37684766112102913 -0.07611877107098922 1.0928635664793134 88 80 78 0.13
474 0.031310353639108356 -0.030828167479329514 1.0208351160984315 155 152 142 0.26
475 -0.3982147825598466 -0.06398337278857406 1.096318581626575 123 122 116 0.32
476 -0.3466568007635699 -0.050338113917737966 0.9217431420197859 139 138 133 0.29
477 -0.4064467662968484 -0.056356718659642695 1.0905354096017073 159 162 161 0.38
478 -0.18423708309300205 -0.029769086019570096 1.0494044810850447 124 115 99 0.22
479 -0.37797975258663746 -0.04336816907552961 1.0864959097977376 122 111 101 0.29
480 -0.03935667381228104 -0.01316890960197245 1.0206243256863352 39 35 32 0.54
481 -0.34694190244215983 0.0023770459245374036 1.0687887709870376 112 104 96 0.31
482 -0.39462715633346235 0.004292095978175113 1.0817049200153879 101 98 95 0.23
483 -0.3113515512994784 0.01077270866936994 1.062877107795196 143 117 83 0.42
484 -0.3481303953837172 0.011977642358704637 1.0654180376695974 91 86 82 0.16
485 -0.319915074125859 0.01355182406501664 1.0633441511617903 80 72 62 0.05
486 -0.4059974631631709 0.015739558658593316 1.0798820256530746 37 33 26 0.43
487 -0.12667905224152368 0.04626337070761238 1.0231607960985338 88 68 41 0.11
488 -0.2561471645204363 0.04501813310444739 1.0479692220922883 128 118 100 0.22
489 -0.22685979230977707 0.04835752576337407 1.036031517217693 63 67 66 0.43
490 -0.2565530482264576 -0.14945434512091837 1.0819296915700094 113 114 116 0.55
491 -0.3016823368455808 -0.12404977249048482 1.0896161051700644 247 247 242 0.3
492 -0.37335044996987243 -0.1158553860004154 1.097402632526542 91 89 88 0.21
493 -0.3521227276668817 -0.08122068536242086 1.0871381821904003 120 121 119 0.3
494 -0.34112190161959915 -0.07083626437283586 1.0856909029483501 135 134 133 0.16
495 -0.3713311839169692 -0.07330206241339127 1.0909321718616458 130 124 119 0.34
496 -0.41732620913307616 -0.0724627438410633 1.0990664542842319 63 61 61 0.3
497 -0.3964211845319218 -0.05801361107527205 1.0933620316317405 120 122 120 0.44
498 -0.3705857657740119 -0.05554421478382747 1.0851549963263762 39 37 31 0.24
499 -0.08310389300372507 -0.022696756860277743 1.0289184426220537 82 67 41 0.17
500 -0.41680383617602346 -0.04651540086395526 1.0923110409832009 97 96 91 0.39
501 -0.08086553147443637 -0.01905266351755556 1.0274133406608814 144 129 98 0.43
502 -0.02219507591168235 -0.012451381617380021 1.022140276305083 36 30 26 0.17
503 -0.41826042308075195 -0.02960016753781141 1.0887087714254577 119 122 124 0.23
504 -0.2377675484064389 -0.01052138237543875 1.0521692384863721 31 29 27 0.3
505 -0.22003931013966066 0.0071744003014461545 1.0512253013699207 47 42 38 0.18
506 -0.3679147221120773 0.0001267429722172197 1.0793688630652627 41 39 38 0.48
507 -0.375220813860424 0.0031807515155450024 1.073460195145598 121 118 112 0.46
508 -0.4111515364189402 0.011757967692713782 1.081668705685337 108 108 108 0.24
509 -0.31652797938929955 0.021750813198198223 1.0622739027682269 66 48 32 0.26
510 -0.3924785720434201 0.018400844746969302 1.0786118815346424 46 43 41 0.18
511 -0.40334788066488714 0.07248252975038347 1.0679559481991903 39 38 32 0.4
512 -0.4153570199116146 0.07199843509988456 1.0700848813620882 39 39 38 0.4
513 -0.40636416527492575 0.07284901343222382 1.0653020942412041 122 122 120 0.42
514 -0.259378270698182 -0.15484363201182358 1.0797453177757117 107 108 104 0.45
515 -0.02597266115674063 -0.11703045771985535 1.0359031307267796 154 146 125 0.27
516 -0.36889437757362814 -0.12043191014111809 1.0980158220558518 73 77 76 0.32
517 -0.4635223526252568 -0.12829846990325303 1.1202147275138439 238 244 238 1.29
518 -0.35308804780117675 -0.09791213383057307 0.8781142355148278 149 145 138 0.44
519 -0.4550273762458458 -0.11243943583548599 1.112819434137363 138 137 135 0.38
520 -0.4568592747160611 -0.11235584210926113 1.1142985506276184 150 147 145 0.3
521 -0.34944238025318836 -0.06939720917933362 0.9121288780011274 32 28 29 0.38
522 -0.3708352142529433 -0.07909056132575945 1.0911676971120794 146 145 143 0.27
523 -0.32105417322913726 -0.059275324837129315 1.0779868204069907 134 133 131 0.17
524 -0.3429051343836647 -0.058835973958095415 1.0818453186130945 106 100 99 0.37
525 -0.29520717014143105 -0.00980023404592908 1.0661530232017988 32 30 28 0.19
526 -0.31883351443923147 0.0016224754186627277 1.0636429325160712 127 120 116 0.05
527 -0.3490597845883995 0.022881599937118333 1.0646856532906557 120 114 103 0.35
528 -0.4127567045149621 0.03549505639546426 1.0796443999569545 146 140 130 0.43
529 -0.12776898257454472 -0.13628348077968908 1.0575217619562896 83 79 73 0.36
530 -0.352432250826211 -0.12537117135627013 0.8632116288323627 69 66 62 0.57
531 -0.036064718776763566 -0.10321105588064446 1.035840425202547 102 97 76 0.27
532 -0.3063243132137272 -0.12037992479519313 1.0884275266787007 94 92 89 0.26
533 -0.4296205585216353 -0.1080172416760144 1.1081879176156617 75 73 82 0.2
534 -0.35862760150537454 -0.07927325792409594 0.8254003990734815 36 35 31 0.39
535 -0.38611792313815224 -0.09879841374564063 1.1022736818559382 78 81 79 0.19
536 -0.35679615265687775 -0.07745976138632453 0.8345501266124686 63 57 54 0.29
537 -0.43493366132756545 -0.10266298551627935 1.1219323775719812 240 244 249 0.93
538 -0.3494416395868037 -0.06774897794099294 0.9187348202534675 138 137 133 0.2
539 -0.3560356895982952 -0.052637636047388185 0.8185584720816061 42 40 38 0.21
540 -0.4143868709594397 -0.06660361816284872 1.0993218074784725 182 186 186 0.3
541 -0.428349470664779 -0.0631153893241574 1.1018967492258471 55 58 62 0.44
542 -0.3155630285019871 -0.05227689477372225 1.0732331719620034 47 44 41 0.36
543 -0.3436003525822373 -0.052050875373692934 1.0813954514926123 37 35 33 0.37
544 -0.08561739228065805 -0.02290987438544896 1.0290876200711387 81 64 48 0.2
545 -0.3588205001190389 0.0021244069146058317 0.8103886462108136 26 27 23 0.27
546 -0.3576684523866042 0.018708615103689197 0.8065418210010793 31 30 24 0.01
547 -0.43088858878589187 0.07068694631479412 1.0680477591679387 122 124 119 0.88
548 -0.43088858878589187 0.07068694631479412 1.0680477591679387 122 124 119 0.88
549 -0.33359690447432166 0.07599070336346905 1.054970005888435 43 43 38 0.21
550 -0.36328122767281956 -0.19388884867864642 0.7988110750543184 240 241 241 0.48
551 -0.35467358302179114 -0.1208691190382435 0.8926219439686749 59 57 55 0.25
552 -0.3544055580465165 -0.1207783449803742 0.8923531592266823 60 58 56 0.25
553 -0.362426182788156 -0.053766143743403466 0.7740412406867485 42 35 31 0.11
554 -0.3891844386188156 -0.06746113226642306 1.0948015862481115 47 47 50 0.22
555 -0.40264577788851924 -0.05127926697636274 1.093141349429721 45 41 37 0.23
556 -0.3451413372975846 0.008398512131603806 1.0691490278198417 32 28 26 0.23
557 -0.30137398060559173 -0.1281538341572889 1.0973528158301453 245 245 240 0.22
558 -0.2818756281676253 -0.1162361568527575 1.0828323613037703 89 90 88 0.95
559 -0.34831526488706277 -0.07070543427961537 1.0859656791016747 107 109 108 0.39
560 -0.34732951965030096 -0.07041009086684169 1.0846434391129451 122 118 113 0.39
561 -0.36309354680094114 -0.032835446741999834 1.0841728241854078 41 40 39 0.11
562 -0.3599365998511715 0.029232378789172987 1.0661492982057532 22 20 16 0.4
563 -0.4246854097288214 0.03293546384007787 1.0813594731334086 43 44 41 0.47
564 -0.42558049184168734 0.05115353036785159 1.07854033000567 40 40 39 0.21
565 -0.42558049184168734 0.05115353036785159 1.07854033000567 40 40 39 0.21
566 -0.35065367269599074 -0.1585138473425787 0.9091986479554217 249 251 250 0.4
567 -0.24987872530372626 -0.15540975945089966 1.0805938312279735 116 113 109 0.7
568 -0.35478935331678213 -0.12263298048958059 0.8790565199212478 154 152 145 0.25
569 -0.35478935331678213 -0.12263298048958059 0.8790565199212478 154 152 145 0.25
570 -0.35677623380495754 -0.10272591051574344 0.8767220539308864 122 118 108 0.42
571 -0.09325701037006652 -0.08362353458599836 1.0370825113027933 132 123 111 0.49
572 -0.29515253421839566 -0.08146197000920437 1.0769961972628037 124 112 96 1.61
573 -0.35100561989942225 -0.06882796132030013 0.9075093422516991 91 90 91 0.3
574 -0.3527204034540622 -0.01894435732557399 0.8720471451468047 59 57 60 0.65
575 -0.3479923702082854 -0.013139530908964973 0.9258593275863066 96 94 94 0.37
576 -0.24785551850295226 0.02520720283620981 1.0499634440620076 34 32 33 0.44
577 -0.35349307390794954 0.022899099771418973 0.9243881589633919 80 80 79 0.38
578 -0.35544759659211644 -0.07357422003747278 0.8836632944958566 97 95 95 0.18
579 -0.210962515765932 -0.00892967067466549 1.0503592826557213 84 86 88 0.29
580 -0.0677818673627952 -0.09804307129520608 1.031350561973374 60 54 46 0.59
581 -0.35176825847801996 -0.08422741893779588 0.9395711725214364 45 57 56 0.2
582 -0.3487845671460938 -0.0767141046049755 0.8979448707754529 69 68 68 0.42
583 -0.22276304154931717 -0.05383157782640963 1.061587130446351 115 110 103 0.26
584 -0.057884389833421694 -0.0047231964713892695 1.0230664303098218 52 48 44 0.15
585 -0.3541746715567424 -0.02968312190239108 0.8623721866763809 135 136 138 0.44
586 -0.02264440007773952 0.04684964262603209 1.0097404546824031 75 60 41 0.21
587 -0.02236950666567271 0.06471845135188171 1.0092959490910616 75 77 77 0.21
588 -0.06772872943344412 0.06111532392556826 1.0052393242303441 83 82 73 0.34
589 -0.19218918771539026 0.06263729477266887 1.0275300554540647 64 61 53 0.5
590 -0.06320422463709631 0.09406755951086741 0.998405569384545 79 77 71 0.42
591 -0.2165418188250522 0.08852912883305095 1.0326676851391723 91 84 76 0.17
592 -0.362156215064348 -0.18577179955374665 0.8082688268265281 247 251 253 0.22
593 -0.31113994210759993 -0.06716997412816587 1.0769585386554619 87 65 38 0.2
594 -0.3988453324644697 -0.07032546537204293 1.0970448521957767 124 123 124 0.19
595 -0.34708577523479395 -0.04250479906064276 0.9277254808116926 131 128 129 0.3
596 -0.3520541613350194 -0.0353458817035503 0.8593886441950214 133 134 136 0.23
597 -0.35293846042397353 -0.027305858575626046 0.922614521114167 126 126 122 1.04
598 -0.05722481442776387 0.04077772733831319 1.0153028971936606 31 30 35 0.19
599 -0.05722481442776387 0.04077772733831319 1.0153028971936606 31 30 35 0.19
600 0.00160434213719952 0.09893067430031274 0.9977821890184798 139 134 121 0.31
601 -0.19516604770602264 0.10576353963920607 1.0201399001698526 38 38 37 0.79
602 -0.061309697358212796 0.11348018681941284 0.99730834142444 97 95 93 0.63
603 -0.06593988978810432 0.11242177020757463 0.997681922687527 88 81 69 0.45
604 -0.10278519896375045 -0.13030604654022154 1.0508744610582272 123 127 127 0.23
605 -0.33433769871943153 -0.08003029708195865 1.0856903611368016 122 126 127 0.15
606 -0.09916296424014674 0.04565872327598513 1.0195555542529373 75 78 83 0.31
607 -0.06091431825126155 0.06988559762271258 1.0053084218000332 102 102 102 0.26
608 -0.11722391755850463 -0.12769332483014786 1.051757687600839 140 140 139 0.35
609 -0.4374709962984158 -0.11851023921655983 1.1136184150063926 253 253 252 0.46
610 -0.25328648337580234 -0.07758916049954832 1.0676397156310145 102 96 86 0.29
611 -0.35650822462613563 -0.03597784810871128 0.8067486973620924 73 73 74 0.11
612 -0.3548532665081813 -0.030389108313054053 0.8342724195808371 65 66 66 0.15
613 -0.3460078411746666 -0.026146535998879835 0.9332438245525658 34 30 30 0.28
614 -0.345796605885722 -0.02339129004223738 0.9465148115984865 32 31 31 0.73
615 -0.34912309706855993 -0.01713689455746044 0.9227154556600157 26 26 27 1.03
616 -0.4095450290602095 -0.00023560669526681913 1.0838916701790366 126 128 122 0.25
617 0.007039303488545723 0.052577273758199594 1.005420963493662 118 117 111 0.33
618 -0.016601323789123924 0.09875522371742511 1.0003424635410747 104 102 98 0.67
619 0.02325886208614256 0.1048524410126797 0.9956773967737601 32 33 31 0.42
620 0.021558215859124097 0.1052402100114395 0.998079076565006 35 35 34 0.48
621 -0.0478252423935359 0.11619858601660647 1.000845783638837 22 26 21 0.35
622 -0.22854312324851345 -0.11251486878577831 1.0677304651541633 149 152 154 0.54
623 -0.36319996705401547 -0.13566087976152102 1.106327427736166 91 88 90 0.7
624 -0.3489525103395325 -0.027129150750885823 0.9247249127759691 26 28 28 0.96
625 -0.4261841137236971 -0.023285225318492035 1.0927230647213377 58 60 61 0.4
626 -0.09075583557465211 0.05979976698883025 1.0129979354357754 102 99 93 0.61
627 -0.3540366016716822 -0.13755896000395965 0.8735859461051004 111 108 107 0.49
628 -0.020330482566285297 -0.08196963843844307 1.0329204554532496 126 124 108 0.59
629 -0.211107682657743 -0.07049862350688496 1.0592395734143545 23 24 24 0.47
630 -0.2921447957576608 -0.06999030649156086 1.0765249221655606 31 33 35 0.47
631 -0.3448370313844468 -0.03786274899830763 0.9261792094877863 126 125 126 0.29
632 -0.3314117192743273 0.025878014905232435 1.0650228260372543 21 22 18 0.5
633 -0.4533036158897907 -0.11148853313582478 1.1117500372374651 130 128 128 0.93
634 -0.3562929854342934 -0.07817918765244453 0.856501787308496 84 85 84 0.19
635 -0.19228757370109056 0.09221226617535325 1.02565926783363 105 104 98 0.49
636 -0.005150035075701496 -0.08224863868514574 1.0289931694681174 168 163 158 0.29
637 -0.052119764032548636 -0.08308646909861728 1.0315932858629988 176 172 159 1.01
638 -0.31095201287681407 -0.07898599067164852 1.0781409341360642 148 143 133 0.23
639 -0.10096926856086513 -0.06312698801833422 1.0414885716922377 138 119 106 0.15
640 -0.30028080849969496 0.03613340427722361 1.0557945722776914 80 75 63 0.17
641 -0.29953328642860555 -0.008675237543321883 1.0658021107698286 141 136 124 0.28
642 -0.29969146475244707 0.024702684343162615 1.0600426973398296 142 137 126 0.2
643 -0.31614562365160914 0.03050278745468105 1.0606516649408302 68 54 38 0.41
644 -0.36154497319258105 -0.1632100633366218 1.1063853288915455 235 239 238 0.35
645 -0.12629998437525997 -0.17107997284365128 1.0645389941557848 247 250 245 0.41
646 -0.06614987228179589 -0.16886588423676233 1.0518284341231854 97 102 110 0.56
647 -0.1932373637737475 -0.08106667828671463 1.0570106087674285 167 160 149 0.22
648 0.006726728297077006 -0.05232237448905319 1.0255496193190075 175 163 156 0.29
649 -0.2451009858241996 -0.08051280369951805 1.0676232447014933 150 140 128 0.24
650 -0.24488303437520953 -0.08048521070349307 1.0673976254571367 147 137 125 0.24
651 -0.06524026279975005 -0.05715846215690658 1.0280388499876758 161 151 138 0.14
652 -0.06996649430150884 -0.0557899926899706 1.02840837048083 151 150 141 0.13
653 -0.026232556803755545 -0.04526722635983416 1.0301103453865612 122 117 116 0.39
654 -0.058711103198635005 -0.04689964608475676 1.0294818106896637 113 107 104 0.38
655 -0.18480496704426227 -0.04947091145084303 1.0536940930288612 111 108 104 0.22
656 -0.2999047994521875 -0.060486637712255466 1.077012470155715 119 111 104 0.09
657 -0.3452270659169732 -0.03362871974790832 0.9614924925291275 155 155 152 0.46
658 -0.3452270659169732 -0.03362871974790832 0.9614924925291275 155 155 152 0.46
659 -0.06586978225357845 -0.01343238620994878 1.0212370098150805 119 120 115 0.3
660 -0.22252358286264426 -0.004798517762428341 1.051027145714768 116 114 106 0.31
661 -0.2209429323794186 -0.001998854042069185 1.052567877699271 59 55 53 0.25
662 -0.10816625528884534 0.0398251654520479 1.019029674633814 97 103 107 0.16
663 -0.14330549998912726 0.04071754444672438 1.0320752411740481 56 56 55 0.08
664 -0.34321405001734623 0.049874740517336875 1.0645822679181307 92 96 95 0.3
665 0.006622753397903185 0.08732944917266039 1.000802119029981 122 116 112 0.47
666 0.0045465334266714084 0.08883474474363795 1.0003696019937938 100 91 84 0.55
667 0.0009702515675093031 0.10520091197603572 0.9963692102682117 152 150 140 0.49
668 -0.2982622129625094 0.10755118641274253 1.0418549529566412 85 86 81 0.76
669 -0.02987540523905396 0.1223672698392785 0.9997972012188255 108 104 96 0.49
670 -0.4789810079085044 -0.1015570058394445 1.1181434901267946 154 161 166 0.87
671 -0.47430963475226723 -0.09823148779168914 1.1166776315533022 185 190 194 0.45
672 -0.3454650807952684 -0.06304974363240852 0.936283718277369 71 70 64 0.5
673 -0.05862630295350369 -0.043268696385852415 1.0288160150321433 124 120 115 0.21
674 -0.3495468798957808 -0.04491750141011268 0.9360595199677747 67 66 63 1.09
675 -0.34954687990341515 -0.04491750141177119 0.9360595199766274 67 66 63 1.09
676 -0.22118036399572846 -0.006852455916561038 1.0537379579407637 58 56 55 0.07
677 -0.04579504422574104 0.0437776219741754 1.0112814571311644 112 110 115 0.24
678 -0.05364876847169988 0.043592557783559825 1.0124400183462567 107 107 109 0.16
679 -0.3951421744046907 0.06919687375773716 1.0679211542741613 73 72 70 0.67
680 -0.34459478298213714 0.07190722995134574 1.0542028887116306 49 48 50 0.08
681 -0.02743278600322926 0.10160506101700906 0.9990937624745887 126 113 106 0.1
682 0.006293487627981017 0.10426960959039241 0.997928085096044 125 125 121 0.44
683 -0.193232916961289 0.10894990414104953 1.0211266002449875 91 92 92 0.1
684 0.03448671579367981 0.11190108937701497 0.9917694441500787 137 133 129 0.23
685 -0.36116063928739617 -0.10769178669724071 1.0950187886383496 42 40 42 0.3
686 -0.4414228716440188 -0.11359338734752254 1.1087194864243914 91 89 92 0.18
687 0.02672441803087768 -0.012979791849939158 1.0204992201237026 22 26 24 0.17
688 -0.38187257194923613 -0.03596949137816484 1.0862397481871602 43 37 39 0.34
689 -0.17079832769062236 -0.011700376499863871 1.0431060112693387 34 27 26 0.36
690 -0.4011351427926074 -0.0038494889878875225 1.0836307202788578 68 61 52 0.4
691 0.0026176875764804012 0.07974622934011319 1.0005202067681227 164 156 138 0.36
692 -0.41998594700459346 0.0821399978244405 1.0710043604778858 41 38 39 0.32
693 -0.41073340356343724 0.0843164792688853 1.0664094752538702 97 100 104 0.62
694 -0.42278787952648916 0.09348215517335651 1.0685181991139705 69 70 72 0.46
695 -0.06373713224300635 0.12035163774370489 0.9995415416040387 106 104 98 0.62
696 -0.06527528078692248 0.1398473128560859 0.9978830229562754 120 121 114 0.76
697 -0.3639643781417647 -0.08533978944591918 1.093212844848123 41 38 38 0.33
698 -0.35445139278326787 -0.04080059914340021 0.9421702239966411 181 179 175 1.25
699 -0.1408485167760237 -0.010931691084390063 1.0396702641788216 46 42 39 0.27
700 -0.16147284146427704 -0.011474598204899045 1.0407013261923819 31 27 23 0.29
701 -0.34574954698654553 0.001262643331785766 0.9312403048481348 171 167 155 0.75
702 -0.34491632851179627 0.002808113791323143 0.9380113295213256 150 145 135 0.46
703 -0.345066917187935 0.05362263980747098 0.9310602199423562 24 22 22 0.18
704 -0.18706741994992462 0.0846301321232073 1.025586674678546 121 119 111 0.47
705 -0.044633470054348895 0.10260166038576186 0.9997146429015079 31 27 23 0.27
706 -0.17432905404664462 -0.07952039463782812 1.05307067545952 110 102 91 0.27
707 -0.4398370417393999 -0.0662562765649008 1.1046440867334506 173 178 186 0.45
708 -0.3450607483432714 0.012280815311695531 0.9321157566250328 175 172 171 0.49
709 -0.34506074834306566 0.012280815311696891 0.9321157566248409 175 172 171 0.49
710 -0.34997095650488136 0.01203265951157972 0.9441345979645345 47 47 43 0.5
711 -0.43138971602768245 0.010002554709484484 1.0796272701072473 158 163 163 0.38
712 -0.3708020445793165 0.037547120827199895 1.0650813887141495 97 96 97 0.24
713 -0.1976723760520505 0.07507832294083465 1.0281679109487223 131 125 109 0.69
714 -0.3949914722590066 -0.0077143412916818414 1.087374630788403 31 29 31 0.5
715 -0.39224683130490645 -0.035361994149826714 1.0880658388528937 22 24 28 0.3
716 -0.36548246062605816 -0.11850747233905072 1.1033988543322202 103 102 104 0.57
717 -0.38181348593383646 -0.2357667900457939 0.5691786593126412 235 232 226 0.49
718 -0.36325197358364164 -0.06948546050105227 0.651560625791093 143 145 143 0.2
719 -0.35716691779472315 -0.06667197325464741 0.6629259727468241 86 82 75 0.36
720 -0.3677165144918098 -0.06504339803953096 0.6304567930818857 194 191 188 0.2
721 -0.3579588454179294 -0.06319411410103537 0.667171878853664 176 168 163 0.22
722 -0.3580077750179551 0.028271656114657873 0.7375861886839098 38 35 26 0.22
723 -0.3629708104148743 -0.058316029441337076 0.7304948873610086 170 169 166 0.21
724 -0.14200023122973326 -0.10855178481074124 1.056194540855867 162 166 165 0.2
725 -0.36879884847024447 -0.059568785807679325 0.6371076783561543 36 35 34 0.41
726 -0.3667358401122305 -0.06078376406373806 0.6442768761636419 139 136 133 0.18
727 -0.06446281910469527 -0.14466554671595558 1.044534862453515 174 176 178 0.35
728 -0.3635135562046382 -0.013258463720242895 0.7347010601896999 71 70 74 0.42
729 -0.11135462254400408 -0.1154836686310763 1.0515448218469823 164 171 171 0.27
730 -0.3481215525931123 0.08197165957564022 1.0480540466931085 92 93 93 0.23
731 -0.3541445410972504 -0.20562934317270645 0.8924471554264444 95 97 107 0.34
732 -0.38064191076390713 -0.22887311945121497 0.4828380119113096 100 86 103 0.72
733 -0.38286334558510066 -0.2020269255270337 0.47222910945287677 179 172 169 0.47
734 -0.37683796773501754 -0.21149181334835482 0.545852056964926 57 44 41 0.41
735 -0.3740677656980114 -0.09720167001522893 0.5334529797340252 70 68 58 0.2
736 -0.3746085053447027 -0.0561173402374159 0.5266367413362103 47 42 40 0.14
737 -0.36915308610494374 0.02502703009125952 0.5826982498392606 181 165 140 0.68
738 -0.3737199226086244 0.02287547829884795 0.5055066825082706 174 167 152 0.18
739 -0.36586949276327185 -0.25809972689079447 0.7038309309530193 109 110 124 0.19
740 -0.36586949276327185 -0.25809972689079447 0.7038309309530193 109 110 124 0.19
741 -0.10793329815299364 -0.08791407756444847 1.0444231238604134 128 124 115 0.37
742 -0.09554283632009396 -0.08526127600924792 1.0400419150080578 109 106 94 0.41
743 -0.2578916196879807 -0.07575331681218239 1.06702959800908 102 95 81 0.18
744 -0.3446460078448106 -0.04564129807744639 1.0774506201760843 105 97 86 0.13
745 -0.34877117728146784 0.04023390523813129 0.9149712935200459 78 70 66 0.36
746 -0.3435641003102649 0.06768650804544404 1.0616504064017829 103 101 87 0.2
747 -0.03508479451007925 0.07067065346762161 1.003008487795437 154 143 121 0.31
748 0.002132442940742054 0.09302554531993229 0.9982065249552192 160 153 139 0.12
749 -0.14204158256746435 0.10231845387789959 1.018407981374803 114 112 105 0.25
750 -0.040162396497472726 0.12837285948682772 0.993483629572867 141 130 110 0.85
751 -0.03804802969216439 0.1336798221018761 0.993183247099164 108 96 75 0.88
752 -0.03813526640585182 0.13362347458193835 0.992927316926286 111 99 73 1.04
753 -0.3464833099620976 0.036604814886393444 0.9286621758474657 64 60 60 0.38
754 -0.1438144809262568 0.06265620180216593 1.0230719078628623 53 47 33 0.09
755 -0.03691302079552096 0.14242447247594842 0.9915069149640343 95 84 63 0.24
756 -0.3475914654015947 -0.0285659915732324 0.9109099480273516 53 51 50 0.33
757 -0.34898366750834064 0.08366846363075443 0.8977681907724632 41 43 34 0.44
758 -0.3491813216745307 -0.05520743713458321 0.9095236768900745 38 34 37 0.44
759 -0.3482260871099634 0.04265505441213725 0.9047489026697203 44 45 42 0.52
760 -0.34673054916652896 0.051205747607215614 0.9195139122812016 23 21 23 0.43
761 -0.3483744238333501 0.06333252793573228 0.9075396384045239 24 23 23 0.18
762 -0.3487809982438836 0.07852705047293942 0.904483671945864 30 28 26 0.2
763 -0.36821446975316996 -0.10028483701949883 1.094557575699472 141 141 141 0.37
764 -0.034331448579827326 0.12841332264885547 0.9942649306670505 125 114 94 0.53
765 0.0009783976877786394 -0.13451133645743563 1.0359373367206923 159 150 137 0.24
766 -0.0021829309667662825 -0.08479831508897206 1.02969970045446 86 88 85 0.29
767 -0.3694464371222108 -0.12522627867836683 1.100941894246022 212 210 211 0.22
768 -0.20529500014752913 -0.08337861709309571 1.059853286563947 83 79 72 0.25
769 -0.21505038312897054 -0.08094850411659626 1.0630176017733033 175 168 157 0.19
770 -0.2127215787522882 -0.08053804338293616 1.0600670888011765 165 159 146 0.32
771 -0.22969229775441413 -0.08054874622451086 1.0631330576216578 158 155 143 0.34
772 -0.21951941608253517 -0.016149370497206945 1.0542903552618554 90 79 56 0.1
773 -0.3423645466802583 -0.012427873320519901 1.0754032144047103 109 106 94 0.07
774 -0.3118496195630873 0.007987109539721078 1.060124882521445 50 34 12 0.09
775 -0.320361991830152 0.023475483113278114 1.0624022639468111 98 87 71 0.28
776 -0.06397061244531622 0.0682390758986991 1.00408024084911 84 80 70 0.29
777 0.005784827919849523 0.10212652750697922 0.9948683167794634 115 110 97 0.49
778 0.004177924324496512 0.10582804129557771 0.9962130707971906 104 102 100 0.3
779 -0.03493730223452671 0.13816745262650357 0.9974723945305185 123 116 101 0.78
780 -0.3662968127650192 -0.04044110042215288 1.0844186518217207 76 72 68 0.3
781 -0.34411322829178087 -0.02967959576666098 0.9604889067709591 157 158 152 0.61
782 -0.3240737590318116 0.011697646208896155 1.063268109393825 43 41 38 0.1
783 -0.3157841928387097 0.016278909021884575 1.0624932630143427 58 40 24 0.23
784 -0.34526535544067777 0.031847254591675936 0.9480219015625747 54 53 54 0.46
785 -0.06279364122836632 0.07266876123389962 1.0024127167175851 105 95 84 0.52
786 -0.34388989659890273 0.10428307335908585 1.050519218722426 38 37 27 0.67
787 -0.042524062483447145 0.1403595566366696 0.9950843119776082 125 117 105 0.96
788 -0.3498486851474647 -0.08527727140608388 1.0893362771177129 61 60 59 0.12
789 -0.33566359641154303 -0.0709490362303683 1.0865975796471026 27 30 34 0.51
790 -0.33340466481949277 -0.07081584347157789 1.0841920730468473 29 32 37 0.11
791 -0.34547604877375493 0.02282602453207608 0.9498416962267112 31 29 26 0.56
792 0.00736722509028636 0.07046344055795097 1.0030689305694518 116 113 102 0.15
793 -0.060217985608645025 0.06927373962601847 1.00442038101876 134 131 124 0.43
794 -0.044430418154447246 0.08255462318786899 1.0038491232409272 33 32 32 0.51
795 -0.36978896098708053 -0.09955726670741079 1.09666754146777 153 156 156 0.39
796 -0.36445691964362353 -0.0854750869234231 1.0936149073130654 38 37 38 0.42
797 -0.41323210721455894 0.11112517320940939 1.0634787361123867 73 73 71 0.3
798 -0.41500841120924753 -0.06669599277533737 1.09989240673545 188 193 198 0.34
799 -0.4294381165097086 -0.048112825061144095 1.0989104231044309 72 72 71 0.75
800 -0.17079944831381486 -0.021657153897589085 1.0457797816318615 73 61 43 0.41
801 -0.24845497626102983 -0.11835528398417028 1.0754206133266793 75 82 94 0.57
802 -0.12912447728465618 -0.12074193618788441 1.0547986546042227 73 81 94 0.44
803 -0.11103516502893827 -0.1153778368576765 1.0511750530648551 160 164 165 0.28
804 -0.14754798602859254 -0.023839105031749352 1.0370871119712308 168 162 146 0.69
805 -0.16845092425650574 0.008116876230408753 1.0370885581731424 47 45 47 0.13
806 -0.05096373051703366 0.07479250883148995 1.0054527261395338 31 31 33 0.21
807 -0.2639814536185554 0.0925908782868855 1.0352805566425154 146 136 124 1.24
808 -0.004759762583672874 -0.10839657925332752 1.034909576839324 160 156 154 0.23
809 -0.004857561222365303 -0.10844400839414753 1.0350073460181919 163 156 151 0.21
810 0.006656857440207461 -0.048744080089221306 1.0246448777851263 189 177 164 0.15
811 -0.1683084430038798 -0.014598587350381092 1.0437174594412921 110 107 100 0.39
812 -0.06254884372252367 0.049726944865308674 1.00852552056634 146 142 139 0.26
813 -0.06043730261897499 -0.08564531948462696 1.0333031611620098 140 139 127 0.2
814 -0.20335476930833596 -0.08076372915997933 1.0587684864897426 168 166 157 0.32
815 -0.3594548165244909 -0.09127220163502982 1.0890064150215246 69 66 63 0.17
816 -0.3172410196083012 -0.04719374984545639 1.0761936771479916 80 69 66 0.39
817 -0.34699089124301186 -0.0019522985443365484 0.9366881425438284 67 62 55 0.52
818 -0.2654366258396401 0.049280806445936916 1.0434184698021247 79 77 72 0.39
819 0.0013524847861848604 0.09647645865789754 0.9983547897479589 161 156 146 0.53
820 -0.40688124428812505 0.08409926639840164 1.0622933020114609 135 134 132 0.63
821 -0.3315277866649326 0.10464530632158503 1.049402052932696 28 28 20 0.09
822 -0.4096442088934333 -0.04108108130984074 1.0888332151013298 187 188 183 0.28
823 -0.3458706845120354 -0.008147466981686453 0.9366393981519243 136 131 130 0.53
824 -0.3435715573701427 0.02978788294742814 0.9277622253179244 164 161 151 1.13
825 -0.38469970791184666 -0.023593739562892523 1.0812574738722305 47 45 45 0.52
826 -0.42405628700264353 0.08006857610143613 1.0704761627598616 37 37 37 0.29
827 -0.12929092476150497 -0.12074246519907632 1.054713174093345 95 100 110 0.38
828 -0.07270147182481668 0.1250464339613592 0.9947620912039221 145 147 141 0.71
829 -0.03514879051153469 0.13050607976240683 0.9934439774155513 131 127 114 0.21
830 0.004169937227429723 -0.03322602021871613 1.0220365349304041 152 146 125 0.16
831 -0.3454499863899711 0.07197128111728807 1.0553754341046546 56 56 55 0.36
832 -0.3484838095564591 -0.1304489358992042 0.9190309700918295 136 134 140 0.47
833 -0.3645624036762814 -0.06347203604128898 0.7498602270614372 140 137 136 0.12
834 -0.19668142193281815 0.04752759619210921 1.0318682038696263 110 113 113 0.16
835 -0.356259830333245 -0.04671815921932857 0.8089233518048451 95 95 98 0.16
836 -0.34693531120804116 -0.023025366914979566 0.9409125661755227 139 136 136 0.09
837 -0.34693531120804116 -0.023025366914979566 0.9409125661755227 139 136 136 0.09
838 -0.3589965906274678 0.015028829087251122 0.7411816627349986 43 44 44 0.19
839 -0.3625119634793089 -0.042136297711167385 0.7721045673627219 49 46 47 0.09
840 -0.3587365853964413 0.06793126736784144 0.7834671044871928 156 147 140 0.32
841 -0.3641027770082695 -0.15333305258044674 0.6714771378183941 107 95 92 0.26
842 -0.03478582033701121 0.053788753326760586 1.003864429411672 136 134 129 0.59
843 -0.3466562889044177 0.093094566938172 0.9181300861499058 96 98 95 0.33
844 -0.3530709983591143 -0.07368401723074068 0.8818945969436057 86 88 93 0.34
845 -0.35054832936134894 -0.022030465005860946 0.9130269901130252 155 157 158 0.38
846 -0.35061262703070706 -0.013844730022794146 0.897310782997112 103 106 106 0.34
847 -0.15275756570900492 0.11739401851145961 1.014945593729759 105 105 97 0.29
848 -0.04862321222076906 -0.01085999590759661 1.0220928197822792 53 51 48 0.24
849 -0.26129475479044334 -0.05957679556703571 1.0662887651024657 109 101 79 0.28
850 -0.2975129742131389 -0.07232275450783264 1.0751933264268867 33 29 21 0.33
851 0.01828405704202776 -0.09402245241566293 1.031209111247676 154 149 132 0.61
852 -0.24875954255227384 -0.08216003478339472 1.1166027587611596 159 147 126 0.53
853 -0.3534031095239352 -0.19968321350540116 0.8910929398798827 113 111 118 0.28
854 -0.3672588838522617 -0.17864356633792242 0.7720620872729409 61 63 64 0.23
855 -0.3672588838522617 -0.17864356633792242 0.7720620872729409 61 63 64 0.23
856 -0.2525165229929709 -0.12819957426140016 1.0798237623587408 178 177 173 0.6
857 -0.24371088591503604 -0.12727291008134692 1.0755787017234055 161 162 158 0.12
858 -0.14825283239058237 -0.10184617245752509 1.0459846963663433 83 84 82 0.12
859 -0.35033567143457456 -0.09195378145283835 0.9033560040960261 176 175 170 0.08
860 -0.3475697702012021 -0.06679832186845583 0.9366402114675123 151 149 151 0.1
861 0.025994802769620094 0.04115954650449452 1.005898405141334 50 51 55 0.26
862 0.035701200124912 0.04596432646612578 1.0028758389648509 142 137 133 0.25
863 -0.35067759636718504 0.04035101567477279 0.8812064344941659 57 57 52 0.24
864 -0.34574893572646354 0.08320851191754344 0.9263785356984403 30 29 30 0.36
865 -0.06748425984568919 0.12466291721548095 0.9980947888479728 89 83 68 0.75
866 -0.3522594216245156 0.08185238199645438 0.8302596030181154 124 121 120 0.42
867 -0.06980034103719268 0.1408908623513808 0.9978105472490086 83 78 64 0.77
868 0.03481603069441429 -0.11387746745014277 1.0333072091893125 125 119 111 0.32
869 -0.08964690384011215 -0.10258134481371384 1.0369172009644816 86 85 85 0.04
870 -0.3513889121242849 -0.0634323718559517 0.9130040877346647 43 41 45 0.48
871 -0.35104397855418823 -0.05650553581207586 0.8997885298346456 37 38 43 0.26
872 -0.35057765510616173 -0.03874015880361264 0.8961893609181172 39 39 41 0.31
873 -0.35978178298724395 0.01208213636141918 1.067463143688323 124 118 114 0.13
874 -0.35150477946285413 0.015777113629159827 0.8870206312923806 31 31 34 0.19
875 -0.35229526852064613 0.017182971715369276 0.8990212804784623 30 26 27 0.24
876 -0.12727096988273473 0.05868073425652956 1.0209831609792948 117 116 116 0.3
877 -0.35268335410406065 0.03411284638060236 0.8962231315664426 39 35 35 0.14
878 -0.35116511051793853 0.032136105453635724 0.8841227202169124 27 26 27 0.39
879 -0.34578935637593683 0.049775201001564295 0.9078200717957319 24 21 20 0.42
880 -0.34768668687016335 0.05440951848379977 0.908462578912135 24 23 22 0.67
881 -0.3498382906415387 0.05641200397267026 0.8899200799668294 34 32 34 0.18
882 -0.3477050578431965 0.06427708243706111 0.9182603437454464 30 28 34 0.36
883 -0.34912210084524836 0.09274224959286531 0.8962857570277531 40 39 38 0.38
884 -0.3573126934067514 0.04615616513636262 0.6487926883965733 173 154 138 0.88
885 -0.3559052952030993 -0.1698238090369485 0.8872668610831981 159 157 158 0.3
886 -0.35587979877151077 -0.07979359795128689 0.8515444474448313 44 43 45 0.06
887 -0.359739015793818 -0.04803280315124568 0.8043697643512058 179 163 153 0.2
888 -0.35012675229072987 -0.000182447700607872 0.9259553249167155 132 130 124 0.27
889 -0.34947749370915127 0.03619486269278882 0.9006444118896961 138 137 138 0.27
890 -0.35281736338524844 -0.15294117838666588 0.8969994952972024 150 147 146 0.15
891 -0.3434623675483884 0.0418798218769141 0.9264827157334656 149 141 134 0.51
892 -0.3533032209395945 -0.1409160981829502 0.9006235312419495 186 185 180 0.54
893 -0.338423132157178 -0.03272207248426732 1.083824826341582 46 43 46 0.29
894 -0.34651685401454807 0.08264749299639139 0.9332492797581775 60 58 62 0.31
895 -0.06479446566500854 -0.12138595266688144 1.0398379020527115 172 177 177 0.29
896 -0.3469932915185095 -0.02672151702188628 0.9275193850180127 91 90 92 0.39
897 -0.35709562328897465 0.0214949269218799 0.8390810888179986 69 65 61 0.19
898 -0.35709562328897465 0.0214949269218799 0.8390810888179986 69 65 61 0.19
899 -0.3476414323091172 0.05160922723310205 0.9131964000678603 64 64 66 0.45
900 -0.15216466635912473 0.11731751805618673 1.0142020263390121 109 106 98 0.31
901 -0.3621877128542602 -0.05972523643483461 0.8100150688545281 174 162 150 0.43
902 -0.35203791950261576 0.03821506705685589 0.8463896869949367 145 141 140 0.32
903 -0.35118626509302536 0.0428816848309993 0.8707615865455983 134 134 136 0.42
904 -0.26531602340809435 0.09361222284836017 1.0361565955434897 127 115 105 0.25
905 0.03699941548086044 0.06621340297499462 1.0003554271537909 83 76 62 0.14
906 -0.0399199936891419 0.12427557727379851 0.993552795715042 144 139 120 0.64
907 -0.3554912292157738 -0.19765692002302396 0.8892919564377711 229 230 236 0.55
908 -0.3503682564920116 -0.1780780595465347 0.9065854943190739 161 147 145 0.73
909 -0.13369207549677573 -0.08693162704227278 1.0470196148446862 128 122 113 0.44
910 -0.22270420239172134 -0.049686867369945764 1.0605371829352086 131 126 117 0.14
911 -0.35145922558097126 -0.02585491459516585 0.8632816769848869 62 62 64 0.24
912 -0.34558389861156674 -0.00031524905837701696 0.9414782041304701 62 59 56 0.41
913 -0.22170186355157062 0.015953231201124726 1.0504465418041795 62 59 56 0.39
914 -0.06382486942499832 0.04723642087879821 1.0058439089858744 88 92 97 0.09
915 -0.10570307498900568 0.06067141580578154 1.0122576546445394 86 82 73 0.27
916 -0.3528126518182457 0.04720015122584439 0.866614255553996 119 121 126 0.36
917 0.02115648644178646 0.06247284544669412 1.0049372564982346 68 66 59 0.51
918 -0.35040400613199796 0.0909649144707444 0.8804843882932448 124 125 127 0.3
919 -0.11229183078461437 0.10553437706351936 1.0088040032415628 128 126 115 0.15
920 -0.3004351547558253 0.11349852180485899 1.0435672531243136 90 88 85 0.18
921 -0.3486164368063144 -0.1738834928703552 0.910022583784528 156 155 163 0.35
922 -0.19924438489156707 -0.020463135492342518 1.0475472466791043 99 87 64 0.23
923 -0.3466513559229272 0.0006517880825296567 0.9159854291156487 125 124 121 0.45
924 -0.13891654586726257 0.04307548652670682 1.0280262193023415 139 130 116 0.48
925 -0.3458255016594564 0.06395977837530913 0.9359682795575858 87 83 88 0.25
926 -0.3525600276573114 0.07576156841453936 0.8380377743323427 147 146 148 0.38
927 -0.3481235693468555 0.08372937261862466 0.8970359278538366 54 52 46 0.33
928 -0.17092397098899176 -0.024529292105977485 1.0454305426791228 77 64 46 0.18
929 -0.3507097507094758 0.09314972268147638 0.8910148211399189 112 113 112 0.52
930 -0.07593257579455324 -0.07387513523382598 1.030024103680893 40 46 47 0.31
931 -0.3562710493759484 -0.16412299171397374 0.8744240590507745 174 175 175 0.7
932 -0.3496105736013514 -0.022645896243931884 0.9060785471636027 162 164 165 1.06
933 -0.3496105736013514 -0.022645896243931884 0.9060785471636027 162 164 165 1.06
934 -0.3441817609014043 0.004142255803307936 0.9463400808366684 120 120 118 0.28
935 -0.3508207672045753 -0.13014140735613133 0.9136638824697473 130 125 135 0.63
936 -0.14715284893018568 0.0528747729416981 1.0228290994787461 149 150 147 0.33
937 0.012686874389570982 -0.13744054365967281 1.0367127040916397 137 132 127 1.79
938 -0.0703454769999538 -0.06526242966846416 1.0298889600194354 152 130 102 0.14
939 0.004924578204341609 0.04714890981183637 1.0044242477595962 77 84 86 0.17
940 -0.3518597085043435 -0.09006706710701819 0.9114087668261331 143 142 144 0.47
941 -0.35227472764297757 -0.08719922934326624 0.9413496010150654 207 220 220 0.24
942 -0.3430099845935558 -0.06434146612295512 1.0852867941135005 124 128 131 0.17
943 -0.14698193345000463 0.061129996523397984 1.018899706584236 86 84 75 0.55
944 -0.3486665767159868 0.028892452303271275 0.9086575487338328 141 139 135 0.16
945 -0.3495928498743973 -0.03384615642823956 0.9124755527950225 148 146 149 0.19
946 -0.354652985036402 0.022611550994596455 0.8602653232628354 36 35 36 0.21
947 -0.35155942758674036 -0.0547969931153621 0.9374055570571964 143 142 142 1.79
948 -0.06511224027459805 -0.06751867382455601 1.0294767047246636 166 128 84 0.29
949 -0.2971025147440157 -0.0721719382746854 1.0746879608760669 42 37 28 0.28
950 -0.22850598166978023 0.06294009524880491 1.0340412337107343 82 75 65 0.22
951 -0.02646230511250925 0.05514139485658435 1.0040062440086155 145 144 137 0.31
952 -0.010554841601531953 -0.10072501884863991 1.0264479424502337 161 155 142 0.68
953 0.023662311389446692 -0.0898941523722455 1.0300372052181204 120 113 103 0.76
954 -0.35149903355239925 -0.08382199985162278 0.8720631955152909 148 138 131 0.23
955 -0.1653035890663512 -0.02405384654431225 1.0451793578321706 163 147 116 0.1
956 -0.29134325050082277 -0.017096771345680935 1.065484500377491 146 118 91 0.23
957 -0.3256847121485701 -0.001510581248118071 1.068867160526505 63 54 47 0.36
958 -0.19201896472748398 0.09925009603835465 1.022667287178873 120 117 110 0.9
959 -0.4603750717891126 -0.09757277786719971 1.1215652924632886 200 202 201 1.62
960 -0.3571276150084921 -0.1294776972668272 0.8533393837397671 157 146 138 0.22
961 -0.3807277631063307 0.014615606139561334 0.43973966864651365 176 171 167 0.23
962 -0.10842230624348613 0.011995714447477672 1.027061546507163 178 158 119 0.26
963 -0.10842230624348613 0.011995714447477672 1.027061546507163 178 158 119 0.26
964 0.016501180849884983 0.06509008313992369 1.0061908153398038 95 93 88 0.44
