# 3D point list with one line of data per point:
#   POINT3D_ID, X, Y, Z, R, G, B, ERROR, TRACK[] as (IMAGE_ID, POINT2D_IDX)
# Number of points: 769, mean track length: 5.13
0 -0.2211155592909943 -0.2117500547389345 1.172973661871247 101 104 115 0.31
1 -0.2325494214081559 -0.1793396186353414 1.170447348534965 151 148 155 0.32
2 -0.2117985228893672 -0.1727270983185081 1.178144704508708 144 140 143 0.33
3 -0.2118153923569003 -0.1687651491954067 1.178832818641148 146 154 159 0.31
4 -0.2375355987919525 -0.1619226463302437 1.16763720722141 117 124 128 0.19
5 -0.2386834289617963 -0.1599927813889319 1.167135275940894 154 160 164 0.15
6 -0.1811033383110751 -0.1697176606564514 1.191154780235636 162 158 150 0.36
7 -0.1631789471864718 -0.1680192318352843 1.197995682743782 177 174 163 0.3
8 -0.1936182882324385 -0.1548388183145794 1.182183070917923 96 94 98 0.21
9 -0.129808459014447 -0.1604737136234291 1.212758319832288 144 145 138 0.44
10 -0.1043307169400266 -0.1572669042347035 1.222421736986976 148 152 153 0.51
11 -0.08193665173724907 -0.1313898728385853 1.229037290125408 135 130 129 0.15
12 -0.1790508907543448 -0.08671761720551351 1.184259482621595 153 158 164 0.1
13 -0.09691442711397127 -0.09113766021108373 1.218150300552341 119 95 77 0.2
14 -0.1099789033490969 -0.08598619525352773 1.214342039573946 154 154 142 0.26
15 -0.2445672080929078 -0.1758268961696393 1.166836768066047 142 148 156 0.39
16 -0.2348219823001274 -0.176904320258077 1.169683290295263 152 152 152 0.41
17 -0.2174671012729413 -0.1783045327222943 1.176109395570875 132 127 123 0.19
18 -0.3439863228850742 -0.1624913153128366 1.138406725005489 116 112 116 0.27
19 -0.2583473351254142 -0.169346663472967 1.159759184907145 128 126 127 0.48
20 -0.1378096072800649 -0.186962864913617 1.211969683496533 142 137 135 0.09
21 -0.2496230349635486 -0.1657561157369188 1.161963062808699 116 125 133 0.59
22 -0.2439857606589518 -0.1571758040233922 1.164278293967979 138 142 144 0.24
23 -0.2206218855176182 -0.1581915376910074 1.172210101712905 141 132 123 0.2
24 -0.2232686865338462 -0.156278119924454 1.171362320132588 132 128 130 0.31
25 -0.2189928062945398 -0.1560697041163495 1.173071180966831 126 122 121 0.23
26 -0.2109162547632594 -0.1566579634178761 1.177989682347468 118 123 127 0.33
27 -0.2004839135419603 -0.1551108870138976 1.17947474847345 106 102 102 0.21
28 -0.08140501082470891 -0.1627790422979025 1.230408589537832 127 132 141 0.29
29 -0.1088350061369589 -0.1563594546328678 1.21828935284225 154 160 168 0.12
30 -0.09825128364814059 -0.1569165768633061 1.22393659730353 143 151 153 0.44
31 -0.07729654985854761 -0.1606029071871654 1.234905988922346 114 118 121 0.43
32 -0.07990416720902288 -0.1561627650392691 1.231379956632778 154 148 135 0.28
33 -0.09314281227147947 -0.1537074329879865 1.225144968457769 102 108 115 0.26
34 -0.07116494843781448 -0.1528717334715989 1.234038835006494 85 91 96 0.31
35 -0.06045552493121875 -0.1558649816051504 1.241661034906465 114 122 128 0.25
36 -0.1468747092459673 -0.1237841486459747 1.20082727772033 157 159 161 0.29
37 -0.2527746903569109 -0.1132453511503886 1.162628170650761 70 74 86 0.25
38 -0.1746071559846511 -0.004489276112072657 1.178155818672158 117 116 100 0.51
39 -0.1726957262147918 -0.2020373097843005 1.197826884812734 127 122 118 0.27
40 -0.1725495805002586 -0.1985175204333156 1.198189575972674 149 142 133 0.31
41 -0.239960509531692 -0.1817421832821736 1.16797158311048 144 132 118 0.4
42 -0.2194418457147296 -0.1833071935866818 1.177491627265802 145 153 161 0.41
43 -0.3613499173742613 -0.159399113263333 1.131945785281921 128 120 116 0.27
44 -0.2636212607736756 -0.168369636362079 1.15720151780552 152 141 131 0.58
45 -0.3234732623754638 -0.1613172063482268 1.142580245278223 96 92 96 0.24
46 -0.1343972273005345 -0.1865788742295255 1.212199958113461 120 117 119 0.22
47 -0.1218754822350995 -0.1873649627078902 1.21658964732633 113 116 120 0.1
48 -0.3007398500536331 -0.1579892409376101 1.14808497467793 106 96 82 0.81
49 -0.2686862559806919 -0.1579248722166294 1.154181406004224 146 142 143 0.2
50 -0.2143600292477049 -0.1670156825400457 1.176879016147883 147 140 127 0.33
51 -0.1177462879877079 -0.1784648430805212 1.219379259804632 130 135 142 0.58
52 -0.2171241814861884 -0.1587220142344922 1.174492757296382 122 117 123 0.1
53 -0.1972774645515728 -0.1551950642856806 1.181338230142854 109 106 112 0.08
54 -0.2072325986296585 -0.1526570057457218 1.177732155742917 148 132 103 0.14
55 -0.1431174651967976 -0.1599611862854096 1.203666569418487 147 150 155 0.16
56 -0.04403889764770783 -0.1621499048995976 1.246604250210078 84 77 69 0.19
57 0.004561403502004791 -0.1583024820466193 1.271896398821486 111 107 96 0.82
58 0.0574549147838479 -0.1567221590524489 1.292007693106481 83 83 76 0.25
59 0.1309066188923839 -0.1590359176104884 1.322452632972731 80 75 70 0.36
60 -0.3066076423344591 -0.1018235986746931 1.143656580377251 95 92 104 0.21
61 -0.2547303431964418 -0.08402462253093805 1.159475628576013 39 50 65 0.39
62 -0.2446242374565954 -0.03505671267412207 1.150610094610936 163 136 101 0.25
63 -0.1407219037675274 0.02353884822846441 1.189850375837749 151 150 145 0.43
64 -0.2415439433299996 0.04234175998157931 1.145574889281788 118 116 115 0.41
65 -0.2207246690062493 -0.208275880953359 1.171565844268744 79 81 83 0.68
66 -0.07207478789862001 -0.2420048583027204 1.243209812836649 120 136 166 0.24
67 -0.2178148789985749 -0.2051367440537287 1.176310446945507 98 96 97 0.5
68 -0.1393498583823965 -0.2046027162228288 1.209970350557042 80 77 72 0.02
69 -0.1428251250445353 -0.2018069588939265 1.210122500179062 140 141 145 0.34
70 -0.360083296802318 -0.165232016323201 1.133794143800646 94 82 70 0.2
71 -0.2715489361747138 -0.1702971030323691 1.150333480596545 134 124 109 0.95
72 -0.3461829549689119 -0.1658569463750463 1.138065429248813 111 107 108 0.32
73 -0.1627169200609053 -0.187661081307073 1.199405719278244 116 112 115 0.39
74 -0.309542664366197 -0.1644347787715429 1.14653254304753 106 104 103 0.82
75 -0.2200926838775462 -0.1750171563289068 1.175534289356536 137 130 127 0.32
76 -0.1253104704657124 -0.1839542124378739 1.216526408199745 155 159 165 0.18
77 -0.264233712353022 -0.1529166710189024 1.155380898852313 143 148 149 0.58
78 -0.08046506520306546 -0.1676218931817172 1.2307532594986 85 84 75 0.3
79 -0.07384602618929192 -0.163482075547209 1.23422810667779 89 83 75 0.79
80 -0.385050322690503 -0.0979684921916326 1.122688438203518 120 108 102 0.42
81 -0.2932768149783279 -0.1001482170330477 1.146474428626009 110 102 92 0.07
82 -0.3022639177341596 -0.09673355230758059 1.144027997872713 133 120 99 0.24
83 -0.2929031130379562 -0.09288522109102638 1.144048557999094 129 116 102 0.4
84 -0.3513887668790139 -0.02460291331340669 1.122609523214303 93 86 83 0.27
85 -0.2188477853740133 -0.02398471475704241 1.163662599203426 107 106 113 0.25
86 -0.1463933465970407 -0.02105821610794711 1.188290559337783 101 112 125 0.13
87 -0.2339253367588804 -0.01772918067717617 1.156250544325161 134 113 77 0.28
88 -0.1182898506295838 -0.01990392186326298 1.20474600461106 68 68 69 0.22
89 -0.2700013529923236 0.03439489603518682 1.132318382465051 124 123 119 0.17
90 -0.1866837985578172 -0.2071788224722224 1.189056752813522 126 122 126 0.58
91 -0.1919668096243985 -0.2018376812152677 1.188045956956831 136 134 140 0.4
92 -0.3701922652219859 -0.1697290501486393 1.131144223812409 90 85 85 0.51
93 -0.1373359900058024 -0.1991367071020292 1.211764896850289 140 136 132 0.22
94 -0.2355501920134645 -0.1718100312489296 1.169724142090302 165 160 150 0.4
95 -0.2456737276752066 -0.1680057365957127 1.164735109677936 126 123 110 0.37
96 -0.2356538027105426 -0.1642177215838941 1.167555208520237 108 100 92 0.24
97 -0.08578430983665902 -0.1727642792651149 1.229616697698849 88 97 108 0.38
98 -0.2979811627663155 -0.100094981115364 1.14277146536559 114 103 95 0.3
99 -0.1833785424173544 0.04634799138572865 1.166524734092072 107 112 117 0.34
100 -0.2032320521343591 0.05024006131049392 1.158167687513558 72 74 84 0.75
101 -0.2052474631502502 -0.2041016103969447 1.181548830883132 158 160 162 0.51
102 -0.1897754823429866 -0.1965772426117821 1.190988984204667 187 176 155 0.2
103 -0.2645722214354843 -0.1745716832250562 1.158156690616322 154 147 143 0.65
104 -0.2304697668045317 -0.1739471979028963 1.172081813097529 176 173 162 0.25
105 -0.1400188821924648 -0.1840550645473847 1.207729523716966 185 176 158 0.83
106 -0.08461048847854891 -0.1644213332490382 1.230978553168974 146 147 146 0.63
107 -0.357817738999417 0.0335615544919777 1.113091923956304 108 109 114 0.19
108 -0.2077571376418862 0.05002935023880095 1.156596853224977 78 88 100 0.25
109 -0.2131923267334511 -0.2011640359467676 1.178825230090236 161 159 152 0.57
110 -0.2564907116733255 -0.1816515499246422 1.16403598916113 142 143 147 0.9
111 -0.2491134923033588 -0.1774289811234325 1.165070265961295 102 96 90 0.15
112 -0.2981406089933192 -0.09734671673175734 1.143026704412641 99 88 77 0.19
113 -0.3644917254214033 0.02800008723955731 1.100572131869969 82 82 72 0.31
114 -0.1884267632491714 0.03709171531949289 1.171248056454609 59 72 88 0.44
115 -0.2441678484640959 -0.1867917745160789 1.165174587458533 167 168 167 0.77
116 -0.4026874457763806 0.01113156411271927 1.102259557627591 106 100 89 0.34
117 -0.1056609045434419 -0.1777164218739412 1.226545443048891 133 135 133 0.75
118 -0.2289269613436147 -0.1939741551693189 1.177133480547216 148 155 158 1.1
119 -0.1960352314478886 -0.1449489723072139 1.184677560758979 42 49 66 0.89
120 -0.2104902420430172 0.006321069215295766 1.163152265268153 137 129 118 0.2
121 -0.2714848891485867 -0.1603312175533897 1.153750526060886 174 167 154 0.62
122 -0.1783662217249076 0.008544380054754663 1.178425146382129 136 132 117 0.46
123 -0.3377909433371813 0.02217118310743991 1.113742344571921 82 90 96 0.39
124 -0.1424022215441514 -0.1579819157019836 1.207352734774412 167 154 128 0.24
125 -0.09746036616300835 -0.1544696549468996 1.22560087583993 140 131 110 0.43
126 -0.01141079204548484 -0.0198567456192222 1.24626504943517 131 130 112 0.23
127 0.001985377164511581 -0.150423711045954 1.266122103680193 155 145 124 0.36
128 -0.0440417952239488 -0.08290290457369169 1.240936034122137 159 162 159 0.49
129 0.02420700045577287 -0.01574071813282632 1.259611053760221 108 105 92 0.26
130 0.1328537894545261 0.002451709157861137 1.303067504193647 67 62 60 0.35
131 -0.06482711009388187 0.01855402450856751 1.217961762028634 87 85 79 0.46
132 0.07877810279363334 -0.1749183625004972 1.304194727972764 112 114 116 0.11
133 0.1208087854015688 -0.02254973353634576 1.3008278128198 132 122 101 0.29
134 0.05054265714249456 0.0001670180158415899 1.273010587876646 60 60 56 0.2
135 0.09269314258154249 -0.01846178043427016 1.289506614553094 99 90 84 0.41
136 -0.1388111651755069 0.02226640497485768 1.190085774712945 133 133 127 0.56
137 0.05443818096851005 -0.1680513331757166 1.294465715359868 91 87 77 0.66
138 0.1068823734889107 -0.1525772635426189 1.315064511152381 129 119 93 0.66
139 0.027055999288701 0.01499626485307502 1.260782604547358 128 126 110 0.62
140 0.009464554211022408 0.01111547938805591 1.252171817554005 26 30 29 0.42
141 -0.1333150634387463 -0.158161883202004 1.211186215503625 176 169 154 0.3
142 0.05661539485665462 -0.02149665554075524 1.274797787503124 130 122 92 0.28
143 -0.00905540212817732 -0.01644097887134398 1.24551132165249 100 101 100 0.34
144 -0.01166861264522992 -0.01380635190077084 1.245911005457051 149 146 138 0.27
145 -0.1386570626117583 -0.006915998141408419 1.192057242771822 128 123 109 0.3
146 -0.1571039366148622 -0.007245113547645725 1.188430773318938 82 82 77 0.25
147 -0.1125372648902215 -0.002779601054704109 1.202396826677808 115 111 101 0.13
148 -0.1093192561195286 -0.002736212155519002 1.203486087798551 113 110 99 0.14
149 -0.1053966329576559 -0.002663582470407905 1.205054163914376 116 111 101 0.17
150 -0.07572278513335409 -0.001385246525163066 1.215686312756436 118 117 111 0.21
151 0.1306879359225341 0.008261889910935676 1.30235311375369 92 91 86 0.31
152 0.02406517963352467 0.006488476008927754 1.258949159487582 106 106 101 0.21
153 -0.06734582567267194 0.003476845430149353 1.218759296745718 126 126 116 0.19
154 -0.1117105873012872 0.002582471717003036 1.203102125679328 113 108 90 0.33
155 -0.1432316105330944 0.009660155707093721 1.189899477148377 119 116 103 0.24
156 -0.1412072789354601 0.01009107972738654 1.190518253961597 153 148 130 0.2
157 -0.1435034532741465 0.01452422432456549 1.189203984106195 97 95 82 0.22
158 -0.0670950402144278 0.0238793411579771 1.216306666253328 127 125 116 0.12
159 -0.1771111871859286 0.01980929794075943 1.17545177732409 108 103 91 0.28
160 -0.1458504304910978 0.02143777915467062 1.187644081570624 128 122 107 0.26
161 -0.1481500506388933 0.02246590569308454 1.18641818279722 119 110 93 0.3
162 -0.1127895913565837 0.02743760797938894 1.199650868137294 106 102 88 0.35
163 -4.904918349776799e-05 0.03854310153044462 1.246121443370691 41 50 56 0.6
164 -0.07131923226075323 0.03732330793599706 1.214013440986563 144 142 133 0.25
165 0.09700908850633244 -0.1507846068347398 1.305991692523842 107 98 75 0.25
166 -0.009103163007322085 -0.1539614987147128 1.26281178685879 134 130 115 0.25
167 -0.04104880713309761 -0.1552057344557671 1.250733637436962 141 137 119 0.48
168 -0.01419279375771668 -0.153944485860342 1.260251938893901 130 119 99 0.26
169 -0.1398258371590258 -0.1577401592869569 1.208136264373044 155 147 130 0.34
170 0.00687241326747276 -0.1503915544371214 1.269119088743918 126 123 112 0.29
171 -0.1120830471892644 -0.02001419629426508 1.202785790063889 120 117 106 0.4
172 0.1496644545491814 -0.005944172112590018 1.316807045388584 139 138 133 0.24
173 0.06061996648596824 -3.990384552356174e-05 1.273617321860968 78 82 83 0.18
174 -0.04019539958867838 -0.003428894893393236 1.230379042708713 136 133 123 0.26
175 -0.07387720433673456 -0.004408153474926998 1.216482711798429 117 112 101 0.23
176 -0.1486159450333683 -0.007010838481986574 1.18866721293483 97 94 89 0.28
177 -0.0708558633342409 -0.001250642008710764 1.217499766951571 129 127 119 0.32
178 0.1537883757903363 0.01344360036627552 1.317193713875721 118 110 100 0.28
179 -0.07608948568229779 0.005750295037955003 1.215613614017087 133 129 114 0.23
180 -0.1147815933641348 0.01067062567449766 1.200527507530321 135 129 108 0.22
181 -0.112085737220844 0.0144603280035798 1.201680063925287 120 113 93 0.32
182 -0.1434517534182395 0.01931687396826035 1.188870566192531 103 97 81 0.2
183 -0.1126917862262111 0.02072485012952667 1.201183753153756 114 109 93 0.32
184 0.1296177186946301 0.01270436588066318 1.302946118789043 112 114 104 0.3
185 -0.005567922956774163 -0.002444908237194773 1.245364362734512 101 98 89 0.22
186 -0.1453164209103197 0.003938308742581241 1.189102515218281 131 126 113 0.3
187 0.04559084973311112 -0.1562603539997824 1.285703395701205 123 118 104 0.35
188 -0.14379250736436 -0.02873772926114831 1.19317542848674 131 125 109 0.47
189 -0.005705442094223273 -0.02312535203132887 1.246195462486086 100 93 87 0.58
190 -0.005892161826137443 0.00495216473845915 1.245745801469476 91 87 76 0.28
191 0.05948966674030975 0.02483230344062275 1.271687258438094 137 132 120 0.33
192 -0.1783267607643528 -0.1645413912539017 1.194484509974716 193 174 129 0.04
193 -0.09405003761903222 -0.1568195125539519 1.226054759214511 151 138 116 0.2
194 -0.1114470927234478 -0.157497839078218 1.21945582224132 182 171 147 0.29
195 -0.1477869585746024 -0.155462899340158 1.204499754631526 179 158 112 0.22
196 0.03542246594997139 -0.02934119300183499 1.266724608306117 33 19 10 0.13
197 -0.1752627306415733 -0.03401110202942229 1.181297572044969 154 132 86 0.28
198 0.02765114092218587 -0.01220748376108489 1.258599924180307 121 121 116 0.24
199 -0.1780659210061989 -0.00498535717754317 1.17695215579361 126 120 103 0.25
200 0.09864574777558066 0.006843997938115208 1.290226270785584 65 64 49 0.36
201 -0.02488747986268117 -0.2232327281820221 1.260883296421847 174 164 140 0.17
202 0.1592179180435589 -0.1729442069890465 1.333759554918755 149 169 167 0.14
203 -0.05066837846034777 -0.147727730104859 1.245745746941886 138 125 97 0.15
204 -0.1180845290484974 -0.01543969104743395 1.203856849413308 79 74 61 0.34
205 0.1276230974414331 0.02679986531501248 1.299480746170398 148 143 119 0.33
206 -0.1253093646860331 -0.2135489848720173 1.208590244262795 172 162 135 0.37
207 0.1577631256510205 -0.1900093543094938 1.336872701672141 141 170 180 0.33
208 -0.1429861784224044 -0.1972479854584303 1.210123969251652 166 154 123 0.51
209 0.1223270240214336 -0.01295241812589168 1.30094272790737 95 84 76 0.21
210 -0.1434607135611808 -0.006926522568140435 1.189518343307769 125 120 110 0.3
211 -0.07268815268741305 -0.2500625854380058 1.250447886743007 224 235 231 0.72
212 -0.007785856286557397 -0.2115333657220733 1.270177110511931 216 205 147 0.14
213 0.01501664868945449 -0.1570823349739763 1.27254363219355 136 123 92 0.38
214 -0.01647079912341942 -0.1580154391056545 1.2608688853892 118 112 95 0.25
215 -0.009122531931680722 -0.1577447329425191 1.263732760116607 134 129 112 0.26
216 0.1455776073760171 0.008718430780138522 1.313314418113657 53 45 42 0.52
217 0.01087049905775686 -0.002210468820364811 1.255319983549336 70 77 78 0.23
218 -0.02421534511641896 -0.05811861746556535 1.251428113922305 73 59 65 0.96
219 -0.162111895598393 -0.1559752606330578 1.198981996622433 126 116 104 0.11
220 -0.1354966631230368 -0.01789934240599413 1.19519539010182 132 120 95 0.25
221 0.04617395201866958 -0.0006645788516328674 1.271595860547966 80 86 86 0.58
222 -0.1767742359424067 0.0004266240732694743 1.178082389164037 102 96 83 0.14
223 -0.1412434116790937 0.0151850455046947 1.189703718105046 151 151 139 0.21
224 0.05601165940934083 0.02200250171069747 1.270656150156536 114 112 98 0.48
225 0.06354772774816514 0.02872703600369378 1.272670133754911 126 116 94 0.44
226 -0.08237212926591261 0.02946656867374998 1.212595551349261 92 86 70 0.45
227 -0.1752538591804764 0.02882794151076683 1.175519674871956 126 119 102 0.23
228 -0.000823525564777966 0.03451375205894734 1.24483751088156 118 115 107 0.39
229 -0.1459616057913549 0.03298653063632098 1.186634433052569 147 138 118 0.12
230 -0.07143634949370092 0.03447868555663033 1.214187383211848 145 143 129 0.24
231 -0.06954006269081878 0.03594765422711983 1.214699988911256 137 136 125 0.32
232 -0.1476391010400597 0.03506025491672898 1.185067849273197 112 105 84 0.42
233 0.01224133404511082 -0.1529867771504176 1.271164758688442 148 139 124 0.19
234 -0.1759213840602076 -0.00743170431315289 1.176446819484112 113 110 101 0.28
235 0.1480187502936743 -0.001888682838768696 1.315748075253158 137 125 118 0.22
236 -0.05733726774773271 -0.003666434324386 1.227575150267927 87 88 84 0.2
237 -0.08025436345980444 -0.001570788663455634 1.214916095280069 98 99 96 0.19
238 -0.111659135756864 0.008484592816786561 1.202404943186826 108 103 83 0.4
239 0.03959200860334283 0.03025339730425602 1.266590163046777 93 84 78 0.43
240 -0.07988968950455105 0.03141836721200533 1.211187755616552 154 149 137 0.33
241 0.01816738270769694 -0.1499861543433482 1.273317464451186 121 118 103 0.28
242 -0.1466744980494801 -0.02143921230134299 1.190518409720722 108 106 96 0.15
243 -0.1498216509329793 -0.01396223305061063 1.190529116638085 133 131 119 0.21
244 -0.01164314166557504 -0.009452166354108546 1.245605718675982 130 125 107 0.25
245 -0.04769230393448637 -0.002755441633821173 1.231039989783445 86 87 79 0.36
246 0.1478440893941672 0.003316029113383211 1.313624648849021 99 95 90 0.36
247 0.1604323036761182 0.01016256601147541 1.321086737404813 76 67 59 0.26
248 -0.1433460922168263 0.02669359443631498 1.188038859157656 89 87 76 0.23
249 -0.1544157007466331 0.02948012155462959 1.187377704310902 88 86 75 0.62
250 -0.0801393077257663 -0.02534872955769042 1.217122004220312 143 145 126 0.43
251 -0.03970190549627403 0.009805485850283638 1.23182297817481 125 131 124 0.35
252 0.06917326463426082 -0.217011530149478 1.302874167261523 144 138 126 0.5
253 -0.1445537467452553 -0.1772744115217478 1.210094793467122 184 167 138 0.07
254 -0.1038064827857027 -0.1595890317372147 1.2229732240266 163 148 122 0.32
255 -0.1465146971155681 -0.1525195965964408 1.201996706676619 169 149 116 0.29
256 0.001419360789004759 -0.1584286783582025 1.26796238086864 128 116 88 0.12
257 0.01723899328238623 -0.02926075910342189 1.266973528301204 38 34 33 0.06
258 0.06692706861203701 -0.02833515584142512 1.2785761267987 31 18 18 0.19
259 0.01894583310743622 -0.02777617737786776 1.266720626978457 75 76 72 0.22
260 -0.01444322232552955 -0.02556961131382794 1.251087559235319 68 64 52 0.13
261 -0.1263649275622053 -0.02197649890910794 1.202686518146826 101 102 96 0.34
262 0.01873090790498813 -0.02359570594878994 1.263561958011085 73 71 62 0.14
263 -0.1257579147885045 -0.01999868954924902 1.202300971708709 90 87 76 0.24
264 0.006081982404139485 -0.01974902958390119 1.258049468151393 25 26 22 0.22
265 -0.09691364053056417 -0.01691859042759769 1.214705837872633 79 89 104 0.12
266 -0.03451630868880265 -0.01657004927548326 1.233237121894982 90 93 86 0.4
267 0.08985857716300644 -0.01819916173113456 1.287051032849563 77 68 62 0.27
268 -0.1254657534565155 -0.01583013956031688 1.201844031085271 129 110 71 0.21
269 0.05783720842524481 -0.01750320687506031 1.273542525271393 57 62 55 0.38
270 -0.02198979954834937 -0.01649230324156402 1.2436676109463 113 109 106 0.2
271 -0.06308069949440367 -0.01465174540735169 1.226951452994607 77 77 86 0.17
272 -0.05680386421213185 -0.01445812032976861 1.230242618277628 76 79 89 0.18
273 -0.05361997366970697 -0.01438746605100434 1.232055208334838 67 69 76 0.15
274 0.09246837950307119 -0.01563972914393925 1.290052356667785 59 72 84 0.34
275 -0.1374168271307261 -0.01254910524422044 1.19407848208044 130 130 124 0.14
276 0.0289669852244569 -0.01378003162699221 1.258604695885227 86 84 83 0.16
277 0.09477155973609969 -0.01477820017558296 1.290472296983038 82 71 74 0.41
278 -0.08417661538039223 -0.01239105026766016 1.219826110538133 30 28 32 0.21
279 0.09655590465771541 -0.01301811669925798 1.291157353767106 89 81 85 0.34
280 -0.0855379312154548 -0.01097570647261881 1.218045956993266 58 60 57 0.18
281 -0.02252561448242887 -0.007881892985659021 1.243572140733459 64 57 42 0.11
282 -0.001747031745142791 -0.005769046873219962 1.245071030371772 98 98 91 0.13
283 -0.02924749134632001 -0.004982982839817705 1.23651479966622 102 91 55 0.33
284 -0.002648281949877124 -0.004508568166554129 1.245589658938193 84 84 76 0.26
285 -0.10710110062294 -0.0008278221178104964 1.203648752551901 78 72 60 0.18
286 -0.1420265303408948 -0.0003101069748457225 1.189652071836433 102 103 98 0.16
287 -0.07402032831253089 0.003864282025031689 1.21614671014569 97 99 91 0.05
288 0.02881310618404939 0.00349884832056313 1.260614656080417 84 82 79 0.26
289 0.03035437356495715 0.005193994105541729 1.262398281385338 74 75 71 0.35
290 0.06507242932163526 0.008680015831525313 1.27242459393986 54 55 51 0.2
291 -0.1751903407007548 0.01847753968388938 1.176381063240983 118 112 92 0.25
292 -0.000513056786497601 0.02061068880504644 1.246499013694538 100 97 93 0.33
293 -0.1166622856015895 0.02185661670710953 1.201234710711111 61 59 49 0.16
294 0.008011360640630572 0.02873376266730768 1.250727517433607 78 62 64 0.2
295 0.04683316466648479 0.02866286760447302 1.268456380636287 59 48 49 0.16
296 0.0453788259892286 0.02992141909013791 1.268912660503358 75 62 60 0.21
297 -0.004569491839109097 0.03492600189049082 1.243985765046048 112 103 90 0.19
298 -0.009691037987606427 0.0401070451883755 1.240486866646376 103 92 82 0.32
299 -0.1336685473745989 -0.1648734100377137 1.210470356341057 128 126 115 0.35
300 -0.1823216669393008 -0.1556777184331607 1.187957489469307 111 93 70 0.51
301 -0.09006750382322125 -0.1581260312698483 1.226131602202274 159 144 118 0.14
302 -0.04365598585880245 -0.1595527488024296 1.249620500671576 92 73 47 0.36
303 0.01746609973320323 -0.1545243327163591 1.27911009272621 155 150 131 0.17
304 0.01879200322468616 -0.03230394296878915 1.26501997384535 110 104 89 0.15
305 -0.0723134755872068 -0.02741933157691868 1.216510993881819 121 122 99 0.28
306 0.03568425202363115 -0.02574965608349834 1.268022335705305 20 17 12 0.24
307 -0.07713150160329035 -0.02268392035602057 1.216147468401192 78 78 66 0.06
308 -0.107855595332703 -0.01891728464363629 1.203618903044757 67 79 90 0.1
309 -0.03232181719310445 -0.01686511757365904 1.237452151784934 96 90 82 0.17
310 -0.02649353988277089 -0.01673683002912169 1.242810396623777 106 97 87 0.12
311 0.06849134860669953 -0.01721518662472979 1.277557016534417 55 43 49 0.21
312 -0.08410567848949402 -0.01447884652498342 1.219359941780413 44 43 48 0.18
313 -0.06669234746478406 -0.01020822465427267 1.222413569584123 105 104 99 0.39
314 0.02522132076867542 -0.007617931005912348 1.257785145258195 76 73 72 0.14
315 0.02609291794040949 -0.00332599136913056 1.257816610037879 113 112 107 0.33
316 0.06349766447312627 0.00216711481501166 1.276213541369031 66 67 62 0.09
317 0.02645239950558625 0.005103243763030889 1.260114991388264 98 99 95 0.22
318 0.09523489455334261 0.01027234977579797 1.288363398146177 97 90 78 0.41
319 -0.1754657277371019 0.02112418572465099 1.176967213183665 98 94 75 0.38
320 -0.0002993448590115633 0.02377388172854445 1.247147175496935 86 85 79 0.34
321 0.08217976841693053 0.02374584547258793 1.288433322489138 32 35 33 0.14
322 0.001445621025531058 0.02534690366667035 1.247465775063999 45 39 38 0.2
323 -0.1147300671438838 0.02530352954207763 1.199197326962889 83 80 65 0.39
324 -0.006322978379447564 0.03355182363224612 1.243187864025201 106 100 87 0.24
325 -0.1743667889089732 -0.1639052924832152 1.193112565047641 215 200 161 0.33
326 -0.1814115390599988 -0.1622570542558118 1.193045781786686 163 151 127 0.38
327 -0.1633290215204392 -0.1608040654333901 1.196900238569392 165 148 120 0.17
328 -0.1367240374573395 -0.1597507115948844 1.199478568341471 182 175 159 0.41
329 -0.05996839495473497 -0.1556215893972686 1.241731859043004 153 140 111 0.32
330 -0.06754681897129222 -0.1530602571363267 1.238690826966117 137 121 84 0.14
331 -0.02543908021039368 -0.154276991310083 1.255858143326705 146 141 127 0.22
332 0.007691573132832696 -0.1531459704766064 1.269472568171946 143 135 113 0.19
333 -0.0181522301540856 -0.1505159533036842 1.256552903914849 145 129 98 0.09
334 0.0522710078013664 -0.1518171567985529 1.287463345425748 185 169 135 0.1
335 0.06565695724670967 -0.1518228117286006 1.294680019012107 171 160 127 0.1
336 0.08256301491075291 -0.1500545978773831 1.296335823716966 166 149 116 0.47
337 -0.1655690024637256 -0.09457628337035807 1.19464633608454 129 100 56 0.32
338 -0.1375570972550781 -0.08348577233310069 1.206137625331852 87 92 95 0.29
339 0.01934748815578469 -0.03661817532715117 1.266282531516474 113 119 107 0.31
340 -0.06800752373774008 -0.03252907606278099 1.222671276874357 56 49 39 0.4
341 -0.05975284778960274 -0.02469227836716731 1.234238061833537 39 41 45 0.19
342 0.02653768609567686 -0.02316807959656979 1.260963773875582 101 96 90 0.15
343 -0.06274252839326899 -0.02162532917822771 1.227310896762824 63 62 70 0.17
344 -0.05966273709815426 -0.02163640994387507 1.229609520771981 49 50 51 0.21
345 0.01683552817274026 -0.02159689178202334 1.265411854583091 42 41 39 0.21
346 0.0770990674472688 -0.01808804007358869 1.290741877091638 22 22 18 0.49
347 -0.083410724425795 -0.009066960941622938 1.215618020979553 70 72 68 0.28
348 -0.0320462397308981 -0.007672063827114217 1.235991450983812 94 80 50 0.33
349 -0.08027424754898788 0.004734299621547804 1.213864042627865 85 83 76 0.48
350 0.02209320663873543 0.008411564748678525 1.259167833654312 97 102 89 0.11
351 0.05220884591731179 0.01178034947585786 1.272118962306104 61 60 56 0.22
352 -0.1726605814799059 -0.2096808387625954 1.198348493331024 174 160 136 0.49
353 -0.01759535062548556 -0.2106004889056404 1.267308303259552 154 162 158 0.1
354 -0.1611844225656528 -0.1765044482891335 1.199516156869857 186 155 101 0.42
355 -0.07747202896988414 -0.1602791406868146 1.234203925945275 110 96 71 0.19
356 -0.06920262116699924 -0.1602578545660251 1.238560072515967 110 92 62 0.19
357 -0.08349478266639762 -0.1539227618727604 1.230634759020131 138 128 103 0.3
358 0.1265714809539725 -0.153534524394274 1.319260817382826 102 90 63 0.36
359 -0.01932301054576499 -0.01077653575152207 1.244260062703914 123 107 71 0.37
360 0.02163335857585158 -0.008830225713705335 1.258411328072037 107 110 107 0.39
361 0.00073564115351335 -0.002017795010153013 1.249492384096212 55 53 49 0.32
362 0.01854252377466006 -0.0003421945235517129 1.260011847360766 61 60 55 0.29
363 0.03602989907308474 0.005206917288880376 1.263215475624968 28 28 25 0.18
364 0.1020974672217921 0.02919735104187889 1.289290392962023 53 37 36 0.31
365 -0.1206546013656293 0.03511901660059147 1.197089323380899 49 43 35 0.35
366 -0.02469273908606043 -0.1583449556860486 1.25750316798129 131 121 100 0.34
367 0.003314437765450928 -0.1572560682673085 1.267536001151536 129 125 114 0.11
368 0.03666723219807277 -0.1568009028777103 1.283089113495648 121 106 86 0.24
369 0.05699879653498735 -0.1560716845188775 1.291138915219946 149 146 130 0.35
370 0.06755612835187158 -0.1559397114612904 1.296656962828115 132 128 114 0.33
371 0.0889320514432736 -0.1553997005619144 1.304901278294614 102 90 68 0.21
372 -0.05080971330236975 -0.02504316267657827 1.236590352934653 43 44 44 0.52
373 -0.001709757483715935 0.02847448625473709 1.245103015792788 129 129 109 0.2
374 0.002096933675117152 0.03632040687470388 1.245433701197238 53 34 32 0.48
375 -0.1673017649712407 -0.2084576616826443 1.202307921185288 156 144 116 0.47
376 -0.1187825067405088 -0.01485637749559694 1.201983725506847 67 66 58 0.46
377 -0.08374003378911776 0.01708366877259693 1.211995283471457 39 42 36 0.41
378 -0.07453825224331631 -0.1917154795500982 1.23796795890574 204 203 195 0.57
379 -0.01250665618790905 -0.1691937008101514 1.26521725629213 121 106 81 0.65
380 -0.07384424419232777 0.009544290994227635 1.220286713232522 94 100 100 0.56
381 0.05909962405746522 0.01462922882116269 1.27317610259892 57 63 55 0.18
382 0.04346050396944395 0.01229843360635022 1.26884881409267 22 20 16 0.32
383 0.2916628619361203 -0.1292521924472746 1.261008360896198 210 214 217 0.49
384 0.2750512773845097 -0.1158207370427732 1.276552239081574 120 119 115 0.21
385 0.1702134784360372 -0.03002884080069207 1.339763373872377 23 29 34 0.23
386 0.08359907894012925 0.0008725135322761104 1.286103367734414 55 57 52 0.21
387 0.02155650270936771 0.001622647273587574 1.258191462265698 93 96 93 0.24
388 -0.1354241793395506 -0.02086085370399719 1.19938955861791 111 110 87 0.29
389 0.08145435077366731 -0.01365009739248657 1.288746666325905 90 87 92 0.31
390 0.01083268117546968 -0.05265254157180055 1.265243813466313 78 78 77 0.85
391 -0.1296406227792547 -0.01799824184957727 1.20168825080344 90 83 72 0.18
392 0.01615344345683226 -0.01490432682185157 1.260123510957301 63 72 85 0.14
393 -0.03086862168211046 0.003655832271751341 1.234367845148228 57 60 55 0.32
394 -0.1412647784411076 -0.1553299560058858 1.207225336895285 116 107 91 0.44
395 -0.06131671623984766 -0.09318976503707348 1.236129581078238 136 122 101 0.21
396 0.08991258896819943 -0.02061734034265461 1.288905705317449 124 108 102 0.26
397 -0.1211915515770346 -0.02003959760883614 1.203798878816522 121 108 86 0.23
398 -0.01579787781131933 -0.01673492215151316 1.247623917369651 105 90 77 0.26
399 -0.01446545054568613 -0.01054481738662533 1.247305745358382 115 108 93 0.45
400 0.01913498541149833 -0.003131137784851884 1.257798612717096 67 71 72 0.41
401 -0.1809825413129348 -0.004917629229353321 1.175947134498987 102 97 80 0.09
402 -0.1651677030583055 -0.00438279986467794 1.186803736044799 59 62 57 0.29
403 -0.1375559343169693 -0.003722474707402793 1.193672435097492 122 119 109 0.18
404 -0.04215819219968286 -0.0006790205323457393 1.230164769903451 121 119 109 0.26
405 -0.002978896163285172 0.000523512162657995 1.246549731119099 92 90 76 0.28
406 -0.0006990191428369041 0.0008108124164872832 1.246968700845911 103 98 85 0.22
407 0.08979688012891407 0.003017436753226896 1.285941624828197 78 76 65 0.12
408 0.1201405136586882 0.005901144694517635 1.296817482368828 87 71 62 0.25
409 -0.1767399591966753 0.01239920615481081 1.175420110490361 104 94 72 0.35
410 -0.1459983602095798 0.02452249807080528 1.187320062571324 127 118 100 0.19
411 -0.08200207851858182 0.0258226414621902 1.212755745652193 93 90 75 0.32
412 0.08843904278434378 0.04018393269265563 1.281721313379585 99 94 71 0.15
413 -0.07360126897526592 0.03743455421254393 1.213029775880378 120 118 107 0.37
414 -0.1451923796845124 -0.1576333045161876 1.204323294099964 148 135 105 0.6
415 -0.01765488829456002 -0.004653766013648128 1.244177891641426 101 89 66 0.18
416 0.1209071648630955 0.001588683897412471 1.298210297561843 83 84 76 0.33
417 0.1224352561402412 0.004077544178264808 1.298595722603719 80 81 74 0.22
418 0.05839517871960109 0.02303839433015917 1.271506713219632 150 146 138 0.33
419 0.063127119773838 0.02365548479757921 1.273601593121382 128 119 99 0.43
420 0.1228520654445881 0.02964517052954169 1.297613753138394 125 122 110 0.81
421 -0.1147192163416145 0.02715110606282867 1.198403926606511 131 133 115 0.23
422 0.03551936331732294 0.0402127807867374 1.258309817981367 89 72 67 0.5
423 -0.1491551239159261 -0.1847474260060297 1.208146685867043 144 134 112 1.23
424 0.1542797818579825 -0.06179414278228777 1.325069426367881 146 147 140 0.32
425 -0.02631462061532594 -0.02048834489011091 1.243307812933191 69 63 49 0.12
426 -0.01728176041629798 -0.01986393507080549 1.248102588697769 70 68 56 0.13
427 -0.1193015800713522 0.02270597815304434 1.200044876232449 49 45 36 0.52
428 -0.03724181641473603 -0.05451490230096721 1.242465980764147 161 143 111 0.34
429 -0.1489783216527525 -0.02685284243520368 1.19040015955597 136 137 122 0.46
430 -0.158148074470125 -0.01086568370069561 1.189663754265319 68 69 66 0.31
431 -0.01360665850133244 -0.002926285049907329 1.243339347353757 84 81 69 0.31
432 0.2819472607297371 -0.121063374415567 1.269285433581917 136 135 129 0.41
433 0.2843049843602057 -0.1070324727322951 1.26400007456137 137 137 132 0.22
434 -0.04773826806473561 -0.007836999475526622 1.229691420757585 93 87 84 0.16
435 -0.1087782814585462 -0.01530406447158439 1.202735046458014 112 110 104 0.39
436 0.2816053826594894 -0.1279585068067283 1.272405530328575 100 103 103 0.27
437 0.1655267609203411 -0.02712922876404619 1.334952296782759 44 46 46 0.77
438 0.02159835987195946 -0.02219649755779524 1.261902358085854 139 134 119 0.3
439 -0.03798946686871335 -0.01092554530517744 1.228546903028795 74 70 60 0.44
440 0.0201154237206698 -0.001956936307875433 1.260631010450681 91 87 75 0.18
441 0.07372618988469848 -0.1488696992767767 1.297207059215623 126 114 94 0.32
442 -0.1196059056478895 -0.08279464291077153 1.211988587747081 89 90 101 0.21
443 0.08803857493755624 0.0001315448596450261 1.284566163874549 86 86 79 0.34
444 -0.09589969387926589 -0.1847727712570267 1.224607518082335 100 97 88 0.32
445 -0.1764880272959446 -0.1665663492777825 1.194201975437137 187 160 106 0.6
446 -0.1084232450306841 -0.1524237191872512 1.220384087947657 172 171 163 0.18
447 -0.1827264568242116 -0.07736441898161074 1.185411227040492 165 156 128 0.26
448 -0.1809060470952072 -0.07758862579111091 1.185984655135832 160 164 148 0.33
449 -0.150711098225919 -0.07350099895999673 1.19718648564108 130 126 107 0.27
450 -0.1118022668025691 -0.07508160196034412 1.212854474306367 152 160 146 0.3
451 0.08748843910439769 -0.03955473654958468 1.292644734000197 184 151 74 0.21
452 0.08547914864230766 -0.03736462221957039 1.291846360623245 144 120 76 0.27
453 -0.1751808412589405 -0.02245183664442774 1.176386135429585 116 118 109 0.17
454 -0.1662924235136394 -0.02408635190672989 1.189207536368323 70 71 74 0.15
455 -0.1549827708770194 -0.02367904496198009 1.192126904846649 62 62 66 0.21
456 -0.1435329190637129 -0.02094896451560255 1.18708566360193 117 120 114 0.35
457 -0.1415961980340566 -0.01837020783663863 1.18857151194056 109 109 100 0.18
458 -0.1372438131092462 -0.01731552268758035 1.194510564588952 142 138 114 0.22
459 -0.009000550966810544 -0.01893690294354075 1.243783710479867 79 71 75 0.17
460 -0.1757330967825012 -0.01456883359780306 1.175140055612355 90 93 83 0.18
461 -0.1487717739486029 -0.01073207422459284 1.186275603341954 108 107 88 0.27
462 -0.143820044007695 -0.01055602117262457 1.187848648263927 101 99 84 0.13
463 -0.1414943326373369 -0.01036412117184361 1.188071157530477 97 96 82 0.17
464 -0.07650730041204806 -0.01087186651413823 1.215650826108728 94 93 86 0.29
465 -0.02297752755520177 -0.01065262628185476 1.242999198335628 98 84 68 0.27
466 -0.03981112945142576 -0.008751032550105335 1.229072084844318 118 122 112 0.21
467 -0.005053103698413552 -0.008592147983279293 1.243885230195245 91 91 83 0.26
468 0.02762250507042591 -0.006519456866815529 1.258551881627616 110 111 105 0.23
469 -0.1759607681509443 -0.002897070272332936 1.177110801652916 68 62 52 0.17
470 -0.1490042243949632 -0.002200296709553143 1.187738269463064 60 55 45 0.09
471 -0.1501682448310292 -0.0004326337755741691 1.187127293637349 121 118 107 0.32
472 -0.07705682435958935 0.0004761210104505184 1.215628943012825 88 87 80 0.21
473 -0.1056680089255987 0.00090560327852926 1.204731658823205 115 113 97 0.21
474 -0.0782766198690083 0.001841192298586002 1.214671438233947 97 94 81 0.27
475 -0.04222935418473475 0.002470147367111299 1.229692650599838 84 83 67 0.24
476 0.05777814630734224 0.002194659587021523 1.272998802906748 88 86 81 0.34
477 -0.1765448412415065 0.004352233116182845 1.17650088606866 94 89 69 0.32
478 0.09490710479964048 0.003285872892033428 1.287795998863112 103 104 101 0.07
479 -0.1074548146943174 0.005020530718556113 1.204453341451289 95 88 74 0.08
480 -0.1073610563509992 0.01232594831771624 1.20336352261631 112 102 80 0.11
481 0.05586808172231883 0.01635398113379991 1.270908357331537 97 95 77 0.17
482 -0.07329870160090041 0.0244773919029408 1.214674686682575 123 118 104 0.08
483 -0.1765894715815877 0.02377519016704064 1.176191410780127 83 83 64 0.06
484 -0.07332799871331624 0.02760450760180036 1.214370784743988 113 107 87 0.1
485 0.06276784514986328 0.03447621799786553 1.271888759110226 112 99 81 0.35
486 -0.06708815652944702 0.03270091998175413 1.215111352066786 119 117 102 0.24
487 -0.07500670374147414 0.03372837819801528 1.21272219389573 122 116 100 0.16
488 -0.002772508451908712 0.03526011985481133 1.244526726848767 114 111 102 0.27
489 -0.06705619309278993 0.03509313349272389 1.215108067045767 127 126 112 0.13
490 -0.1685482948379644 0.03367778822594639 1.179890774572614 77 70 65 0.23
491 -0.01705045437613673 -0.2257383008941993 1.263999653911061 127 123 114 0.64
492 0.05009478946660456 -0.1492566148315415 1.286964161652955 140 133 118 0.23
493 -0.1029933289104778 -0.08630988276356256 1.218382819458327 124 121 96 0.2
494 -0.0802244928554286 -0.02822127134868103 1.216767673543507 157 136 96 0.16
495 -0.1372402419328307 -0.02494133141668975 1.195771705254488 130 126 112 0.35
496 -0.1167329885157071 -0.02450863638539608 1.203623767544892 93 94 92 0.13
497 -0.1663887150332619 -0.01916654103911157 1.189136768306432 110 110 120 0.14
498 -0.05344446445310841 -0.02128753180308281 1.231804950525123 52 52 59 0.25
499 -0.1626609681444353 -0.01886377105933719 1.189433675159239 78 82 83 0.21
500 -0.1589506333603115 -0.01902574036244026 1.191605074453656 74 77 78 0.09
501 -0.1608491637608389 -0.01687583997722172 1.190547278816054 34 36 29 0.19
502 -0.1751354821639741 -0.01302744832718548 1.175868055315852 129 128 117 0.14
503 -0.04197687126847396 -0.009815676487837655 1.23013810684904 107 114 114 0.13
504 -0.05270855793174056 -0.003498005316528718 1.229103970156272 51 53 48 0.16
505 -0.1036867532935883 -0.0008494811747451828 1.205060789923834 66 65 49 0.03
506 -0.03868621804501624 -0.0005918394933517868 1.231021778388734 109 107 98 0.18
507 -0.05542848966301148 -0.0005787710610871966 1.228709602477468 56 54 49 0.1
508 -0.10882146901374 0.0006849895855739196 1.203704366021469 96 93 77 0.14
509 -0.009388128085641601 0.0002736497362516022 1.244554580687653 114 110 96 0.3
510 -0.1023707353999845 0.001346657222380726 1.20598987881412 101 100 88 0.11
511 -0.07522655608141152 0.002100635451327534 1.21590947698641 115 114 104 0.12
512 0.1188032697636386 0.004128783862121156 1.297443550615433 124 104 92 0.07
513 0.1131449942110112 0.004077464428503909 1.300421247684222 82 65 64 0.23
514 0.1423069782060238 0.005512998154096352 1.310788565689761 57 59 56 0.42
515 -0.1767243675881065 0.008457561673477748 1.177080235673651 98 95 79 0.25
516 -0.07322676276354534 0.0106945446118531 1.216210665938147 139 138 129 0.13
517 -0.1214242714769522 0.01924237079763531 1.200535951065182 51 53 57 0.11
518 -0.1462001627312989 0.03050329722996222 1.186596861701231 123 116 101 0.29
519 -0.1784649365790709 0.03027780880668297 1.174308689364346 87 81 65 0.16
520 -0.1766523532881168 0.03205154137155064 1.174347349598336 100 96 78 0.35
521 -0.1146975884328015 0.03506220897116845 1.197561485488129 124 129 106 0.1
522 -0.01462752410094134 -0.03396153870961464 1.251431112991272 110 118 119 0.12
523 -0.09675721326933767 -0.02324106968135653 1.214034571306834 75 79 79 0.2
524 -0.08920332677530554 -0.02289396978589446 1.217339744861212 69 76 74 0.26
525 -0.07471085316114159 -0.0198310410899403 1.214698952426524 94 97 94 0.16
526 -0.01650544206854418 -0.02318227862073408 1.252020032555206 29 22 25 0.3
527 -0.04325607524547395 -0.01862697555372468 1.230222393823567 96 91 92 0.31
528 -0.1776346159962104 -0.01310802982847431 1.174421199977929 126 127 117 0.34
529 -0.1532593129864878 -0.01048605952097321 1.185742987107411 53 46 49 0.14
530 -0.1258726845011987 -0.008053958010141395 1.199870433033456 95 89 76 0.19
531 -0.1141013117385151 -0.005784618665807519 1.200492242546305 80 74 61 0.4
532 -0.08697652009838686 -0.004941596967617694 1.215073140086205 78 81 81 0.15
533 -0.08989868163077933 -0.001857835557742972 1.215321461955644 53 52 44 0.26
534 -0.05088280869233772 -0.0009258867589182415 1.231785510948344 35 35 28 0.37
535 -0.1125510911482738 0.01778969111553514 1.200800909860293 90 87 71 0.24
536 0.001444451736389879 0.02143386552260839 1.246637168727998 24 26 24 0.47
537 -0.1389238445527934 0.02189467556634092 1.190434730028151 103 90 70 0.39
538 -0.1169222642418688 0.02394236082373187 1.198540936278125 81 87 84 0.29
539 -0.1409369333903267 0.02416080931583322 1.189151261284386 145 141 126 0.26
540 0.01324082274407581 0.02626095674374061 1.258221640929798 40 48 56 0.22
541 0.1168396392822582 0.03242504938468077 1.29536392811371 111 100 87 0.2
542 0.05944960750853123 0.03328811339703774 1.270767713883696 113 109 100 0.2
543 0.02018410126324904 0.03833955599664595 1.253606467788959 106 104 93 0.4
544 -0.1403687475671108 -0.07959546694446813 1.203825085837213 129 126 113 0.24
545 -0.06940364433079466 -0.08479748256233947 1.232750502451005 148 146 133 0.35
546 -0.03947172704697091 -0.03580638586040406 1.240399109846909 168 142 85 0.25
547 -0.07324365036674652 -0.02234351496417764 1.215387431065727 126 128 120 0.29
548 -0.179044452508188 -0.00759068693727976 1.175301841006216 107 104 96 0.26
549 -0.03292862806312644 -0.003315307255140239 1.235136609522382 93 83 78 0.31
550 -0.01169089809198304 -0.002603225813203346 1.244899956021006 94 92 81 0.22
551 -0.02465894418632275 0.0245740981514167 1.240999000129726 59 63 54 0.19
552 -0.07981002559736472 0.02662117485806081 1.211519337879858 132 128 116 0.23
553 -0.07636796480168279 -0.2510839917955139 1.243174035449025 118 99 61 0.35
554 -0.1151701800132833 0.003080895815087456 1.199397144696237 92 88 71 0.25
555 -0.001422350126149219 0.02424612252028622 1.24563198639434 137 135 127 0.37
556 0.1209145962091086 0.03501920863862183 1.296203499572477 152 145 121 0.26
557 -0.08773495670723355 0.03500792806335852 1.212242480610115 66 63 45 0.1
558 0.1239352602830909 0.01662066352081465 1.300730737902024 114 106 80 0.39
559 -0.121111093304663 -0.08734920413311924 1.213413044440836 113 120 124 0.3
560 0.08781490514083279 -0.2260089235226299 1.303267378913268 163 201 232 0.27
561 -0.09542190467220482 -0.1884291064890848 1.224960209787436 89 84 70 0.26
562 -0.08956468289431067 -0.1835629247465175 1.226252749817754 86 91 91 0.45
563 -0.1848563026963729 -0.1732494286985966 1.192707740960421 157 148 132 0.13
564 -0.136204478181317 -0.1675315609448389 1.216357293601821 151 150 136 0.56
565 -0.05543004640165183 -0.1478497993666502 1.243495607314908 110 103 84 0.61
566 -0.04517757003771519 0.003370077717397002 1.228832276602257 105 105 93 0.24
567 0.1256927155319794 0.03291272194383747 1.298163948845066 100 90 77 0.26
568 -0.09287873927228692 -0.1787470934262048 1.229564747910619 91 89 79 0.32
569 -0.1016846945965279 -0.08245774945571806 1.222160378018148 75 66 59 0.45
570 -0.006152089450756043 -0.0248413322119333 1.246592404520259 104 94 79 0.32
571 -0.1446521672814574 -0.004002656619114399 1.190303004747207 106 102 88 0.07
572 -0.003520123138936182 0.01786598162371381 1.245657979378987 141 138 118 0.19
573 0.1143234207730961 -0.01640849884546715 1.302453571425479 76 81 79 0.12
574 -0.1032693176544591 -0.005490134294007645 1.20534890982221 131 129 116 0.15
575 -0.1433581380961616 0.03123833991684222 1.188152858000639 86 81 64 0.37
576 0.1511363809293985 -0.1459419124213407 1.331318401655594 139 133 109 0.31
577 -0.126126143873623 -0.205781788130975 1.214925616015126 78 72 58 0.52
578 0.0894594935548414 -0.01421765516006332 1.286508892987564 84 72 71 0.35
579 -0.1150070578264669 -0.01736351354805024 1.203914927063872 133 136 132 0.12
580 -0.1194310020085866 -0.02660496592058918 1.208017762749077 54 54 58 0.28
581 -0.1570869724337933 -0.01685918211906975 1.192299610738882 29 28 21 0.11
582 -0.1607028068559389 -0.01435035204976932 1.190200922030326 60 59 49 0.18
583 0.1628481827125243 -0.05582223641430133 1.332732913306272 62 58 43 0.32
584 -0.04570320026044272 -0.01738012237414298 1.231100469367327 151 150 147 0.29
585 0.1567201630835522 0.004402554873916893 1.318957950764576 71 71 64 0.4
586 0.156596942292638 0.03868568017365041 1.316546955216942 91 87 69 0.3
587 -0.1636003371387096 -0.0404234825033073 1.19056641600161 44 39 25 0.17
588 0.02301294085283809 -0.03004105029773368 1.263549186915448 121 105 63 0.21
589 -0.1497711511015863 -0.01831022749797072 1.189792486938141 127 128 115 0.44
590 0.1124636892807229 -0.03649922688766087 1.305374155203093 54 36 30 0.13
591 0.0312040057183075 -0.02740044980715274 1.26430189856608 117 103 55 0.51
592 -0.02850495306122572 -0.02547788753520842 1.2456238556897 51 47 58 0.43
593 0.03013060457734321 -0.0078064190849957 1.260835634332596 123 124 117 0.32
594 0.00446945285750347 0.006028594006763512 1.251097034014993 32 34 31 0.22
595 -0.02458661980612861 -0.20015054472188 1.260272547806285 151 145 131 0.3
596 -0.1440173046440082 -0.1613946756827112 1.207621436437243 133 128 105 0.31
597 -0.03349179512098258 -0.07973773019147247 1.247977558173293 68 84 96 0.24
598 -0.03369505860125607 -0.0557130182880195 1.245669745338416 46 42 42 0.31
599 -0.04477612249318369 0.005170655930378999 1.229201765438258 99 98 88 0.11
600 -0.03941364723278223 -0.1882551323823754 1.259021852127041 158 156 137 0.7
601 -0.02490405397791545 -0.1885992793649321 1.259805615046869 28 24 21 0.24
602 0.03091545605014376 -0.1659198301145632 1.276830967760704 119 118 111 0.75
603 0.09180025498902539 0.01449558860700086 1.28779160939015 66 67 57 0.1
604 -0.02650530963793227 -0.0955386112848879 1.25196439082583 76 77 74 0.26
605 -0.1568003632019097 -0.08187627322208717 1.198710275923426 43 50 61 0.24
606 -0.1192348144931255 -0.03048468644693743 1.20934620041052 62 56 52 0.19
607 -0.1392221345911456 -0.02077791224391598 1.193242355541509 136 133 132 0.32
608 0.01600867670530501 -0.0393336059807088 1.267421117503864 35 36 33 0.23
609 -0.01155769186445976 -0.02291519137247383 1.245967556184866 123 128 126 0.24
610 0.2677451813172665 -0.1134547453630166 1.282035224829636 194 193 196 0.39
611 0.286503486953373 -0.05477145236226447 1.254272743721875 54 53 45 0.43
612 -0.09241374743936062 -0.004730438358250356 1.212638646799403 60 58 49 0.25
613 0.2906319574336058 -0.1026300289360579 1.257976106171394 132 125 115 0.18
614 0.2648166810606866 -0.08402018623715517 1.284201880900604 95 96 86 0.18
615 -0.002284871582918707 -0.01218526039583286 1.251460387506946 95 99 100 0.48
616 0.2830636987583476 -0.1500164624318994 1.27255680916269 157 163 161 0.36
617 0.2791998099475385 -0.1131566480432918 1.270983098875217 129 136 140 0.21
618 0.1584332579873361 0.008483903212156772 1.324201169223834 62 34 26 0.11
619 0.2282305559987835 -0.0492390335004517 1.40709858887198 72 64 48 0.15
620 0.272942708067519 -0.1299432082273338 1.275929843680823 197 207 205 0.18
622 0.232856585616781 -0.07399760498705181 1.416735074695512 76 77 68 0.17
623 0.1600035406737825 -0.02730870853808476 1.327760449602425 130 111 93 0.48
625 0.1648811351611566 -0.04455746211825035 1.335885474906264 31 34 28 0.4
626 0.1677954379723324 -0.02494532832144729 1.336180394187616 68 71 68 0.38
627 0.2474779807160983 -0.01104134919442801 1.426187847386217 86 88 74 0.13
628 -0.1359151973915746 -0.1558641084291983 1.209744092423739 152 142 118 0.32
629 -0.04510025571369769 -0.0008738119124262478 1.229149163235892 113 112 104 0.18
630 0.06495696584316052 -0.0002678236486003752 1.275209416280684 94 94 87 0.11
631 0.2865110548087442 -0.148450769976362 1.2712717436281 240 245 245 0.13
632 0.1181106009479219 -0.1471779894950652 1.314587117771561 152 131 91 0.15
633 -0.1454974943851801 -0.07390381883565983 1.198893247547891 151 150 137 0.4
634 -0.0773719672678094 -0.07166580496861044 1.226455751848974 170 172 162 0.16
635 -0.07332600361982561 0.03209528508458494 1.213824337914775 129 128 116 0.27
636 -0.07588184562019878 -0.2704931662342036 1.248766593670847 136 137 118 0.14
637 -0.08638685768265469 -0.1564065381004136 1.229512932661151 157 150 128 0.4
638 0.03568418223054898 -0.02553089826912475 1.267012895600132 34 24 27 0.24
639 -0.05895659763276104 -0.1577411843323077 1.238038577484033 125 110 77 0.64
640 0.01385089833194802 -0.1480622202188023 1.269362670460525 171 162 133 0.63
641 -0.1046391357414834 -0.153812429914883 1.221275695741091 151 138 113 0.29
642 -0.05988087883683368 -0.08757269580796291 1.236188211792141 101 64 31 0.07
643 0.03337840294791605 -0.02481632891435787 1.265625129387952 130 124 110 0.13
644 0.02300357796632144 -0.005151159814641183 1.258524007298704 79 89 93 0.47
645 0.03265604614019549 0.003565776954660746 1.263165929257811 60 58 55 0.22
646 0.09356047920590216 0.008041778267161896 1.286749625225767 90 91 85 0.16
647 0.04842714659709291 0.02965559479416353 1.268336126307419 62 66 64 0.14
648 0.0522779371373967 -0.1882105271953136 1.29415271752247 43 42 41 0.27
649 0.1185115238643046 -0.004355340546908018 1.29788123018754 78 80 77 0.11
650 0.1421416721767892 -0.1529048789644247 1.328353676401448 114 101 77 0.24
651 -0.152911035974277 -0.1165557684907258 1.200415307663838 118 122 129 0.33
652 -0.09252880764921731 -0.08519920442745112 1.219389935169286 99 80 53 0.28
653 -0.05686799661813235 -0.08724643396000638 1.235575453899827 149 126 102 0.35
654 -0.1496096206004297 -0.003735996148404558 1.187149328269566 76 78 76 0.21
655 -0.07946833850029891 -0.1792364440242024 1.226892115535459 82 79 68 0.51
656 -0.1412614811558572 -0.1533774500273235 1.207746019194065 149 142 129 0.29
657 -0.1092331656766431 -0.02502446165438556 1.203450226815737 129 128 127 0.17
658 -0.1058994447194418 -0.01088200016694639 1.203557276998814 147 143 134 0.34
659 -0.08996649893242467 -0.09192167364871641 1.223508337133023 155 122 65 0.13
660 -0.1194473265382258 -0.08857044028378315 1.213946650539588 60 57 55 0.36
661 -0.07118550335582499 0.007949898496014296 1.217236358522567 122 124 117 0.23
662 -0.1484996789005136 -0.161495103907895 1.205574827853249 184 181 167 0.24
663 -0.03573286390945393 -0.0197515853470414 1.23114572403769 105 104 98 0.04
664 0.0984670387804798 -0.1651953869234909 1.3024495030929 136 106 76 0.2
665 0.0977436404448343 -0.1487106619093465 1.306150653754692 123 113 84 0.1
666 -0.02849912186816017 -0.08541719538241956 1.251261235026996 53 46 49 0.27
667 -0.1818187329679401 -0.03228338594708026 1.177429961679503 148 143 111 0.29
668 -0.1399235353606684 -0.0310568002422521 1.194490291706559 146 136 94 0.1
669 -0.1130805290029311 -0.02947135178334918 1.205879812282863 103 103 84 0.06
670 -0.07611686882200436 -0.02863633595531388 1.217415113892369 141 129 95 0.12
671 -0.08183122891729372 -0.026903442396915 1.216292574836807 94 102 88 0.19
672 0.00297073717870297 -0.01983608576552304 1.25580902303494 33 32 30 0.27
673 -0.1443420105357831 -0.01882159013633027 1.18836001967071 105 108 105 0.16
674 -0.1732170470189851 -0.01882061538306685 1.177800431517902 99 97 79 0.28
675 -0.01224616035015749 -0.007505107612482631 1.24058583732008 121 118 110 0.38
676 -0.127115282101498 -0.1597678286120794 1.213982507605993 131 128 115 0.45
677 -0.04595359203939881 -0.07734527306636045 1.24195121836661 132 131 117 0.47
678 -0.08110003329891524 -0.0364039414198187 1.21917789415985 99 78 35 0.11
679 0.06736897514193524 -0.02493998465639094 1.279957096532771 34 21 17 0.34
680 0.05260294629347056 -0.02417503654553511 1.272960278725154 140 130 104 0.25
681 -0.03416024757580105 -0.01798286457780533 1.2355720616008 101 114 124 0.21
682 -0.001031603303947304 -0.01610463910148752 1.247808286770066 110 108 108 0.37
683 -0.08284958523859581 -0.09085963441512883 1.22743458562574 118 116 102 0.48
684 -0.04796599227882695 -0.07994774281152615 1.240848603529706 124 124 115 0.09
685 -0.03394707020965712 -0.06089566945203762 1.246184177093748 67 65 62 0.25
686 -0.07486202815651608 -0.02715136427208324 1.217310800168348 112 106 98 0.13
687 -0.01148607322388012 -0.01702265860782338 1.24457308152121 145 142 133 0.45
688 -0.07144071544596969 -0.009874236636995992 1.217404906206576 115 117 105 0.27
689 -0.07703811501882113 -0.01839289676474941 1.215509624214021 94 90 78 0.27
690 -0.09346499060969589 -0.02275674229824362 1.212848546564273 43 47 45 0.45
691 0.03685791408579131 -0.01486319798272132 1.266164230226701 59 64 76 0.47
692 0.00440968574329087 -0.02342865348743894 1.255776874497899 48 46 54 0.38
693 -0.08028393407680123 -0.01559511852181149 1.215761731936976 131 137 137 0.2
694 0.1199606981116155 -0.2144916230324592 1.352584581103957 130 157 173 0.09
695 -0.06535526659694707 -0.004073302117208993 1.22123665182006 97 100 103 0.43
696 -0.04667281677511764 -0.1927500749884266 1.25151067066749 106 82 77 0.12
697 0.1474170098325617 -0.1886750670087595 1.33486257051841 162 185 202 0.3
698 -0.173424231632329 -0.166723333071529 1.19628171549201 198 183 143 0.36
699 -0.1081043740131279 -0.1373334168932997 1.219155798108314 149 116 77 0.27
700 -0.05841230378721349 -0.08500651232674099 1.233284374113812 124 101 81 0.14
701 -0.04661258417759767 -0.07059934037095809 1.234919873711582 126 136 143 0.4
702 -0.08191749579698687 -0.03383602249878719 1.218231739278315 101 90 67 0.27
703 0.06264130716577138 -0.02210560594969425 1.268507707306538 120 106 86 0.17
704 -0.02945865077592821 -0.01717917566905744 1.240845329346479 124 121 109 0.39
705 -0.1311760971221714 -0.0187746136864953 1.200506330491305 102 102 97 0.13
706 -0.119818108858045 -0.01706450429559705 1.203423620719255 84 69 54 0.13
707 -0.1374403935901525 -0.0150546471393178 1.194882727237746 144 145 124 0.17
708 -0.1099054064103871 -0.01135350517728019 1.203693040554808 128 123 117 0.22
709 -0.01796830525246168 -0.007852237400351299 1.245500113326546 111 84 51 0.3
710 -0.04397917536782164 0.0008472448168720878 1.229018181877836 67 65 60 0.07
711 -0.1722365900484581 -0.002699398751132009 1.178627390861698 50 46 39 0.09
712 0.004294951880519038 0.02642538137528642 1.254463431545507 56 36 41 0.11
713 -0.1366035001076079 -0.1578606889260454 1.209420770090027 164 160 149 0.4
714 -0.08159953142319817 -0.08392020129503984 1.225219323409719 118 124 124 0.18
715 -0.08298645954808931 -0.06901424668202977 1.223621726749036 114 125 132 0.26
716 0.05104944509495241 0.02604687402480977 1.27244327135424 96 83 81 0.25
717 -0.1148129636571311 -0.1519747711534791 1.216622095445307 171 166 153 0.39
718 0.04060011786372192 -0.01847565530314564 1.271699023029782 49 49 61 0.18
719 0.04118650208795044 -3.099260796732978e-05 1.263477553908014 44 38 42 0.45
720 -0.07185756177126873 -0.1835247867763735 1.235812167785333 218 211 179 0.7
721 -0.03675725187606244 -0.04036109617491555 1.244539754261003 209 192 128 0.27
722 0.1018733581741333 0.007003746348958867 1.291548758660208 39 41 36 0.5
723 0.003973807326836887 0.02773526170388131 1.252122876333972 68 62 75 0.36
724 -0.155802168927102 -0.1467816415512186 1.203071154929863 51 52 58 0.48
725 -0.1532571885575244 -0.0701670985564419 1.194319291294306 85 88 93 0.63
726 -0.01800176679830065 -0.02518306809676284 1.250565754816981 45 41 38 0.29
727 0.01707021689070673 0.0190779069615215 1.262219747744418 56 56 55 0.35
728 0.2774383754475792 -0.1398804432730475 1.272597439766085 185 198 198 0.4
729 -0.1011252874034636 -0.08448759101030991 1.218799608839611 63 61 58 0.24
730 0.1195111602660492 -0.01355776883837512 1.301283446022278 135 121 109 0.41
731 -0.0840883477798702 -0.0178135065110834 1.21950884701926 52 57 59 0.09
732 -0.1550641022361106 -0.01333093225581895 1.192387080698009 81 84 93 0.16
733 -0.1201736912528956 -0.007734410409159696 1.202262974281059 62 62 56 0.15
734 -0.06079707248589297 0.02105974262320628 1.222308899599785 57 57 50 0.19
735 -0.112535480093276 -0.154440762964281 1.218740528595169 134 135 126 0.27
736 0.1304950272651048 -0.01892452892515145 1.304570446882471 117 97 88 0.2
737 -0.1530578027270921 -0.02314625522351492 1.192597678741998 43 39 41 0.33
738 -0.1644567131842322 -0.02319175831431153 1.189168656713788 51 49 56 0.23
739 0.1274226047559385 -0.01158970449313314 1.300297251277222 94 72 69 0.16
740 0.1255307524579479 -0.0155573203667683 1.302397694494912 84 88 84 0.1
741 -0.1018283604305052 -0.08904661136660959 1.219143571236044 115 90 55 0.53
742 -0.1484482936948188 -0.03267309442349205 1.191094503465089 148 132 102 0.19
743 -0.1403763668318724 -0.08223519547522705 1.201182490686985 129 129 124 0.22
744 -0.00182779911332262 -0.03086168191725425 1.251501999702129 97 86 50 0.13
745 0.1343524151114884 0.03198649278887863 1.301313457757792 91 63 58 0.36
746 0.2238365202098306 -0.0646569761403749 1.406061798604574 124 120 108 0.27
747 0.1397827363208151 0.02150870354326192 1.308483452192226 79 54 51 0.54
748 0.2822521354997302 -0.07243094488225535 1.262968737459978 31 35 32 0.14
749 0.162222587616358 0.007050265854530245 1.321791486699168 86 58 51 0.29
750 -0.03368944838448501 -0.04152259599425631 1.245789698691154 53 44 44 0.18
751 0.06746738849423817 -0.03515054129417486 1.283207925765313 31 35 33 0.38
752 -0.09569944184774508 -0.08984888090691338 1.22376434112663 118 87 73 0.25
753 -0.1041828406035709 -0.08224309070258258 1.218212099180586 142 147 138 0.48
754 -0.004594187861149734 -0.01874121248794683 1.245101064834761 100 101 106 0.17
755 0.1310392447665295 -0.01168827940303455 1.30439743677657 137 109 103 0.2
756 0.0100443469063197 0.03157138547479404 1.25211267268786 97 69 65 0.08
757 0.04838545252808768 0.03574003304220579 1.26824312518146 111 95 93 0.08
758 -0.1342322477195825 -0.09717006443719974 1.20676135525553 91 85 80 0.25
759 -0.1681355461628527 -0.02416248366454489 1.187595078558349 68 67 77 0.41
760 -0.06467260667566388 -0.01163952512815181 1.227522917291074 56 51 62 0.23
761 -0.1608115587542826 -0.02324916336093981 1.192319738719269 53 53 62 0.07
762 0.003951844522048165 0.01932296207407782 1.251368871273679 60 49 53 0.35
763 -0.118399289551547 -0.03523144536910294 1.206590039084424 91 91 83 0.25
764 -0.163856372980932 -0.06564493213311581 1.19542188623706 63 67 69 0.22
765 -0.113982511996632 -0.07588495184182399 1.209935116891054 169 171 171 0.48
766 -0.1223576776036867 -0.005801724785058915 1.201584432398073 64 66 57 0.19
767 -0.02384364698907071 -0.2077318900598994 1.261190394798954 161 165 158 0.29
768 0.07797614990281881 0.0005822140846718574 1.28463062518552 51 54 49 0.94
