# Image list with two lines of data per image:
#   IMAGE_ID, QW, QX, QY, QZ, TX, TY, TZ, CAMERA_ID, NAME
#   POINTS2D[] as (X, Y, POINT3D_ID)
# Number of images: 529, mean observations per image: 15.272
232 0.7148484426653792 0.0015852381620860836 0.07413360526224233 0.6953368905153363 -0.04012107328830961 -0.08265463446879091 -0.0036622029897846672 232 image_000232.jpg

33 0.9736601594083234 0.03385948300229865 0.21265302813053666 -0.07495406411889348 -0.5870617357153218 0.12458289374389228 0.27871444274799495 33 image_000033.jpg

207 0.9769516967298798 0.047410848714753005 0.19351045722483973 -0.0766243137049537 -0.45765620062837614 0.09487242468620782 0.2321562055235523 207 image_000207.jpg

465 0.9945714374681706 0.012498137800023647 0.0989155756391113 -0.029785134936318455 -0.21865756361957203 -0.01901926146975681 -0.054797044366129026 465 image_000465.jpg

238 0.6327510657400482 0.2263919580667472 0.0732219620230775 -0.7368929335976293 0.10218291149684125 0.5921930357828514 0.2786786845933137 238 image_000238.jpg

137 0.7487209448586127 -0.09036215511894934 0.1568978163933687 0.6376791432741296 -0.08617770519362018 -0.4005309914456118 0.14142989270159043 137 image_000137.jpg

524 0.997607717120917 -0.012520929492290354 0.056421638159004334 -0.03792985144633307 -0.11883075509020308 0.028109049421418106 -0.014323643797450792 524 image_000524.jpg

239 0.994205540755566 0.04625491961143249 0.07488952807243811 -0.06170394860685848 -0.49608505489480087 0.10876596661982045 0.09021336367940042 239 image_000239.jpg

209 0.9195288935637964 0.002159310828085446 0.34811845377829337 -0.18241573360546068 -0.7194577512480973 0.31463598170095514 0.6097068732693192 209 image_000209.jpg

300 0.987698073987943 0.01032214139524231 0.1372841576764786 -0.07415533763748675 -0.5559644357105887 0.12559870364226924 0.12048337333496702 300 image_000300.jpg

183 0.9936116137169078 -0.09533221062480801 0.05576128371327224 -0.023203715502222808 -0.12969637508569656 -0.24074539163558106 -0.30363836299296476 183 image_000183.jpg

412 0.9746862612329874 0.047343962519270574 0.20296881501757297 -0.0809252558912189 -0.5911792934049048 0.12972958119191882 0.1856028345504441 412 image_000412.jpg

450 0.9975890930828473 0.035199260143067033 0.058618068909824475 -0.011871989112428061 -0.06635679152193985 0.005762244586181849 0.18276913626400415 450 image_000450.jpg

2 0.9998966034928798 0.00035802405103544673 -0.01430753735779093 0.0013925102674638091 0.10421698843969465 -0.01633075041861305 0.33589634531027746 2 image_000002.jpg

86 0.9740067029429084 -0.009912179860029093 0.21536354223908866 -0.06950711375451869 -0.4691987405176599 -0.015868645875848922 0.27104728176527493 86 image_000086.jpg

504 0.9996977858912875 0.021156287304124596 0.012187186610361698 -0.0028673557745593015 0.009342879829409317 0.0029465502267691747 0.15728165939246502 504 image_000504.jpg

509 0.9992521367160232 -0.004613663154014979 -0.03773670694465987 0.007058551165579389 0.14499385799558764 -0.015893794164050526 0.21431304589920416 509 image_000509.jpg

508 0.9828782608163398 0.04630471065528792 0.163199090694901 -0.07191837611211704 -0.3697783840015845 0.0821313210007363 0.17250699713736584 508 image_000508.jpg

102 0.9925856574875533 0.0038907820784316338 0.12025568021688057 -0.017237649059999527 -0.2614322934886197 0.028357945245649906 0.16964308962748115 102 image_000102.jpg

235 0.5719941144650331 0.20262508331316056 0.22387779529830032 -0.7626561931764798 -0.04225542520405012 0.8166333716319851 -0.11467274664637228 235 image_000235.jpg

491 0.9955634925525613 0.08735252296860063 0.03324997500796575 -0.010830706849805433 -0.06201311685228339 0.005501226066651238 0.49940728896357733 491 image_000491.jpg

255 0.9928773048352579 0.07504847106936244 0.08991563635891531 -0.02185313375288732 -0.10989375626434764 0.07618952154310951 -0.12053568069617834 255 image_000255.jpg

40 0.9678764865799289 0.02274322245651451 0.24094184952517672 -0.06815332838382351 -0.5641265866021345 -0.09946989682721848 -0.09419438218074239 40 image_000040.jpg

41 0.9864155419013388 -0.08694826141151542 0.1393592676743826 -0.001838033483832499 -0.37306652215516195 0.07290949033149216 0.09869054069602146 41 image_000041.jpg

79 0.9239905700450111 -0.005794633293410785 0.33223413300126253 -0.18928371410297543 -0.6885020554113195 0.08521599793164211 0.0330971904381292 79 image_000079.jpg

407 0.9758484633228657 0.15551107497066477 0.1413254098186617 -0.05969271265811305 -0.5805631373961213 0.07224013498017326 0.2632300810717042 407 image_000407.jpg

