# 3D point list with one line of data per point:
#   POINT3D_ID, X, Y, Z, R, G, B, ERROR, TRACK[] as (IMAGE_ID, POINT2D_IDX)
# Number of points: 299, mean track length: 3.14
0 0.03429338587862166 -0.28640911189067736 1.138978702035117 0 0 0 0.43 185 0 187 0 519 0 
1 -0.08877255068998909 -0.1967857039326454 1.0920964866066347 0 0 0 0.1 107 0 187 1 519 1 
2 -0.056895789498131885 -0.1270343388360042 1.0515632422730692 0 0 0 0.23 107 1 187 2 519 2 
3 -0.07551534603630536 -0.012149153870610796 0.9584133233255947 0 0 0 0.61 1 0 187 3 519 3 
4 -0.17019200187713213 0.14726301531207703 0.8999285667643651 0 0 0 0.61 185 1 187 4 519 4 
5 0.010882814955825711 -0.1848591654175574 1.053479206627894 0 0 0 0.4 185 2 187 5 519 5 
6 0.06722476776412538 -0.16402024408023508 1.0427730886751223 0 0 0 0.3 107 2 187 6 519 6 
7 -0.09345632786762899 -0.0767373676198338 1.0032993395223246 0 0 0 0.24 187 7 390 0 519 7 
8 -0.1407252566721099 -0.0663765180751958 1.0153278813595399 0 0 0 0.21 107 3 187 8 390 1 519 8 
9 -0.14126978513169672 -0.06263956092077685 1.0144097436912223 0 0 0 0.34 107 4 170 0 519 9 
10 -0.14014503006871873 -0.03838036393714266 0.9787366706271604 0 0 0 0.31 1 1 187 9 519 10 
11 -0.16983099273848826 -0.01183583467999295 0.9689857351168566 0 0 0 0.34 1 2 187 10 519 11 
12 -0.08062389353917532 -0.00940121871180999 0.9591013088110918 0 0 0 0.38 1 3 187 11 519 12 
13 0.057443156565520716 -0.02237504127608836 0.938389555792558 0 0 0 0.26 1 4 107 5 170 1 
14 0.04911200279086861 -0.015146221822371412 0.9415377369300939 0 0 0 1.0 1 5 185 3 519 13 
15 -0.14364230496322197 0.12591508050284222 0.8918081681433899 0 0 0 0.38 170 2 187 12 519 14 
16 -0.14364230496322197 0.12591508050284222 0.8918081681433899 0 0 0 0.38 170 3 187 13 519 15 
17 0.21856161557731865 -0.10526768218275646 1.0224465864121235 0 0 0 0.46 185 4 187 14 519 16 
18 0.01883843332032186 -0.03888620465257742 0.9497741790769682 0 0 0 0.35 1 6 185 5 519 17 
19 0.05201914829056074 -0.030990674092946906 0.9472369985255028 0 0 0 0.72 1 7 170 4 519 18 
20 -0.16829480037837805 -0.01783460892017725 0.9619234555340243 0 0 0 0.91 107 6 170 5 185 6 187 15 519 19 
21 0.07415804612102417 -0.023332245006722468 0.9441479192250493 0 0 0 0.49 170 6 185 7 519 20 
22 -0.16530304191517461 -0.007475384331821535 0.9654701489789339 0 0 0 0.57 170 7 187 16 390 2 519 21 
23 0.0802541201840409 0.0025068140699901855 0.9385271936516836 0 0 0 0.46 1 8 187 17 519 22 
24 0.0913369582094548 0.1897529760045908 0.8702258237786887 0 0 0 0.84 170 8 185 8 187 18 519 23 
25 0.011204260252915132 -0.1604686832877698 1.038198829419653 0 0 0 0.49 185 9 187 19 519 24 
26 0.1717882309398076 -0.13110907160918425 1.0379050928598625 0 0 0 0.24 107 7 187 20 519 25 
27 -0.10478311923742212 -0.07288757882434727 1.0079627471172816 0 0 0 0.43 107 8 390 3 519 26 
28 -0.12155650140316936 -0.06732782281823481 1.0131938427213707 0 0 0 0.34 107 9 187 21 390 4 519 27 
29 0.004889824986889209 -0.008985898490116379 0.9456760657749613 0 0 0 0.24 1 9 107 10 170 9 
30 0.05098946627516214 0.0950284500671282 0.9021542100094216 0 0 0 0.84 170 10 185 10 187 22 519 28 
31 0.09247267012267339 0.1767220105053028 0.8722919888796491 0 0 0 0.82 170 11 187 23 519 29 
32 -0.08923631044250104 -0.1960499067406151 1.082589710885055 0 0 0 0.86 170 12 187 24 519 30 
33 -0.013092935370381172 -0.017528279801453255 0.9460127475036071 0 0 0 0.35 1 10 187 25 519 31 
34 -0.1054656050280714 0.16704525286049476 0.890182908854077 0 0 0 0.69 185 11 187 26 519 32 
35 -0.044309453495548295 -0.1280221690383664 1.0523736650101005 0 0 0 0.58 107 11 187 27 519 33 
36 -0.05391163565024399 -0.12568227018241562 1.041652297221687 0 0 0 0.37 107 12 170 13 519 34 
37 -0.08203308724991717 -0.11187178799291896 1.0319294507568424 0 0 0 0.85 107 13 187 28 390 5 519 35 
38 0.07972845874170435 -0.018698361679776142 0.9447483115132814 0 0 0 1.24 170 14 185 12 519 36 
39 -0.09908439171495208 0.03505372057705484 0.9317487147794553 0 0 0 0.48 185 13 187 29 519 37 
40 -0.11687735853570082 -0.03786991828860615 0.9751524984055486 0 0 0 0.79 1 11 107 14 519 38 
41 -0.112374037444974 0.03529240565464582 0.9286267071336398 0 0 0 0.6 1 12 107 15 187 30 
42 0.000199007610145265 -0.0028764097020633986 0.944052296427399 0 0 0 0.58 1 13 187 31 519 39 
43 0.05167634338977362 0.08619092763243165 0.905242643436365 0 0 0 0.67 170 15 185 14 187 32 519 40 
44 0.028121536827351728 -0.03287681954167801 0.9499313260000566 0 0 0 0.59 1 14 185 15 519 41 
45 0.04327299277750159 -0.2946878767621518 1.162887793464834 0 0 0 0.29 107 16 187 33 519 42 
46 0.1255473945919132 -0.3215737470528288 1.1912352167755431 0 0 0 0.46 107 17 187 34 519 43 
47 0.1279868463917275 -0.3013362780393255 1.1718235821766276 0 0 0 0.57 107 18 187 35 519 44 
48 0.11892647566758756 -0.2321549895751267 1.1159447406094039 0 0 0 0.18 107 19 187 36 519 45 
49 0.16167107267957917 -0.23695670875730174 1.1218392776129762 0 0 0 0.25 107 20 187 37 519 46 
50 -0.14384788471135684 -0.11433242681967698 1.27200104031427 0 0 0 0.6 107 21 187 38 519 47 
51 -0.08423485609251061 -0.13402957314840228 1.0487503050195377 0 0 0 0.42 35 0 187 39 519 48 
52 -0.0068111679552389295 -0.16302408760020587 1.0533375885027623 0 0 0 0.29 107 22 187 40 519 49 
53 -0.15443080761906477 -0.08791239778962794 1.0771798173241378 0 0 0 0.34 107 23 187 41 519 50 
54 -0.15219264034813368 -0.09940005075518726 1.0376918878977546 0 0 0 0.31 35 1 390 6 519 51 
55 -0.11721405545550112 -0.10082119059822525 1.0218025336449472 0 0 0 0.23 35 2 107 24 187 42 519 52 
56 0.20196798405229924 -0.1968904772398371 1.0924637042404601 0 0 0 0.15 107 25 187 43 519 53 
57 -0.1442474282526623 -0.085226716545601 1.0787679506612589 0 0 0 0.5 35 3 187 44 519 54 
58 -0.11103139820414365 -0.09845445801825277 1.0247388800927753 0 0 0 0.56 35 4 107 26 187 45 519 55 
59 0.1717424703427311 -0.15732134758286304 1.0562447306950309 0 0 0 0.21 107 27 187 46 519 56 
60 0.029985394855774488 -0.04720648833925453 0.9435136551964179 0 0 0 0.45 107 28 187 47 519 57 
61 -0.13713038750326692 0.05852538715684845 0.9470817130050896 0 0 0 0.62 187 48 390 7 519 58 
62 0.15892095308503706 0.09990669747927974 0.9072494382186042 0 0 0 0.34 185 16 187 49 519 59 
63 -0.024377335218889566 -0.28539932985660077 1.160680921250654 0 0 0 0.25 107 29 187 50 519 60 
64 -0.024377335218889566 -0.28539932985660077 1.160680921250654 0 0 0 0.25 107 30 187 51 519 61 
65 0.0013081625976643031 -0.266246365374371 1.1411620863371486 0 0 0 0.2 107 31 187 52 519 62 
66 0.04079271426248295 -0.2607683984355699 1.1367028859133326 0 0 0 0.63 107 32 187 53 519 63 
67 0.09995401791136452 -0.27417625687778874 1.1507039182496241 0 0 0 0.36 107 33 187 54 519 64 
68 -0.13164831777943103 -0.17155608671078626 1.1148076757920857 0 0 0 0.1 107 34 187 55 519 65 
69 -0.12670636385114567 -0.17456358745004627 1.1072655644912794 0 0 0 0.19 107 35 390 8 519 66 
70 0.1406055497874304 -0.25660074124093485 1.1404471351393053 0 0 0 0.32 107 36 187 56 519 67 
71 -0.13162703700599682 -0.164952567975132 1.096768685979185 0 0 0 0.1 107 37 187 57 519 68 
72 0.12077293166165397 -0.2295255812027242 1.3473937848077686 0 0 0 0.63 35 5 170 16 519 69 
73 -0.07178060588172741 -0.1767972996497507 1.0835174390756772 0 0 0 0.44 107 38 390 9 519 70 
74 0.13453883242334733 -0.225694260675565 1.0896373779811854 0 0 0 1.25 170 17 187 58 519 71 
75 0.0431283670480064 -0.18773171961883167 1.0505745169093497 0 0 0 0.62 170 18 185 17 187 59 519 72 
76 0.14599820192569668 -0.18133435734938072 1.0763524923962544 0 0 0 0.21 107 39 187 60 519 73 
77 0.1532956497937875 -0.17723593951255975 1.0759348826540085 0 0 0 0.26 107 40 187 61 519 74 
78 -0.123276823479955 -0.08526700411485502 1.0239358244252024 0 0 0 0.25 35 6 187 62 519 75 
79 -0.15073365570609323 -0.05213500839469534 1.1881451833749097 0 0 0 0.52 107 41 187 63 519 76 
80 -0.025618628456274828 -0.08013438852183526 0.9976157432057553 0 0 0 0.25 107 42 187 64 519 77 
81 0.0048246994496447355 -0.10071792776497757 0.9729914002076792 0 0 0 0.59 107 43 187 65 519 78 
82 -0.12936797316924045 -0.03429501436720641 0.9919030020023297 0 0 0 0.89 187 66 390 10 519 79 
83 -0.008829686792427037 -0.05299467515043931 0.9377200941756254 0 0 0 0.41 107 44 187 67 519 80 
84 -0.18299210238044242 0.02894802976513065 1.0655962491209963 0 0 0 0.2 107 45 187 68 519 81 
85 -0.08864727906592954 -0.009136073624311103 0.9580799213678511 0 0 0 0.24 107 46 187 69 519 82 
86 0.05266493272473178 0.007905619936064825 0.9332857755389256 0 0 0 0.23 170 19 187 70 519 83 
87 -0.050159780864418774 0.09585965789331082 0.9185312143492094 0 0 0 0.42 185 18 187 71 519 84 
88 0.07340175855124484 0.16117436500955873 0.878067177554031 0 0 0 0.66 185 19 187 72 519 85 
89 -0.001347476946604708 0.1910649350869029 0.8722444465604845 0 0 0 0.96 170 20 185 20 187 73 519 86 
90 -0.06703964391686382 -0.26625190661252784 1.1419580415014967 0 0 0 0.6 107 47 187 74 519 87 
91 -0.15532327157237424 -0.0706560120450848 1.062554455935809 0 0 0 0.07 107 48 187 75 519 88 
92 -0.11806296538975669 -0.17774645449768953 1.0882467854842652 0 0 0 0.14 107 49 187 76 519 89 
93 -0.11388210852330351 -0.17931764534271558 1.0933729844087645 0 0 0 0.47 107 50 390 11 519 90 
94 -0.11217843802522921 -0.17427748134357293 1.0844182859875557 0 0 0 0.24 107 51 187 77 519 91 
95 0.015635236365133868 -0.23552638794966696 1.1180743517949856 0 0 0 0.17 107 52 187 78 519 92 
96 0.02671321928433924 -0.2354302886040764 1.0927086540877178 0 0 0 0.52 185 21 187 79 519 93 
97 -0.13252092628904658 -0.14931049674396946 1.1591756083590885 0 0 0 0.38 107 53 187 80 519 94 
98 -0.10781450240305492 -0.1522339941494588 1.065042048137002 0 0 0 0.06 35 7 187 81 519 95 
99 -0.08711008354780277 -0.16338741010973123 1.0754389356693286 0 0 0 0.71 107 54 187 82 519 96 
100 -0.0943948642179356 -0.15697903256720136 1.0672923492237436 0 0 0 0.09 107 55 187 83 390 12 519 97 
101 -0.08747582225434662 -0.15622985005210774 1.0651636369847077 0 0 0 0.33 35 8 107 56 187 84 519 98 
102 -0.05444162658674129 -0.17889908279032987 1.083879699220424 0 0 0 0.36 107 57 187 85 519 99 
103 -0.13990521895252592 -0.11743093771042791 1.0921254479026863 0 0 0 0.16 107 58 187 86 519 100 
104 -0.12801281189408434 -0.13012207918858787 1.057266448452997 0 0 0 0.24 35 9 107 59 187 87 519 101 
105 -0.1287194362322391 -0.1299671920144133 1.0560220799346 0 0 0 0.35 35 10 107 60 187 88 390 13 519 102 
106 -0.14646576981521547 -0.08660491284105161 1.1988287486873312 0 0 0 0.3 107 61 187 89 519 103 
107 -0.07591933607298307 -0.12800233230103028 1.0556217079968544 0 0 0 0.14 107 62 187 90 519 104 
108 -0.04212380606490237 -0.13303771596672434 1.0470346701998134 0 0 0 0.46 107 63 187 91 519 105 
109 0.1789945049629719 -0.18162652997758139 1.0899753548174513 0 0 0 0.62 107 64 187 92 519 106 
110 -0.07477419534953296 -0.10374750227290394 1.0260751192136692 0 0 0 0.2 107 65 187 93 519 107 
111 -0.07771913621985337 -0.10304317935932449 1.0227858880520706 0 0 0 0.36 107 66 187 94 390 14 519 108 
112 -0.0647680746505821 -0.11047348148867692 1.02676697881915 0 0 0 0.32 187 95 390 15 519 109 
113 0.17751420856586134 -0.16439970750187413 1.0683304013521333 0 0 0 0.15 107 67 187 96 519 110 
114 -0.16390748392968404 -0.04672569998194182 1.0838189050409293 0 0 0 0.11 107 68 187 97 519 111 
115 -0.16390748392968404 -0.04672569998194182 1.0838189050409293 0 0 0 0.11 107 69 187 98 519 112 
116 -0.135145461862519 -0.05945747383259668 1.016106028130377 0 0 0 0.38 107 70 170 21 187 99 519 113 
117 -0.09789464763066119 -0.0739204121633864 1.0043607046573118 0 0 0 0.19 107 71 390 16 519 114 
118 -0.0756054733363899 -0.06833952652275997 1.0078955948967976 0 0 0 0.3 107 72 187 100 519 115 
119 -0.15666557764931818 -0.030844825773305513 1.1047522934477567 0 0 0 0.16 107 73 187 101 519 116 
120 0.13364645586782764 -0.10528519403152892 1.0151382941801446 0 0 0 0.35 107 74 187 102 519 117 
121 0.1427693089216359 -0.10007108766126153 1.0120898180639637 0 0 0 0.39 107 75 187 103 519 118 
122 -0.19000657385233524 -0.001200609912166038 0.9913506021691838 0 0 0 0.37 107 76 187 104 519 119 
123 -0.1880733570188866 -0.0016138057647038977 0.9807521481670566 0 0 0 0.11 107 77 187 105 519 120 
124 -0.16300643182853042 -0.011528899263095155 0.9627036927323345 0 0 0 0.52 107 78 170 22 187 106 519 121 
125 -0.03187432220889793 -0.04982865233445971 0.9708216223523162 0 0 0 0.19 107 79 187 107 519 122 
126 -0.034917603248828415 -0.043035298522322435 0.9723433604585668 0 0 0 0.25 107 80 187 108 519 123 
127 -0.18165302114846205 0.012310970503195816 0.9519850575007524 0 0 0 0.18 107 81 187 109 519 124 
128 -0.038569453902576684 -0.019591010715647377 0.9428655440092139 0 0 0 0.24 107 82 187 110 519 125 
129 -0.10297010375638835 0.09626106005548546 0.9459905796893474 0 0 0 0.96 187 111 390 17 519 126 
130 -0.1077374601089934 -0.22453773109006805 1.143266547310875 0 0 0 0.44 107 83 390 18 519 127 
131 -0.1061320903944393 -0.2043529789669177 1.1053551871739593 0 0 0 0.29 107 84 187 112 519 128 
132 0.042593772880337076 -0.2708419853189779 1.1507992590678264 0 0 0 0.4 107 85 187 113 519 129 
133 -0.13383299441090196 -0.17924635098720945 1.1385930003896882 0 0 0 1.84 107 86 187 114 519 130 
134 -0.04966726597107358 -0.19949693409145083 1.0920224586948244 0 0 0 0.24 107 87 187 115 519 131 
135 -0.12893895123804455 -0.1424968451394098 1.1921363846400903 0 0 0 0.45 107 88 187 116 519 132 
136 -0.12689436109059093 -0.16269940153409895 1.1129222791461806 0 0 0 0.7 107 89 187 117 519 133 
137 -0.13439286326582384 -0.1501721401550475 1.0719305272213244 0 0 0 0.8 35 11 107 90 187 118 519 134 
138 0.13166054732290766 -0.19995490080555728 1.0893364746383936 0 0 0 0.1 107 91 187 119 519 135 
139 0.13166054732290766 -0.19995490080555728 1.0893364746383936 0 0 0 0.1 107 92 187 120 519 136 
140 -0.1518269676892877 -0.09645039927086951 1.2245677691245955 0 0 0 0.45 107 93 187 121 519 137 
141 -0.14690786260289743 -0.09645946059207135 1.2192267483569357 0 0 0 0.36 107 94 187 122 519 138 
142 -0.14690786260289743 -0.09645946059207135 1.2192267483569357 0 0 0 0.36 107 95 187 123 519 139 
143 -0.13995983751276528 -0.11276271136597364 1.0930644236680853 0 0 0 0.38 107 96 187 124 519 140 
144 -0.10792524556715209 -0.10326760417780942 1.0272648673547575 0 0 0 0.27 35 12 107 97 187 125 390 19 519 141 
145 0.0367125076746754 -0.16089130658600703 1.059737081010386 0 0 0 0.42 107 98 187 126 519 142 
146 -0.15679671018448585 -0.07932151695418442 1.0906661439129848 0 0 0 0.46 107 99 187 127 519 143 
147 -0.1421802213193011 -0.07116345985950005 1.0161753179153528 0 0 0 0.19 35 13 187 128 390 20 
148 -0.09861301975904209 -0.10297019290006176 1.0262409209848 0 0 0 0.19 35 14 187 129 390 21 519 144 
149 0.15010459211412397 -0.1572269964318945 1.0571131487367225 0 0 0 0.26 107 100 187 130 519 145 
150 -0.1553004513415725 -0.05472231172271223 1.0670008263206268 0 0 0 0.18 107 101 187 131 519 146 
151 -0.027476321276989745 -0.07601327360484048 0.9982561573486549 0 0 0 0.37 170 23 187 132 519 147 
152 0.15153717805303832 -0.13087883050967336 1.0371828911358785 0 0 0 0.24 185 22 187 133 519 148 
153 0.024905782262952595 -0.07250103943003548 0.961170000661056 0 0 0 0.64 107 102 187 134 519 149 
154 -0.19331503051813162 -0.001293678463806559 1.0031803473698477 0 0 0 0.16 107 103 187 135 519 150 
155 -0.19119829406299324 0.001945018689600843 0.9838313339481692 0 0 0 0.11 107 104 187 136 519 151 
156 0.12835503615796015 0.06015606138512964 0.9188052879221704 0 0 0 0.52 170 24 187 137 519 152 
157 -0.1810635535592762 0.17575419360948424 0.8945471069157189 0 0 0 0.43 170 25 187 138 519 153 
158 -0.10430218965799273 -0.22811695215295028 1.1580470911579428 0 0 0 0.39 107 105 390 22 519 154 
159 -0.11824546040384602 -0.19606325845324957 1.095493635465192 0 0 0 0.15 107 106 187 139 519 155 
160 -0.05127266554462619 -0.22808669303403012 1.1227512853915518 0 0 0 0.8 107 107 390 23 519 156 
161 -0.08201371086455513 -0.19811596157697312 1.093408399410756 0 0 0 0.27 107 108 390 24 519 157 
162 -0.057870556137108065 -0.19990930746611615 1.1014575213394606 0 0 0 0.15 107 109 187 140 519 158 
163 -0.025784650991937864 -0.20214387747696405 1.1006799648036907 0 0 0 0.26 107 110 187 141 519 159 
164 -0.12635013505352205 -0.15442942219837583 1.0709627810329216 0 0 0 0.22 35 15 107 111 519 160 
165 -0.11089210290440964 -0.15459455157604823 1.0708157270207594 0 0 0 0.22 35 16 107 112 390 25 519 161 
166 -0.053925954474214846 -0.1651925742725834 1.0678541472632104 0 0 0 0.28 107 113 187 142 519 162 
167 -0.13935873887149106 -0.11636771887815026 1.1029573226315514 0 0 0 0.52 107 114 187 143 519 163 
168 -0.13346151509747117 -0.1254729366148807 1.0578830571325246 0 0 0 0.3 35 17 187 144 519 164 
169 -0.0763287780192694 -0.15696595592408016 1.0669691994566324 0 0 0 0.37 187 145 390 26 519 165 
170 -0.06609178043789606 -0.15580432719401818 1.0573921271825595 0 0 0 0.92 107 115 187 146 390 27 519 166 
171 -0.05212225197398903 -0.15765928642374483 1.0638445178047153 0 0 0 0.25 107 116 390 28 519 167 
172 -0.012867319328279014 -0.1550849096479576 1.0531395743492087 0 0 0 0.72 107 117 187 147 519 168 
173 0.017728112601172782 -0.1594557384710883 1.0548656862669288 0 0 0 0.44 107 118 187 148 519 169 
174 -0.1351832936836767 -0.11255957789147158 1.0885620032709729 0 0 0 0.65 35 18 187 149 519 170 
175 0.058097688401138214 -0.163307068947758 1.046905376106092 0 0 0 0.21 107 119 187 150 519 171 
176 -0.08604929736882914 -0.10297197217228735 1.0263679437424673 0 0 0 0.15 107 120 187 151 519 172 
177 -0.12532254253815076 -0.04570754608379461 0.984365483463931 0 0 0 0.33 107 121 187 152 390 29 519 173 
178 0.21911728387326887 -0.11307040050270266 1.0255363433857922 0 0 0 0.48 185 23 187 153 519 174 
179 -0.15006752317541006 -0.018668461051211716 0.9628326954688691 0 0 0 0.54 107 122 187 154 519 175 
180 -0.13636005723209815 0.04090201157717542 0.9443843228896998 0 0 0 0.49 187 155 390 30 519 176 
181 -0.12468675542173069 -0.1887492053395552 1.124777553472724 0 0 0 0.74 107 123 187 156 519 177 
182 -0.033758715696291075 -0.21337202673425076 1.1101298419099819 0 0 0 0.57 107 124 187 157 519 178 
183 0.1612156003768449 -0.21366528918959318 1.110164297885987 0 0 0 0.85 107 125 187 158 519 179 
184 0.15370410796774522 -0.10962575396348052 1.0138651829432428 0 0 0 0.5 107 126 187 159 519 180 
185 0.015279776037634401 0.07041581860227239 0.9125018121489096 0 0 0 1.03 170 26 187 160 519 181 
186 -0.1328782917595876 -0.1779012914237583 1.1233468121423182 0 0 0 0.16 107 127 187 161 519 182 
187 -0.06434043257426428 -0.16928718114985927 1.0732906056095475 0 0 0 0.54 107 128 187 162 390 31 519 183 
188 0.04240837440937388 -0.19980019777082594 1.0775769478032073 0 0 0 0.34 107 129 187 163 519 184 
189 -0.13840201247232628 -0.11924098909370821 1.1350890522051948 0 0 0 0.4 35 19 107 130 390 32 
190 -0.034354458394752575 -0.1683707381260434 1.0715523664981963 0 0 0 0.54 107 131 390 33 519 185 
191 0.01399210085623709 -0.17351552335863127 1.0535514850938796 0 0 0 0.35 170 27 187 164 519 186 
192 0.056737601733448176 -0.1775526653063793 1.0630043248102095 0 0 0 0.63 107 132 187 165 519 187 
193 -0.15928180429290092 -0.1043419578672304 1.1233143583696157 0 0 0 1.69 107 133 187 166 519 188 
194 -0.1384891928029666 -0.10085623309681066 1.036273044403845 0 0 0 0.43 35 20 107 134 187 167 390 34 519 189 
195 0.17382832897585132 -0.17328973605157544 1.077736066479732 0 0 0 0.52 107 135 187 168 519 190 
196 -0.0542213182876942 -0.10374996283020392 1.0225238188165426 0 0 0 0.2 107 136 187 169 519 191 
197 -0.03019488657881414 -0.10582336755342613 1.0336684536199934 0 0 0 0.57 107 137 187 170 519 192 
198 0.1300422168882689 -0.14493468607560991 1.0492261962747846 0 0 0 0.53 107 138 187 171 519 193 
199 0.17084535156730243 -0.1451242412177418 1.053312410764842 0 0 0 0.61 107 139 187 172 519 194 
200 -0.16045053776374188 -0.05913662313653739 1.1313659817012467 0 0 0 0.77 107 140 187 173 519 195 
201 -0.13526067162258298 -0.03674750700347709 0.9773686073926378 0 0 0 0.73 107 141 187 174 519 196 
202 -0.06761534503503001 -0.01266206555340648 0.9583415121369379 0 0 0 0.7 107 142 187 175 519 197 
203 -0.09227020073751563 -0.1715233774251132 1.0804769483691283 0 0 0 0.52 107 143 187 176 519 198 
204 0.002691512810311658 -0.19750624519517937 1.07454050174681 0 0 0 0.53 107 144 187 177 519 199 
205 -0.05182820098857899 -0.12059772622492243 1.0435475114852575 0 0 0 1.11 107 145 187 178 519 200 
206 -0.14848022077774406 -0.08952824297076019 1.0707421715344732 0 0 0 0.71 35 21 187 179 519 201 
207 -0.14848022077774406 -0.08952824297076019 1.0707421715344732 0 0 0 0.71 35 22 187 180 519 202 
208 -0.12786231258955644 0.0265959476671964 0.9411543447510361 0 0 0 0.64 187 181 390 35 519 203 
209 0.032290607021453595 0.045490990094596125 0.9176458257749812 0 0 0 0.67 185 24 187 182 519 204 
210 -0.09725010996960287 -0.11916299709992634 1.046483572459595 0 0 0 1.43 35 23 107 146 187 183 519 205 
211 0.11835741457868898 -0.3313397924285057 1.1965136569129293 0 0 0 0.39 107 147 187 184 519 206 
212 0.0013081625976643031 -0.266246365374371 1.1411620863371486 0 0 0 0.2 107 148 187 185 519 207 
213 0.15099012342655466 -0.30041205349464817 1.1747761753795474 0 0 0 0.58 107 149 187 186 519 208 
214 -0.1040120330328306 -0.1751134040610106 1.0878826258640317 0 0 0 0.1 107 150 187 187 519 209 
215 -0.06326683125154085 -0.17753328473702729 1.086187897988208 0 0 0 0.28 107 151 390 36 519 210 
216 -0.07684284496311235 -0.13996764450775684 1.055596971609676 0 0 0 0.22 107 152 187 188 519 211 
217 -0.1426192677252297 0.005790433437231329 0.9526496537184401 0 0 0 0.96 107 153 187 189 519 212 
218 -0.09671510650555834 -0.2505371356066311 1.1396411378868208 0 0 0 0.3 107 154 187 190 519 213 
219 -0.059837409217345136 -0.22963688941030214 1.1111437099698076 0 0 0 0.39 107 155 187 191 519 214 
220 -0.07239683847894302 -0.21185782511468074 1.0983059596987237 0 0 0 0.85 170 28 187 192 519 215 
221 0.16122591654406473 -0.28853972458510924 1.1694669771417152 0 0 0 0.54 107 156 187 193 519 216 
222 -0.11998064822901724 -0.1770766644357888 1.091709357652662 0 0 0 0.41 107 157 390 37 519 217 
223 -0.1260063806136399 -0.14097004307328898 1.0577243384602666 0 0 0 0.5 107 158 187 194 519 218 
224 0.052009357862283535 -0.19936237180280517 1.0939943115031079 0 0 0 1.05 170 29 187 195 519 219 
225 -0.14354002145690914 -0.11235721388402019 1.108492895214685 0 0 0 0.41 107 159 187 196 519 220 
226 -0.14354002145690914 -0.11235721388402019 1.108492895214685 0 0 0 0.41 107 160 187 197 519 221 
227 -0.1486137371939646 -0.09387690879973909 1.0584136566580078 0 0 0 0.3 107 161 187 198 519 222 
228 -0.12099916665489907 -0.0820788345246215 1.020243876177349 0 0 0 0.63 107 162 390 38 519 223 
229 -0.12099916665489907 -0.0820788345246215 1.020243876177349 0 0 0 0.63 107 163 390 39 519 224 
230 0.1650698641335582 -0.15705197568513168 1.0586578767951194 0 0 0 0.11 107 164 187 199 519 225 
231 -0.09877335493727729 -0.07724390799631213 1.0035413504443171 0 0 0 0.5 107 165 187 200 390 40 519 226 
232 -0.12030369090394881 -0.03649525028200829 0.9884474986426336 0 0 0 0.19 107 166 187 201 390 41 519 227 
233 -0.001974862460173825 -0.05803831433108092 0.9574818614977942 0 0 0 0.1 107 167 187 202 519 228 
234 0.1777274622284502 -0.10387812474699165 1.0124314505630065 0 0 0 0.14 107 168 187 203 519 229 
235 -0.10657555863155758 0.013964662917102216 0.9588651587299224 0 0 0 0.5 187 204 390 42 519 230 
236 0.0884702173899747 -0.02000893289058758 0.9438934062766994 0 0 0 0.26 185 25 187 205 519 231 
237 0.1544773175866927 0.1750320754247995 0.8821281461171478 0 0 0 0.45 170 30 187 206 519 232 
238 -0.06703964391686382 -0.26625190661252784 1.1419580415014967 0 0 0 0.6 107 169 187 207 519 233 
239 -0.10547481494465503 -0.21790376225851502 1.115761386713817 0 0 0 0.29 107 170 187 208 519 234 
240 -0.11657213776083525 -0.18283221448034867 1.091874127198558 0 0 0 0.62 107 171 390 43 519 235 
241 -0.12586798555798556 -0.1517680775122866 1.1532282422941569 0 0 0 0.46 107 172 187 209 519 236 
242 -0.13909622291623977 -0.12038387770123049 1.1691541996067614 0 0 0 0.24 107 173 187 210 519 237 
243 -0.08276657603651728 -0.13996546129656598 1.043810526308505 0 0 0 1.13 107 174 390 44 519 238 
244 -0.07802713047195342 -0.13543761478591998 1.0481974508494363 0 0 0 0.43 107 175 187 211 390 45 519 239 
245 -0.10815833595505278 -0.10313033493651151 1.0268975681628731 0 0 0 0.28 107 176 187 212 390 46 519 240 
246 -0.15519252456474006 -0.05555729429432665 1.158318939580068 0 0 0 0.38 107 177 187 213 519 241 
247 -0.03312902175683569 -0.06406686515778616 0.9957171370264346 0 0 0 0.3 107 178 187 214 519 242 
248 -0.14946494510621822 -0.013379134016736658 0.9609846601433195 0 0 0 0.14 107 179 187 215 519 243 
249 -0.04798998610654471 0.004294765283765905 0.9527165304051178 0 0 0 0.35 107 180 187 216 519 244 
250 -0.11663569628899137 0.03881088335968285 0.9245958200381329 0 0 0 1.12 107 181 187 217 519 245 
251 -0.0691176782619549 0.15724660833871945 0.8888842625303295 0 0 0 0.2 185 26 187 218 519 246 
252 -0.0704111695869872 -0.2646530560584417 1.151682339147054 0 0 0 1.01 107 182 390 47 519 247 
253 -0.09880434555689349 -0.2276677602828022 1.1291264773649086 0 0 0 0.74 107 183 390 48 519 248 
254 -0.05602025635390887 -0.22973523724822473 1.1087642017656434 0 0 0 0.61 107 184 187 219 519 249 
255 0.02552200014506578 -0.2638202782154623 1.1455768698419804 0 0 0 0.47 107 185 187 220 519 250 
256 0.13721609549544048 -0.285700496188407 1.147104513263671 0 0 0 1.33 107 186 187 221 519 251 
257 -0.07963629354087717 -0.18225871656255455 1.0822119873947251 0 0 0 0.16 107 187 187 222 519 252 
258 0.038736599707161166 -0.2369536091623963 1.1140598504382997 0 0 0 0.31 107 188 187 223 519 253 
259 0.13271269542875586 -0.2494775972585299 1.1379391170052087 0 0 0 0.38 107 189 187 224 519 254 
260 0.1560497983323644 -0.2641113330731739 1.1393564903539153 0 0 0 0.38 107 190 187 225 519 255 
261 -0.03741600797596959 -0.16198124715640924 1.0599058911455408 0 0 0 0.57 107 191 187 226 519 256 
262 -0.0036835509950801527 -0.16527654160922747 1.072718764293157 0 0 0 0.95 107 192 187 227 519 257 
263 -0.07690021829617613 -0.13138577496459772 1.0511827081135305 0 0 0 0.49 107 193 187 228 390 49 519 258 
264 -0.07690021829617613 -0.13138577496459772 1.0511827081135305 0 0 0 0.49 107 194 187 229 390 50 519 259 
265 0.14723663975530515 -0.19942626529739788 1.089076948230341 0 0 0 0.3 107 195 187 230 519 260 
266 0.14723663975530515 -0.19942626529739788 1.089076948230341 0 0 0 0.3 107 196 187 231 519 261 
267 -0.09840183059423341 -0.10308643007638703 1.0266577041289509 0 0 0 0.22 107 197 390 51 519 262 
268 -0.03575062941756269 -0.07256216524475584 0.9976392125222062 0 0 0 0.37 170 31 187 232 519 263 
269 -0.010119238397588772 -0.0538979987468972 0.9432330267855163 0 0 0 0.1 107 198 187 233 519 264 
270 -0.16651439117784514 0.023273688001485878 0.9315610320918862 0 0 0 0.24 107 199 187 234 519 265 
271 -0.005988227966583712 -0.2368130637668845 1.123667939030463 0 0 0 0.39 107 200 187 235 519 266 
272 -0.1396447572011396 -0.15985656080202373 1.1085254877344246 0 0 0 0.49 107 201 187 236 519 267 
273 -0.07767589035814035 -0.1562491351726577 1.0649211126484626 0 0 0 0.48 107 202 390 52 519 268 
274 -0.05597037029128149 -0.13251753965674667 1.0489077501157555 0 0 0 0.39 107 203 187 237 519 269 
275 0.0045376444077639645 -0.15563209173039855 1.0407334336920886 0 0 0 0.46 170 32 185 27 519 270 
276 0.1427488812901205 -0.1889329015637737 1.0784379517711276 0 0 0 0.44 107 204 187 238 519 271 
277 -0.15203676463810856 -0.06791296853755115 1.0146675366129794 0 0 0 0.36 107 205 170 33 519 272 
278 -0.11391918941993244 -0.18897312181438455 1.0997461859263593 0 0 0 0.79 107 206 390 53 519 273 
279 -0.1069020009751047 0.008255775582720967 0.9635214667642161 0 0 0 0.31 187 239 390 54 519 274 
280 -0.14727013453515314 -0.10128465213305445 1.2527236042212215 0 0 0 0.4 107 207 187 240 519 275 
281 -0.1303815682949709 -0.11099919308650273 1.0417312071507772 0 0 0 0.78 107 208 187 241 390 55 519 276 
282 -0.03019488657881414 -0.10582336755342613 1.0336684536199934 0 0 0 0.57 107 209 187 242 519 277 
283 -0.148643577335795 -0.003636995920477385 0.9705610979766637 0 0 0 0.2 107 210 187 243 519 278 
284 0.05207983796569752 0.14186943188145074 0.8853951941698811 0 0 0 0.47 185 28 187 244 519 279 
285 -0.04368566060535377 -0.14425905178312687 1.053868462479969 0 0 0 1.2 107 211 187 245 519 280 
286 -0.1471706103207752 -0.07485229237176036 1.1691370403252852 0 0 0 0.27 107 212 187 246 519 281 
287 -0.12816316944590905 -0.07296362632831448 1.0158603690787007 0 0 0 0.94 107 213 170 34 519 282 
288 -0.10960868655634066 -0.08491991142490665 1.0099046456462777 0 0 0 0.93 107 214 187 247 390 56 519 283 
289 -0.18722022222680246 -0.010343755177898054 0.9732514321793353 0 0 0 0.57 107 215 187 248 519 284 
290 0.05196105755419277 0.060414055803342276 0.9119795732438744 0 0 0 1.05 170 35 187 249 519 285 
291 -0.16377873450792008 0.1696017669220925 0.891566371505374 0 0 0 1.17 170 36 185 29 519 286 
292 0.0834482387237227 0.11007714875591347 0.8918814511282063 0 0 0 0.92 170 37 187 250 519 287 
293 -0.16530304191517461 -0.007475384331821535 0.9654701489789339 0 0 0 0.57 170 38 187 251 390 57 519 288 
294 -0.0037564632360696454 -0.5243294540911327 1.3177710788185293 0 0 0 0.92 185 30 187 252 519 289 
295 0.1408575298774444 -0.21324221071092067 1.0920292939864669 0 0 0 0.52 185 31 187 253 519 290 
296 -0.12899317730537965 -0.0919540084953306 1.0346684943087099 0 0 0 1.81 187 254 390 58 519 291 
297 -0.13500835185256319 0.07646760036518255 0.9488162714159958 0 0 0 1.16 187 255 390 59 519 292 
298 -0.07231107755776722 -0.0946456847954145 1.014140896220101 0 0 0 0.62 187 256 390 60 519 293 
