# Camera list with one line of data per camera:
#   CAMERA_ID, MODEL, WIDTH, HEIGHT, PARAMS[]
# Number of cameras: 70
0 RADIAL 1067 694 802.6227963209152 533.5 346.77500000000003 0.0 0.0
16 RADIAL 1032 688 1459.8258443979116 516.0 344.0 0.0 0.0
120 RADIAL 1022 773 1097.9186293112266 511.0 386.7027027027027 0.0 0.0
1 RADIAL 1059 688 784.4960393428803 529.5 344.175 0.0 0.0
56 RADIAL 1028 685 686.4333919622959 514.0 342.66666666666663 0.0 0.0
15 RADIAL 1024 775 1116.1591005067569 512.0 387.4594594594595 0.0 0.0
128 RADIAL 1025 776 1020.8478283237766 512.5 387.8378378378378 0.0 0.0
2 RADIAL 1024 572 1156.4779705668604 512.0 285.7674418604651 0.0 0.0
4 RADIAL 995 663 1696.9789147988345 497.50000000000006 331.6666666666667 0.0 0.0
146 RADIAL 1031 752 1059.7296361665467 515.5 376.1756756756757 0.0 0.0
147 RADIAL 1027 777 1033.0001073270232 513.5 388.5945945945946 0.0 0.0
152 RADIAL 1021 681 1041.4304041251157 510.5 340.3333333333333 0.0 0.0
26 RADIAL 1027 777 1070.5728583980251 513.5 388.5945945945946 0.0 0.0
29 RADIAL 1023 774 1074.2653960666141 511.5 387.0810810810811 0.0 0.0
157 RADIAL 1018 770 1545.642183355383 509.0 385.18918918918916 0.0 0.0
160 RADIAL 680 1020 950.81907419058 340.0 510.0 0.0 0.0
44 RADIAL 1035 578 766.8938631235167 517.5 288.83720930232556 0.0 0.0
50 RADIAL 1015 768 1132.38383086952 507.5 384.05405405405406 0.0 0.0
61 RADIAL 1039 693 1182.3515617664045 519.5 346.33333333333337 0.0 0.0
69 RADIAL 1056 686 788.1809761047363 528.0 343.2 0.0 0.0
73 RADIAL 1067 694 795.8979273080826 533.5 346.77500000000003 0.0 0.0
77 RADIAL 1066 693 802.1592408657074 533.0 346.45 0.0 0.0
111 RADIAL 1043 695 1174.9459349314373 521.5 347.6666666666667 0.0 0.0
118 RADIAL 1032 753 1116.0927070411476 516.0 376.5405405405405 0.0 0.0
11 RADIAL 1014 767 1823.45053018106 507.00000000000006 383.6756756756757 0.0 0.0
17 RADIAL 1019 771 1139.63568651354 509.5 385.56756756756755 0.0 0.0
19 RADIAL 1050 700 998.1946138235239 525.0 350.0 0.0 0.0
148 RADIAL 1015 768 1545.02582318074 507.5 384.05405405405406 0.0 0.0
27 RADIAL 1018 770 1036.3831001487938 509.0 385.18918918918916 0.0 0.0
28 RADIAL 1049 699 811.3012055128049 524.5 349.6666666666667 0.0 0.0
158 RADIAL 1013 767 979.6831504203178 506.5 383.2972972972973 0.0 0.0
33 RADIAL 1026 641 2264.670910835266 513.0 320.625 0.0 0.0
40 RADIAL 1023 774 927.529451627989 511.5 387.0810810810811 0.0 0.0
71 RADIAL 1033 754 1076.5118029826397 516.5 376.9054054054054 0.0 0.0
92 RADIAL 1031 752 805.9020125930373 515.5 376.1756756756757 0.0 0.0
96 RADIAL 1024 775 1050.6727723817569 512.0 387.4594594594595 0.0 0.0
36 RADIAL 1021 773 841.3464458053176 510.49999999999994 386.3243243243243 0.0 0.0
89 RADIAL 1032 753 808.4544568448454 516.0 376.5405405405405 0.0 0.0
63 RADIAL 1023 774 1063.6588933274552 511.5 387.0810810810811 0.0 0.0
66 RADIAL 1021 773 1091.7424123609387 510.49999999999994 386.3243243243243 0.0 0.0
67 RADIAL 1022 773 1071.6238031129578 511.0 386.7027027027027 0.0 0.0
129 RADIAL 1032 688 724.2577303372897 516.0 344.0 0.0 0.0
3 RADIAL 687 1030 1078.141600755545 343.5 515.25 0.0 0.0
12 RADIAL 1023 774 1222.3452021109092 511.5 387.0810810810811 0.0 0.0
14 RADIAL 1028 778 1043.3380807412636 514.0 388.97297297297297 0.0 0.0
25 RADIAL 1025 776 1146.517783242303 512.5 387.8378378378378 0.0 0.0
38 RADIAL 1018 770 1463.9375102068925 509.0 385.18918918918916 0.0 0.0
43 RADIAL 1026 776 1023.5444638020283 513.0 388.2162162162162 0.0 0.0
60 RADIAL 1015 768 1687.5530505824734 507.5 384.05405405405406 0.0 0.0
65 RADIAL 1041 760 1010.3802979443525 520.5 379.8243243243243 0.0 0.0
97 RADIAL 1024 775 1088.1401499155406 512.0 387.4594594594595 0.0 0.0
104 RADIAL 1030 687 533.5439706460023 515.0 343.3333333333333 0.0 0.0
162 RADIAL 1033 754 999.3245826411892 516.5 376.9054054054054 0.0 0.0
127 RADIAL 1014 767 1944.711169268634 507.00000000000006 383.6756756756757 0.0 0.0
32 RADIAL 988 748 814.1342038335026 494.0 373.8378378378378 0.0 0.0
88 RADIAL 1024 775 693.6867609797298 512.0 387.4594594594595 0.0 0.0
103 RADIAL 1026 776 1124.7165536622742 513.0 388.2162162162162 0.0 0.0
41 RADIAL 1022 681 1663.9252265538923 511.0 340.66666666666663 0.0 0.0
53 RADIAL 1023 774 1088.5065954053725 511.5 387.0810810810811 0.0 0.0
110 RADIAL 1015 768 1740.1362047968682 507.5 384.05405405405406 0.0 0.0
21 RADIAL 1003 669 948.4167088728685 501.5 334.33333333333337 0.0 0.0
126 RADIAL 1037 757 1098.048837971043 518.5 378.3648648648649 0.0 0.0
54 RADIAL 1030 752 1069.7442415598277 515.0 375.81081081081084 0.0 0.0
123 RADIAL 1030 687 1511.1826632573054 515.0 343.3333333333333 0.0 0.0
64 RADIAL 1058 688 781.3801187038422 529.0 343.84999999999997 0.0 0.0
100 RADIAL 1028 778 712.7348848291346 514.0 388.97297297297297 0.0 0.0
81 RADIAL 1026 776 702.221709019429 513.0 388.2162162162162 0.0 0.0
138 RADIAL 1057 687 779.5442790269852 528.5 343.52500000000003 0.0 0.0
136 RADIAL 1021 681 2194.5375767243213 510.5 340.3333333333333 0.0 0.0
142 RADIAL 689 1060 840.1905598640442 344.5 530.0 0.0 0.0
