# Image list with two lines of data per image:
#   IMAGE_ID, QW, QX, QY, QZ, TX, TY, TZ, CAMERA_ID, NAME
#   POINTS2D[] as (X, Y, POINT3D_ID)
# Number of images: 529, mean observations per image: 21.866
32 0.9990867180342943 0.002481351176207131 0.01715310402620633 -0.03905564960500804 -0.3170707369237898 -0.02064077248273266 0.09944389927388531 32 image_000032.jpg

420 0.9264582711068526 -0.06277518084762361 0.3346676718629109 -0.1604116516251507 -0.691951420817343 0.138810885897755 0.3820612079647075 420 image_000420.jpg

350 0.9456607636499167 0.01529657602455271 0.3052213529737532 -0.1110480100850668 -0.6326997043423769 0.2050021881211575 1.357098006298115 350 image_000350.jpg

404 0.7468225655562409 -0.02501008515201109 0.009234778886733517 0.6644887283284771 0.05013856194517044 -0.05672551603755649 -0.04355631390487291 404 image_000404.jpg

295 0.9892782796047186 -0.1418285734289312 -0.01705029799541962 -0.03037150967123699 0.04091526517568889 -0.2490560805066178 -0.3290597421379724 295 image_000295.jpg

71 0.997026687436698 -0.04938735260210521 -0.02242208479152825 -0.05473503499187606 -0.1037676181537009 -0.104258007823429 -0.1839553217871295 71 image_000071.jpg

17 0.991353475287389 0.02584588237198885 0.1037967322144889 -0.07600339322440269 -0.6642691716675271 0.1188521564981 0.7819215003055378 17 image_000017.jpg

487 0.9746206472898102 -0.02234788319142072 0.1976458978661827 -0.1027193509029561 -0.5857603911320524 0.06595958481248884 0.3115799095487048 487 image_000487.jpg

293 0.9950703274416655 -0.02066156418115879 -0.09138005601171892 -0.03252427668711223 -0.1484721636551475 0.005463008417540854 0.1084488911951923 293 image_000293.jpg

343 0.9590396676775593 -0.02373131767161163 0.2618982715377713 -0.105304490635553 -0.6164275514388128 0.08041883439186134 0.3623959517604225 343 image_000343.jpg

132 0.9987542820420117 -0.01573937666864337 0.01250561005309163 -0.04567018548274611 -0.05493708183701163 -0.04798553601921907 -0.02821254368722736 132 image_000132.jpg

8 0.9476834833199609 -0.02272326444608125 0.295464780636368 -0.1186601537963009 -0.6299279774116764 0.1996312312291026 0.9616029511452124 8 image_000008.jpg

20 0.9900594457589378 0.04422047933282735 0.1103312365496498 -0.07519216257366977 -0.6579141434938901 0.0916071177886281 0.8073267803516685 20 image_000020.jpg

318 0.5655306058238975 0.1725171293629996 0.2572153634964888 -0.7643645928051448 -0.01280604000977692 0.6494536603583763 -0.2239686101733172 318 image_000318.jpg

208 0.9760680358227017 0.007935702237048054 0.1953552287902155 -0.09520792330232036 -0.6857593376392606 0.1228493552399546 0.7436565498497389 208 image_000208.jpg

323 0.98465308833496 0.01043563132122283 0.09883356389248962 -0.1434619109020302 -0.2346329242072825 -0.08893961922977978 -0.3430416500264903 323 image_000323.jpg

179 0.993685139455283 0.0111682925325441 -0.1116291726166341 -0.002010146404629827 -0.08446507923201796 -0.04928016663409701 -0.03454403462381161 179 image_000179.jpg

317 0.6552245141227296 -0.1017652662341153 0.1142667758199443 -0.739775486634051 -0.3206242993854968 0.05720410032760892 -0.4373559536900145 317 image_000317.jpg

522 0.9746936310168468 -0.04644566803518472 -0.2185474701137868 0.00722003343647012 0.298662902878414 -0.1303983149412574 -0.2314695858392493 522 image_000522.jpg

7 0.8967780618622798 0.1085706373424355 0.4244894156763625 -0.06172730715275662 -0.8107215593899478 0.3985714491501302 1.364864588855744 7 image_000007.jpg

268 0.9234258467393732 0.04734206441016151 0.3669128950091756 -0.1020703776178061 -0.6678894650919732 0.02305926580543884 0.5351160601204115 268 image_000268.jpg

336 0.9968962597925308 -0.04752073229822282 0.05380239537376068 -0.03232536876121885 0.03096681261183698 -0.1541173910137449 -0.3375200021541542 336 image_000336.jpg

452 0.9688714557214478 -0.1095589191540098 -0.2183574077637641 -0.04006230144034345 0.2755929259640237 -0.2338785398870271 -0.2891745216409667 452 image_000452.jpg

3 0.9760123111658028 0.02079976498812849 0.1985060200584087 -0.08696377538836163 -0.4385221142994913 0.1200390938682543 1.88383488673427 3 image_000003.jpg

4 0.9915339273454145 -0.06166666405873087 -0.1136355414877044 -0.01202735123134617 0.1046100847235929 -0.1526403110041922 -0.2374545853814641 4 image_000004.jpg

520 0.9904646614101301 0.01402099654635987 0.136234275797964 -0.01494617848708233 -0.394822572322759 -0.07836807359146508 0.06254421627417261 520 image_000520.jpg

285 0.9959677154134693 -0.004160588426779421 -0.0889746023807699 -0.01070137791134148 0.2122318585856632 -0.1037151704230902 -0.3826620983754618 285 image_000285.jpg

362 0.9982453455230424 0.01550175167244709 -0.006579434937390224 -0.05676827346830279 -0.3247249163762485 -0.02707784854498846 -0.06601470606943183 362 image_000362.jpg

499 0.9311637435720779 0.0932490518563704 0.3276862285446202 -0.1298477285397181 -0.5907196493636855 0.1159422444472775 0.7720952792936069 499 image_000499.jpg

12 0.9420591990280339 -0.02725430383809367 0.3126723730425903 -0.1183961806177683 -0.5810580898786805 0.2401227843741728 1.038961290317995 12 image_000012.jpg

212 0.9744117618595789 0.01708559205262779 0.2004003991258513 -0.1003468032581108 -0.5185720028122017 0.1205279206501528 1.817307004048072 212 image_000212.jpg

402 0.9881999607968944 -0.1386908261949949 -0.06460129021701942 -0.007236401914125517 0.131264934607527 -0.3558521777250241 -0.5198352752306167 402 image_000402.jpg

321 0.980269155292634 -0.03791802752864505 -0.1903203577241646 -0.03758680361441651 0.2699858770136272 -0.1140711385954322 -0.1106832127635349 321 image_000321.jpg

516 0.9804645462882995 -0.118692706897097 -0.1539228278222747 0.03015091833283659 0.3417009137172098 -0.262631208259974 -0.4033934971507085 516 image_000516.jpg

101 0.6521591665759896 -0.1410070616096652 -0.7447290081070974 0.01356961719938213 0.8258381591299278 -0.2394542426866977 0.9728838290951537 101 image_000101.jpg

10 0.6531329283698295 0.04903380508649277 -0.7401739973397227 0.1521693710965757 1.028530793325173 0.2116101073021767 1.131982928234162 10 image_000010.jpg

459 0.6816955355752956 -0.05433840665179396 -0.7038121884580603 0.19231988383194 0.9025163886084421 0.1982689426020237 0.7501893041762622 459 image_000459.jpg

334 0.9744221496211328 -0.1807177238433437 -0.1335523373290607 0.002520279856804006 0.2022925366955741 -0.2842450614444128 -0.3089755260522483 334 image_000334.jpg

78 0.9979001527119883 0.01890721470086703 -0.02264227045798854 -0.05766394053611876 -0.3966450865674225 -0.01020850224919881 0.1486690710597868 78 image_000078.jpg

116 0.364385373533603 0.5473015052900055 -0.4826847343140872 0.5785324615976267 -0.3159281918440675 0.9385940626753494 1.047991608907747 116 image_000116.jpg

502 0.6988742515546735 -0.03295547322751076 -0.6948327539138359 0.1664216373755543 0.8301689680777768 0.1309189635837134 0.7233187859290763 502 image_000502.jpg

24 0.7042768402830946 0.009951617935760982 -0.6920165487937746 0.1581397917567696 0.9615492012636823 0.2276207307971514 1.005991003973257 24 image_000024.jpg

