# Image list with two lines of data per image:
#   IMAGE_ID, QW, QX, QY, QZ, TX, TY, TZ, CAMERA_ID, NAME
#   POINTS2D[] as (X, Y, POINT3D_ID)
# Number of images: 529, mean observations per image: 55.815
64 0.9992678798518497 -0.03174588484232153 -0.018129437474323922 -0.011279368266845656 0.2031038548463864 -0.022690233994951885 -0.149464914201333 64 image_000064.jpg

453 0.9939361064474327 0.008612144844991135 0.08617066661900968 -0.0677603460148568 -0.12540962399020678 -0.023571597741881126 -0.1638156687933885 453 image_000453.jpg

332 0.9964884923683404 0.028793397424382493 0.05162922947409058 -0.05929619515731063 0.0013710441268479949 0.009814752185571601 -0.025385378325060198 332 image_000332.jpg

88 0.999980278974883 0.0012234778904093298 -0.00614571972934105 0.0004231158438992264 0.18784927890766032 -0.01176857694339664 -0.12987171104864081 88 image_000088.jpg

505 0.9965930462327813 0.014568056334506025 0.05555796522558407 -0.05918933142471215 -0.007067931896453047 0.007838311350379148 -0.039695799871318264 505 image_000505.jpg

157 0.9997977451250947 -0.0006333047578468896 -0.006714480645660989 -0.01894665005235953 -0.05826930860072522 0.0011391005508624029 -0.020008673919084556 157 image_000157.jpg

31 0.989899998586475 -0.014995582640780936 0.12458432012401667 -0.0659686800435832 -0.027383143055507795 -0.025477851908970964 -0.1324877520236429 31 image_000031.jpg

156 0.9981915458690492 0.022107996165088472 0.05217560015399577 -0.020064537706779212 0.0479850637452757 0.021039753566089735 -0.05833286024744895 156 image_000156.jpg

158 0.9781892008031037 -0.035610761524694064 0.18287569878539103 -0.0918381619186534 -0.1537459355803208 -0.012044306521988589 -0.13024161644587345 158 image_000158.jpg

136 0.7378887512110136 -0.1046064831354931 0.018342489119246425 0.6665142453973748 -0.011392995876425954 0.041600785290068755 -0.020929406007332455 136 image_000136.jpg

209 0.9862827181146887 -0.07125463709146887 0.11756428397124055 -0.0913664010987407 0.10271346803518919 -0.08909819102812783 -0.14501485779221515 209 image_000209.jpg

344 0.9980394519172774 -0.0048226955526089275 0.0074502111618903214 -0.06195555230720037 -0.0342865042579471 -0.02838880423918242 -0.12422199838762141 344 image_000344.jpg

495 0.9964676511284847 -0.0019039665247917524 0.017108726353552636 -0.08219420390388417 0.06788229747037652 -0.015572223436372422 -0.07721191691069561 495 image_000495.jpg

385 0.9894331295565758 0.028695343025094088 0.12642888195442878 -0.06491835054143986 -0.004798777078151942 0.03125609312855888 -0.019255230581274974 385 image_000385.jpg

169 0.9993182510629176 0.00110838512321386 0.017378424725038907 -0.032554523622670854 0.14157625466318127 -0.02441803161106059 -0.12719575856463985 169 image_000169.jpg

139 0.9884289619701944 -0.11974529070990791 0.07625167140537589 -0.05343162868298808 0.04819665899353044 -0.35424615474091004 -0.6187070707241191 139 image_000139.jpg

171 0.9879499925836314 -0.055334149120528885 0.13873794825572536 -0.04055527185827856 0.1081439745611387 -0.02878717985741093 -0.1273116946919931 171 image_000171.jpg

398 0.9924036011382497 0.021315462499838303 0.10350804087960731 -0.06298273744497332 0.13183800627680922 -0.020137939554261637 -0.12936842190574252 398 image_000398.jpg

180 0.9990466634091875 0.027700861989370922 0.004187274434378317 -0.03347947920742838 0.010597303753281278 0.029171311203911632 -0.012657079080456208 180 image_000180.jpg

403 0.9957653766881291 -0.07511448860851853 0.026030603060562423 -0.04616853097673495 0.2116129188542581 -0.047397169209943954 -0.15812873599421706 403 image_000403.jpg

349 0.9920086802552857 -0.08091799739917431 0.0798670254155196 -0.054702100418414924 0.06830511670981129 -0.06155974656593825 -0.1726199010963971 349 image_000349.jpg

101 0.9559834350008818 0.060170624631039824 0.049439172957072376 -0.28289743247109833 -0.1516180078014176 0.022693817625253375 -0.31182409372592196 101 image_000101.jpg

134 0.7321696207882913 -0.1043911083533618 0.018932797243461755 0.6728088110339709 -0.014719510175345044 0.03867608677804268 -0.01343848071240029 134 image_000134.jpg

133 0.7286111807659233 -0.11601862038684443 0.020056863789304113 0.6747318630473529 -0.015367035533650566 0.03822696930693701 -0.0141448068343401 133 image_000133.jpg

489 0.9966120642691556 0.027481729366945516 0.06010153638074166 -0.04895872481205549 -0.0022693852380995827 0.016186490253286837 -0.010008404850939593 489 image_000489.jpg

300 0.9920656511455356 -0.06077287000497106 -0.10979281391586512 0.007611507314254699 0.5038113876720102 -0.061724873812582785 -0.2095210638081123 300 image_000300.jpg

292 0.9959142703011302 -0.004649131554142424 0.06628391110322168 -0.061152218731577314 0.01412846197734799 0.012674847072916481 -0.14907357337795338 292 image_000292.jpg

9 0.9999753539484942 8.419772483155707e-05 -0.006943777472429323 0.0010352267812518945 0.004039360862631881 0.017032748994553922 -0.01085458759497648 9 image_000009.jpg

182 0.9987770238901956 0.004687502322134297 -0.046730471387944346 -0.015451566983643496 0.02515657509853307 -0.026405873863190134 -0.14597180974944313 182 image_000182.jpg

116 0.7350517709203622 -0.0796311984294239 0.08100179594163628 0.6684283997388986 -0.0003159455755303679 -0.09205931904468251 -0.10658561921753426 116 image_000116.jpg

279 0.990032533215479 0.05263269524213954 0.10396596611844486 -0.07909777782644871 0.004021202382542652 0.03355289090691869 -0.007377186964900565 279 image_000279.jpg

388 0.979759467643817 0.015712443336592368 0.18984710180949063 -0.06150264035937206 -0.06265218471412291 0.022089700115912485 -0.03792033118450263 388 image_000388.jpg

82 0.9912981037709393 -0.039346032251804816 -0.12444934322346247 0.017097376023369776 0.2881031649829356 -0.21978670754396978 -0.5264749774558742 82 image_000082.jpg

290 0.9844402467512691 0.017126363238155633 0.15361274667421124 -0.08358957592233365 0.021588732570995528 0.014194494134830813 -0.0682978752915855 290 image_000290.jpg

395 0.6479829707445082 0.17751890103825282 0.0908005837043995 -0.7350920825880711 -0.017608199589047392 0.2025204514240726 -0.16022350612169126 395 image_000395.jpg

15 0.993998989096093 0.008352475521344748 0.09338548574220117 -0.05635071709670857 0.010018902059555987 0.0031775192932271363 -0.046282386030700756 15 image_000015.jpg

108 0.9828666521078888 -0.12421617483135454 0.11391589360169721 -0.0746100931626268 -0.04195352352541461 -0.38810421597510625 -0.5842236566252881 108 image_000108.jpg

282 0.9568419529177299 -0.1356752496951653 0.20608443403935 -0.1535412652047075 -0.01690512527865959 -0.21178067052822797 -0.33902543134330565 282 image_000282.jpg

233 0.7655140091377687 -0.20031929199781567 0.09093963576863433 0.6046408333733205 0.2262258650697675 -0.3103545429186424 -0.4793880194904631 233 image_000233.jpg

162 0.9810217320218201 -0.02932608259363385 0.15531977570108974 -0.1123036208323736 -0.4864351904846336 -0.1565036106006795 -0.3669824113391933 162 image_000162.jpg

206 0.978620128420931 -0.06179468743752442 0.17447383143740125 -0.08968249549922762 -0.20313772015764092 -0.09434070423422819 -0.07604549637183308 206 image_000206.jpg

466 0.9969173869625091 0.002374777519252929 0.0730003041187771 -0.02865400196427729 0.0880485433542238 -0.05661463971076236 -0.27638846474975665 466 image_000466.jpg

28 0.9982494318738557 0.013882231138290705 0.00525510460004356 -0.057251594789820955 0.015466159844441458 0.0025706038256986994 -0.07747428236258828 28 image_000028.jpg

416 0.9755507903733612 -0.09265180171934251 0.17306816622055357 -0.0988114575391851 -0.19246134083980204 -0.2909996690385688 -0.5425622037590627 416 image_000416.jpg

181 0.9886427686278995 -0.08320010126743516 0.09163938770527495 -0.0852375781862549 -0.09494605164265105 -0.2696755108544785 -0.5426599490795898 181 image_000181.jpg

253 0.9918538774834418 0.011383012624348775 0.11591912346751992 -0.051566098021425685 -0.03924466128468834 -0.06978507584609997 -0.22285906869044064 253 image_000253.jpg

410 0.6802930183930598 0.042065177777893266 -0.06810427422792728 -0.7285559932579287 -0.008807582404896562 -0.17662087465695417 -0.09797799802067188 410 image_000410.jpg

10 0.9946600097174229 0.048258814990642496 0.07664279012489389 -0.04948159657040428 0.08262152309457305 0.02796140947344019 0.3869977672788583 10 image_000010.jpg

54 0.9942716016732938 -0.014856108112035072 0.09690433050578916 -0.04257756065662067 -0.03655496479622989 0.01664957527300686 -0.0391399900514815 54 image_000054.jpg

226 0.9860363799737799 0.057313226652525806 0.14449554676666213 -0.05973684125860536 0.034025207851767596 0.026754707084449103 -0.07770952647749628 226 image_000226.jpg

104 0.989623043442938 0.04490081727913286 0.12551307140535067 -0.053634128266435974 0.046855583600904006 -0.02423740926251238 0.4253179543382019 104 image_000104.jpg

79 0.984638170326597 -0.0894155056713756 0.11237444141771152 -0.09932026938726599 0.016042655946658824 -0.3213823820994364 -0.5352509569106565 79 image_000079.jpg

273 0.9876524295354087 -0.08534252813185858 0.11728061045644608 -0.059199592174128436 -0.02781670768399852 -0.33164117347755045 -0.64734969583156 273 image_000273.jpg

29 0.9787236773006448 -0.14649506861536152 0.11909968664102291 -0.08033943257082038 -0.05076861910984945 -0.4701278329359738 -0.6900006850696281 29 image_000029.jpg

459 0.985650831125493 -0.06552918540681378 0.1043342083228372 -0.11538087069861706 -0.26672181279659724 -0.19010937491824653 -0.4721385955089248 459 image_000459.jpg

304 0.9926598036694035 -0.08542529114509023 0.06644552913338415 -0.05398187642849426 0.010028131182442987 -0.4154596677762198 -0.7493908307715159 304 image_000304.jpg

155 0.6530545310109059 0.04640992738890454 0.08689301286554461 -0.7508764773088822 -0.23783407937636836 -0.059532303699334155 -0.7021282980811573 155 image_000155.jpg

235 0.6761919258294262 -0.014152318706473486 0.11356075363144218 -0.7277830201227175 -0.3234479603658544 -0.10650561364676632 -0.6775104759360664 235 image_000235.jpg

24 0.9813562382894226 -0.02464614463892816 0.1614900055323406 -0.1012594136986186 -0.31703084126129966 -0.05170046387527068 -0.23294636002171087 24 image_000024.jpg

270 0.9892587682855025 -0.04180383616336749 0.10403058147456881 -0.09379323073034888 -0.2488096530467081 -0.12485477066605193 -0.30266926436087105 270 image_000270.jpg

137 0.7456107208843172 0.01785779938972707 -0.08704020360621412 0.6604315182602596 0.1951325976499389 0.5265687345921807 -0.3531293520932976 137 image_000137.jpg

199 0.9778295219326074 -0.16802345778842723 0.07215329466788072 -0.10203647549329652 0.04004891666030144 -0.44454982857909275 -0.6313209520042204 199 image_000199.jpg

59 0.9924552005600517 -0.09407960231250487 0.059397945069641266 -0.05151297194152099 0.1292360654512561 -0.378552642421088 -0.39861971669302615 59 image_000059.jpg

99 0.9778689076632375 -0.04252439416690718 0.17456068415845782 -0.10720374348962705 -0.19982168980905296 -0.13091830330756304 -0.3349297600373317 99 image_000099.jpg

231 0.9926714730532818 -0.0522085036057268 0.09466063549623618 -0.05400911607970677 0.046052226496197765 -0.25421377412196006 -0.6197950438295594 231 image_000231.jpg

40 0.9993295359096137 -0.03549085189927181 0.0033338404488995003 0.008352704957931972 0.2854045025437903 -0.21884276964047344 -0.5926608542942388 40 image_000040.jpg

462 0.9803599795005888 -0.14975340519768746 0.11580081246573291 -0.055302772759592236 -0.033022438577762575 -0.35813237606032405 -0.5303554899752143 462 image_000462.jpg

368 0.9881093625852683 -0.12219467519294498 0.07865329454528874 -0.05021961561602874 0.05996652944189754 -0.3283183540675924 -0.5723661506439326 368 image_000368.jpg

475 0.6736404710501865 -0.0609635500440527 0.12024819890642893 -0.7266583646835769 -0.36796103197454355 -0.13953718761164016 -0.5931130986573243 475 image_000475.jpg

252 0.9857341526430388 0.0979964298525229 0.1281325382463455 -0.04803053277568373 -0.010674716485112054 0.012693382971346607 0.014727868526703587 252 image_000252.jpg

