# 3D point list with one line of data per point:
#   POINT3D_ID, X, Y, Z, R, G, B, ERROR, TRACK[] as (IMAGE_ID, POINT2D_IDX)
# Number of points: 869, mean track length: 6.79
0 0.7735532799853047 -0.6577291195850704 0.4200942353160542 74 73 70 4.51
1 0.6877756808686962 -0.6694277736108353 0.3912721291738116 118 115 106 3.24
2 0.7825355397320102 -0.7280176915656568 0.3191053291423194 115 120 124 4.97
3 0.6592568694043345 -0.625984873443564 0.3605731207955551 193 202 210 3.58
4 0.6667713352868373 -0.6284490850796806 0.3811170168687469 142 142 137 4.32
5 0.6739585678007279 -0.5603578099439778 0.4742511125735216 131 130 119 4.45
6 0.754341649279036 -0.6968379281560723 0.2832532436497515 125 128 129 4.41
7 0.775238199996598 -0.7125890449046597 0.2740578619498514 122 134 148 6.46
8 0.6691292089119282 -0.5528278580846014 0.46548718197637 98 94 87 4.74
9 0.6622617902762291 -0.5435588389261659 0.458602053494725 93 88 75 4.58
10 0.75375988118432 -0.6380803332690099 0.3445799135979329 94 91 85 4.64
11 0.7201090042764685 -0.648886668520496 0.3128479468267047 153 159 168 5.66
12 0.7502694811457438 -0.5608209684233028 0.4625392202024158 189 194 201 6.07
13 0.6522825507600493 -0.5224970925128831 0.4801679773106954 120 118 105 4.49
14 0.5931218799852235 -0.5088402221631124 0.4758189993239981 148 143 131 3.79
15 0.6223174283695383 -0.5638325006558498 0.3962337798286449 117 115 107 5.01
16 0.9660329781469046 -0.6967759645036008 0.2938478034969779 95 92 83 4.04
17 0.6290851635290091 -0.4654166922026794 0.5458761276396753 185 202 210 1.64
18 0.7251562725321897 -0.5278256794788609 0.4763932778145554 194 206 216 4.41
19 0.5373572776610623 -0.4419107167768063 0.5192373043912165 120 114 108 4.41
20 0.7594738034863995 -0.6704606545944205 0.2483437399984859 187 213 232 5.27
21 0.6191580116212795 -0.5398466108632738 0.4025761553278526 125 124 115 3.11
22 0.6140568499179042 -0.451342689912987 0.5363518495443735 124 125 113 1.59
23 0.6996150100275945 -0.5072133801937141 0.4804395417942297 133 140 146 4.12
24 0.941599443404155 -0.6269601454840575 0.3790304345346329 155 160 167 3.15
25 0.7647604691707002 -0.535931753837262 0.4541479752175174 150 152 157 6.32
26 0.7385835791202591 -0.4953783991018462 0.4881901574514566 90 91 98 3.14
27 0.5615502914219686 -0.5079967005552536 0.3934792815430184 135 139 138 5.17
28 0.7707969166473154 -0.6020073461454791 0.274368492230929 151 156 163 5.93
29 0.7175494490472931 -0.4560707672721763 0.4595979108257353 100 106 111 5.65
30 0.6990385283976951 -0.5368005087007441 0.3159778668730491 168 172 182 5.75
31 0.5058803179275883 -0.3742121483314699 0.5177455041738261 134 134 124 1.59
32 0.5674746308523757 -0.3788813195632232 0.5295110115822148 112 111 99 1.52
33 0.6675578678557269 -0.529849704065688 0.3097661205663695 106 106 104 3.23
34 0.6598544646489893 -0.4582797582041385 0.4162400077558867 69 70 66 4.6
35 0.6078918893692337 -0.4329332973648868 0.4389048734987971 105 105 99 4.57
36 0.7698657263771438 -0.4475925429039004 0.4768580235863272 178 179 185 3.0
37 0.4853280264397614 -0.3796643077798927 0.4716066679478054 79 79 70 2.86
38 0.6099473151480704 -0.4340879017105987 0.4169018992635108 110 108 102 2.86
39 0.6576842426373897 -0.4659731695533595 0.3729140924029116 110 110 105 4.02
40 0.6513212278791916 -0.4683480104976054 0.3506446712084844 142 145 144 5.34
41 0.7095710073752265 -0.5078394711381949 0.3159731663295657 217 223 227 2.6
42 0.7185271816285203 -0.5141706309075496 0.3111598761359547 208 217 227 2.47
43 0.6446837453637938 -0.467796088973757 0.3431684937966861 207 216 226 5.15
44 1.016743463417393 -0.5129215503563305 0.4003565856772549 109 115 118 6.19
45 0.6695560215971454 -0.4860974227606539 0.3203078960959397 110 113 110 4.16
46 0.7976422588127858 -0.4323158946329213 0.4499480562796663 118 125 124 4.77
47 0.640340208029359 -0.4206209566247774 0.4172448389482659 115 109 98 4.23
48 0.6728189159687449 -0.4475727871151929 0.3725399096849527 89 86 78 4.27
49 0.693692302359829 -0.4942188110340483 0.3025706660394663 118 120 123 3.59
50 0.6760318044882689 -0.4663868268270215 0.3036378920738669 95 95 95 5.3
51 0.8111344217787664 -0.5198766109324571 0.2274009046093702 104 102 96 5.89
52 0.896072807450125 -0.5814929809406885 0.1351499557481717 192 211 222 5.23
53 0.6718148749327442 -0.4446836747744429 0.3366479600635002 85 79 68 4.28
54 0.7292700474589128 -0.4791051452856134 0.2792616606483752 73 75 78 7.26
55 0.6276891057297334 -0.3692539101384748 0.4407903758926549 122 124 111 4.7
56 0.6346582512860259 -0.4180007805666738 0.344043465741159 116 111 94 2.66
57 0.6098234361396594 -0.3518754293709807 0.4487456936281784 128 130 120 4.27
58 0.6805093613273584 -0.4133680309394483 0.3717391619980018 73 74 68 2.95
59 0.8414234459529475 -0.4552850483040983 0.2747233868343865 63 61 55 5.22
60 0.7191027465913022 -0.3815463370507536 0.4113844495026184 145 142 128 4.76
61 0.6210674446864602 -0.3372227369052151 0.4615265223831296 165 164 149 3.39
62 0.5071375708102719 -0.2948342348684487 0.5065304814776648 75 76 68 1.86
63 0.6829504044755694 -0.4219195006058725 0.3169686724860054 115 115 111 2.23
64 0.6461633409271385 -0.3675190397479078 0.4063513337357186 104 98 89 4.04
65 0.6237243438541786 -0.3521904053076208 0.4187568046124159 81 78 64 4.72
66 0.6602562553205571 -0.3823370080232604 0.3693310201367185 138 123 110 2.95
67 0.7165460455783532 -0.317126288272579 0.5065652441346113 57 62 64 5.49
68 0.6391250353192407 -0.3704856880809761 0.3718795008404029 118 115 104 3.55
69 0.6741092171703936 -0.3968479154917516 0.3225713411629014 120 115 102 4.33
70 0.6805877066870879 -0.3836514913569039 0.317753077041817 118 112 103 5.4
71 0.6367124322468494 -0.346711462839654 0.3813608930323586 84 80 70 4.23
72 0.604912577292007 -0.2108019312187104 0.6104435418804715 88 95 98 2.68
73 0.785364398881327 -0.4278996220181145 0.2537963797745951 119 113 99 4.41
74 0.683395826982637 -0.3159162635055713 0.4608751490903605 84 89 87 3.9
75 0.6640067138086794 -0.3171488312791474 0.3766271241829453 118 118 106 1.18
76 0.6801854078176355 -0.3397655882132713 0.3821923944584246 111 106 93 3.5
77 0.7155545110865329 -0.3862147849175599 0.294175404098182 109 106 98 5.08
78 0.6602149087918211 -0.341357511730853 0.3692546775118418 96 95 89 3.49
79 0.6407422509049656 -0.3468709761945801 0.3445679886429325 73 70 60 3.96
80 0.6647076387302417 -0.3646659212642079 0.3110717386690574 129 125 112 4.45
81 0.7208852866289835 -0.3912979311977312 0.2732663993902066 126 127 118 4.38
82 0.660141694585575 -0.3317170944835738 0.3836310262682801 129 120 107 5.3
83 0.6670674025953962 -0.3345263992396654 0.3692981862595206 124 120 112 4.94
84 0.7093395271919105 -0.2587900028091116 0.517654984492957 44 45 53 4.38
85 0.8816382782466543 -0.4315289276351213 0.2143848756066427 93 92 86 3.21
86 0.6376572535976537 -0.3107950397905429 0.3978552100542522 109 109 102 3.52
87 0.6801032777939858 -0.3264717876117746 0.3696923505257417 131 128 119 4.93
88 0.6095994365218314 -0.298789740235149 0.3977307246546291 60 57 43 3.41
89 0.7109232269852104 -0.35872257477615 0.3040125058337881 98 97 90 4.0
90 0.6409157824095644 -0.3264871039101092 0.3488716509733956 85 84 74 4.55
91 0.5928753580062907 -0.181585527059517 0.6131262206683874 54 55 54 5.07
92 0.7286179740178061 -0.417799615723262 0.1624790958460273 121 142 164 1.09
93 0.7429365869425468 -0.3116866127368719 0.4075470777983939 101 105 107 3.14
94 0.7039730579328685 -0.3490472257207933 0.2918531906568841 90 88 77 5.55
95 0.6440028215282292 -0.3055730546363803 0.3264016951487463 89 89 86 3.86
96 0.631940131921793 -0.2996198209546354 0.3874554735808489 65 59 51 4.47
97 0.6352365427734312 -0.2048115300536318 0.5893033869270133 65 69 66 3.24
98 0.5969123998555348 -0.2201030157372979 0.552797389638222 62 62 61 2.41
99 0.6641524593929854 -0.3125329107060003 0.3628216617637788 67 61 51 4.65
100 0.6595831446744909 -0.2569541910994849 0.4847304773767509 83 90 95 5.84
101 0.5945052119769595 -0.1768591084786566 0.6027670330710023 64 60 46 5.91
102 0.6747948035394765 -0.3301820022415154 0.3261940060297629 49 50 45 3.29
103 0.5360768808415491 -0.1729821831850459 0.6369729461644918 46 47 40 4.62
104 0.7088128755647112 -0.3215640406893447 0.3326002840554443 64 58 48 5.35
105 0.7136797687961512 -0.2924230405643906 0.402747199266262 107 114 116 5.78
106 0.6432100167015171 -0.2922077803994609 0.3794847211211295 53 50 38 3.0
107 0.69125992254142 -0.2820580118798305 0.4090289484419307 100 103 102 5.3
108 0.8531282701708778 -0.2581616031958973 0.4536202558156599 100 98 91 6.37
109 0.5554556032019748 -0.1976122688759044 0.5511872522665354 39 39 32 2.89
110 0.5993003955614083 -0.2001192170841624 0.5646642422691703 97 97 89 4.8
111 0.757283485186075 -0.2867703114670956 0.4172494123201843 57 59 58 4.53
112 0.6259812457514944 -0.1969575397506003 0.5337888918237272 90 86 81 6.43
113 0.6848592364244892 -0.2955377919960028 0.3517298191860821 37 34 26 4.64
114 0.6492221288262545 -0.2357083918670996 0.4784858161244979 56 56 53 6.01
115 0.668215519182742 -0.2711141204418179 0.3992367936053645 96 97 90 4.94
116 0.6622567553236025 -0.2709426877982023 0.3886255923244684 109 104 94 3.89
117 0.8092343186486419 -0.2505287010300389 0.4371187753354189 80 81 79 5.41
118 0.6560761169725468 -0.2650335159492149 0.393678687795312 121 118 108 4.95
119 0.5938767324707359 -0.1778041460148534 0.5881875219609696 95 84 64 2.66
120 0.6910671329606528 -0.2015392341775774 0.5628839915478804 75 76 72 6.46
121 0.6857007140184008 -0.2597947355318647 0.4049324988962103 93 94 88 5.45
122 0.6173207615859609 -0.2482855985855784 0.4107873350869774 77 74 63 5.34
123 0.4271485923311777 -0.1307007257589574 0.6673728666751922 76 71 57 5.58
124 0.755968020483645 -0.4045940832843603 0.06022744846766293 164 174 188 4.99
125 0.805497689040455 -0.4264365834652347 0.01370664894390039 106 106 97 3.27
126 0.7853872276062976 -0.2002494647408975 0.548229784223078 90 93 91 4.96
127 0.6569938029849325 -0.3495176261254699 0.155469270030552 90 100 105 1.55
128 0.6987166324931299 -0.2586149132409435 0.3925795119461931 80 79 73 5.38
129 0.6480389809696531 -0.2144478151640416 0.4991005328846004 108 107 99 4.88
130 0.6795429735040647 -0.2769679886062535 0.3430747212422305 106 108 102 5.07
131 0.5590134103553438 -0.2102265471968358 0.4636203185302812 89 89 85 3.54
132 0.6531114162743994 -0.2630514647652423 0.3600665324604539 101 96 82 4.23
133 0.6298649346463229 -0.2224660533034351 0.4326207557697804 90 87 75 6.22
134 0.5968160054797852 -0.304445118998373 0.1847713628201065 148 146 137 1.58
135 0.8439587006297355 -0.3985916367985431 -0.01384725482072657 155 170 176 3.08
136 0.7508421905424376 -0.1865265576597502 0.5360843966894067 68 67 63 4.38
137 0.6883541939709638 -0.2539824175994192 0.3249252449150003 105 105 101 5.46
138 0.8448155222421825 -0.3472552584245816 0.1092505068498737 72 82 91 4.8
139 0.6809768495592203 -0.2222102199636873 0.3990936698002834 94 95 90 5.18
140 0.7308976065188781 -0.2432197266469769 0.3718397583167556 77 80 80 3.78
141 0.6512591721653744 -0.2404350642829727 0.3450764583926486 117 117 110 5.0
142 0.6914044270142793 -0.2169069801768596 0.4266557434589467 87 83 75 4.03
143 0.6272445080826045 -0.2039167040933088 0.4215889290509141 87 84 78 4.59
144 0.6924046087168174 -0.1858205871132011 0.4876827984988049 33 35 34 4.5
145 0.8622375327296647 -0.2233318484535065 0.4495320411465172 58 59 58 3.95
146 0.722314936084706 -0.2586540130652054 0.2918472328666242 80 80 78 3.66
147 0.6500807628498141 -0.2404749332698109 0.3194215982654353 102 97 86 4.53
148 0.5697586779749995 -0.1109652359540259 0.5940663837850076 79 80 75 5.22
149 0.6542103633458978 -0.1449129530072981 0.5693900325166776 90 95 94 6.59
150 0.6345175352397375 -0.2083497888218251 0.3930126030763293 105 101 93 4.92
151 0.6203000496405783 -0.2212748402573102 0.3476875508015369 96 94 88 5.3
152 0.6878235617876707 -0.2361792017611733 0.3101968438661623 110 106 92 2.58
153 0.5591838138457282 -0.1052158517482267 0.5947358131704015 65 70 61 2.89
154 0.685625207879641 -0.2265368788919556 0.3446360047456514 93 89 81 3.69
155 0.6631054757900239 -0.1913904614556559 0.4283971035378306 67 65 62 4.94
156 0.5958643630549209 -0.1338279895034978 0.5074376667961609 71 72 56 3.43
157 0.6833545152041828 -0.1665139028053475 0.4902552744691706 107 106 106 6.22
158 0.4543021877177547 -0.1165577963561121 0.5320584445877645 48 46 37 6.85
159 0.5843893155944054 -0.1187523014669949 0.52716455669866 82 85 84 3.36
160 0.6698684808228458 -0.1792880549154328 0.4349947361118709 100 100 92 4.52
161 0.649436690903868 -0.1894341233244248 0.3914997478484311 80 77 70 4.46
162 0.6932676397283872 -0.1543888616710381 0.5008209513530737 77 78 72 7.97
163 0.689366368700272 -0.2078944405161044 0.3361940289532882 84 80 70 4.85
164 0.6600104753936579 -0.2023846642072801 0.353883151792544 94 88 76 4.64
165 0.5754314181256779 -0.1800640036513925 0.3873425668465218 96 93 83 1.56
166 0.6053819752596585 -0.1966801835877613 0.2542003897854062 69 70 71 4.88
167 0.7868551405494306 -0.3107641744938326 0.02495908572534056 47 51 50 5.19
168 0.6492411416207137 -0.1854474387780785 0.3871305088491361 74 73 70 3.67
169 0.6919127503704033 -0.2265594614767972 0.2751977700951872 84 80 71 4.27
170 0.6864704264292848 -0.2248089660608838 0.2790555591550029 86 83 76 4.02
171 0.6495407548594549 -0.15175386304873 0.5066321479940282 86 84 78 3.36
172 0.7071532682573536 -0.2377240774878225 0.2321670664808738 70 72 67 4.86
173 0.7570126717013979 -0.2511506598717994 0.1996274738561943 82 80 69 2.45
174 0.8264209619424947 -0.3269824097946593 -0.02978342608970763 119 118 108 2.94
175 0.807866146009796 -0.3165929870612231 -0.005074148681555757 91 92 88 5.25
176 0.7967655485817122 -0.1489947585988373 0.5287833206667771 82 84 83 4.13
177 0.634557154749351 -0.1389742059527464 0.5253851247093217 52 54 52 4.73
178 0.7593616660734022 -0.3757568107836086 -0.2375574487032915 120 118 102 5.07
179 0.4968326058535931 -0.08604528758332564 0.632041491693581 65 65 60 2.21
180 0.3644038701853133 -0.429756734966669 -0.5448058153262324 120 120 102 4.73
181 0.7572924702770927 -0.2404935292008634 0.2079716062804783 102 93 82 2.97
182 0.6788134770443814 -0.1637466041510705 0.4335754586387168 78 80 74 5.12
183 0.6721524432912173 -0.1736751713390582 0.3549661744901783 23 26 22 5.21
184 0.6946388359539548 -0.2094478709395914 0.2781007453992599 96 92 85 4.93
185 0.6994730049010232 -0.1648828618761082 0.4449118383372481 57 60 59 5.09
186 0.6994730049010232 -0.1648828618761082 0.4449118383372481 57 60 59 5.09
187 0.6478461281396594 -0.1418726773172531 0.4818756261704129 83 88 91 4.23
188 0.5911852644523607 -0.1656771134214652 0.3168488856496847 37 36 31 3.39
189 0.7339424949106459 -0.2463620471593659 0.1621182416299414 68 66 60 2.37
190 0.7652206793319634 -0.2588714842320121 0.1378951779534778 75 75 70 2.67
191 0.704427977928521 -0.2547183475411786 0.1404018359052167 66 65 58 4.93
192 0.6778194559169031 -0.1891780575720382 0.3383522761191371 76 74 67 5.07
193 0.7733092900001037 -0.2611962029269567 0.1195844197333553 87 87 82 4.33
194 0.7599770944457671 -0.2549194567563713 0.1297812210475729 71 72 68 4.35
195 0.6836553667593324 -0.148200803136647 0.4538503416956144 100 98 94 5.65
196 0.6235017671895915 -0.139970966273419 0.4103673305527652 57 59 54 5.09
197 0.6583691805456127 -0.1682084012015231 0.3871136289081706 103 100 91 5.21
198 0.6796793977429353 -0.1747619602765829 0.3650686035998636 94 92 83 4.5
199 0.7600805197151321 -0.2058859024135678 0.2961148776063505 36 36 32 3.97
200 0.7504958513657922 -0.2305208263353205 0.1980897307640489 100 97 89 4.8
201 0.6541152449364818 -0.1089493620511713 0.5785274772259106 87 86 84 4.74
202 0.5309486964353874 -0.3439101930649237 -0.2639063441058241 85 99 110 2.7
203 0.510233244415158 -0.3270526404808595 -0.2349238496344271 71 81 84 3.93
204 0.9266622926399779 -0.2557796475917167 0.0835834512123681 65 61 52 7.76
205 0.752481927386113 -0.211544132352511 0.1888954039600111 55 55 51 6.27
206 0.7524546239809413 -0.321688249433983 -0.238046759164744 127 118 102 7.28
207 0.8202336981335059 -0.1584786473882739 0.4334826899394814 84 88 88 4.94
209 0.7751412431948672 -0.2666759483132758 0.06497553313940185 79 77 72 3.77
210 0.674123645341741 -0.1614521932814728 0.384495709004314 74 74 68 4.63
211 0.3757775395288648 -0.3890266508648015 -0.5210226787679918 154 165 142 4.91
212 0.447589699454442 -0.3700995684696607 -0.4360447981250931 136 150 161 4.63
213 0.447589699454442 -0.3700995684696607 -0.4360447981250931 136 150 161 4.63
214 0.7643338616081587 -0.2636424079208326 0.05302156312153739 67 67 66 3.03
215 0.7452892172369592 -0.2341722738885262 0.06440652150478998 60 58 56 6.41
216 0.7481245447377283 -0.3176867325612195 -0.1743911334622904 112 103 87 3.44
217 0.6890434675691645 -0.3146340420252095 -0.1777611517052619 147 140 126 4.12
218 0.7877321778260837 -0.2681711887800308 0.02463529580278423 66 66 60 4.17
219 0.7794785743765369 -0.2458767656355199 0.08570586176456407 70 69 62 4.4
220 0.7796264081335835 -0.2535501223039435 0.05620274627534938 78 78 76 6.54
221 0.7312814136320399 -0.3156928113630969 -0.1997367175580241 86 80 68 4.44
222 1.370160490919843 -0.3361992798835474 -0.2036374642761284 29 27 20 7.11
223 1.236932366696031 -0.196727635902871 0.3430640954947841 83 90 89 4.28
224 0.7451238500037793 -0.3104464301916999 -0.1818275489365105 68 62 52 4.33
225 0.7610648505112305 -0.2331277524130812 0.1194440942905062 59 61 58 2.41
226 0.9111474169989258 -0.2744276665547761 -0.06406589746770441 69 69 64 4.24
227 0.4313100968227722 -0.2962132203164021 -0.2568622859934176 173 179 176 2.65
228 0.4104144391399873 -0.2997382034834259 -0.2673593362614798 80 77 67 2.53
229 0.6763436648274243 -0.1062693842798193 0.4544881867072676 72 78 73 5.31
230 0.4070814493882688 -0.2978548206868137 -0.2778733261913927 55 56 49 2.5
231 0.6843484493964705 -0.1643418082945018 0.3216550348140279 98 96 91 4.64
232 0.6338050629344131 -0.151691350095915 0.35961302170902 80 78 72 4.14
233 0.2670125111963185 -0.1803856631744779 0.1530470463654822 181 187 186 4.38
234 0.6978024156095443 -0.1752508580679357 0.2763407966588527 119 117 109 5.02
235 0.7856444211560116 -0.2940328480425621 -0.1628465446152768 110 116 116 3.89
236 0.6500984876178511 -0.1530099093660149 0.3385530119134016 74 72 65 7.01
237 0.6610499109624079 -0.1658303731689878 0.3107537722184569 47 45 39 4.16
238 0.4367710116183297 -0.2988485027800647 -0.2726568440028151 80 90 95 3.9
239 0.8342262436550354 -0.2602830092845768 -0.03123454085735733 52 50 41 3.55
240 0.4667291107241367 -0.2011455921696131 0.08572096252370687 60 57 52 5.31
241 0.4096186494824379 -0.2938467465159069 -0.2724194146562545 102 98 86 2.76
242 0.7576649956108479 -0.3009146308387016 -0.1955108966152469 58 55 52 4.05
243 0.7195495175275953 -0.2982933181964962 -0.1738759356055507 39 38 37 4.37
244 0.58318052308156 -0.08229205252856195 0.5938824414264725 119 118 112 3.5
245 0.6143148934646818 -0.1606335493174501 0.3014793130847848 40 39 36 5.69
246 0.5959481294776334 -0.1587562248737668 0.3153493031067968 48 44 37 3.35
247 0.6273758675594647 -0.07821560615425713 0.5259857086430137 52 55 50 3.52
248 0.8015273593958145 -0.2974583192979776 -0.2158638478432996 102 98 86 3.89
249 0.5132449869142257 -0.2474485593466595 -0.1534213219596657 106 102 92 7.17
250 0.6844090119487598 -0.1374531747541095 0.370950505692544 77 75 69 6.11
251 0.7165384357619117 -0.1806438029185526 0.2256573051709864 69 65 59 3.81
252 0.6906286609070218 -0.1642586024143399 0.2655435057961283 83 79 69 4.62
254 0.7594073234769814 -0.1992148804911651 0.1339673979389059 92 90 84 5.04
255 0.6840230989618817 -0.1552293394995451 0.2894285564670834 91 90 84 5.09
256 0.8161749423116602 -0.1666422331555005 0.2789056484115319 80 82 79 3.93
257 0.7833719190033688 -0.2458371221133026 -0.03240729844644075 129 126 119 3.62
258 0.7774458982702552 -0.214860147211442 -0.02845727942467979 99 101 100 4.37
259 0.7332344040892824 -0.1069236620630013 0.4837058504330728 66 66 61 5.5
260 0.6680353868845895 -0.1125155562837174 0.4307957401003857 91 91 84 6.05
261 0.7773026468275317 -0.2096100846783519 0.004645602293135043 89 92 88 6.32
262 0.6855403130933323 -0.1163267036882753 0.4053030762574062 83 80 68 3.87
263 0.7832344098164705 -0.2107880447081654 0.05685571423200586 103 104 99 4.31
264 0.6531501773106184 -0.09830012936076918 0.3604532868414648 45 45 37 3.34
265 0.6935069667262991 -0.1301640647107773 0.3424347368414511 71 68 57 5.3
266 0.6519271648754562 -0.1229255664221565 0.2639205932721344 66 66 63 4.93
267 0.778311340894551 -0.2116918423427886 0.03472503074656175 37 36 30 3.01
268 0.6584078786259353 -0.09867245576124004 0.4783192049946666 86 86 80 4.21
269 0.1791712112852403 -0.2763614042859227 -0.4222098321901907 93 99 95 2.74
270 0.7499095077479976 -0.170853853129223 0.08418914630754903 83 84 81 6.96
271 1.180991052585853 -0.1289508384662826 0.3767785891725849 53 53 48 7.32
272 0.8004370934891127 -0.2003061766883754 -0.04874511762132372 94 96 93 5.51
273 0.7131488308877383 -0.246157337627415 -0.186018736821706 107 98 88 3.97
274 0.8654867728413969 -0.106112749215456 0.4388122053405531 40 40 32 3.22
275 0.7629596131988479 -0.2428249361770572 -0.1603361606541881 148 142 126 4.71
276 0.805299594319181 -0.1716524288133585 0.1709991928555736 66 67 61 4.45
277 0.5437017081319619 -0.1657837622117336 0.08584480775433301 72 72 67 4.16
278 0.8476403879903682 -0.2450944488162145 -0.1556850802853301 118 112 93 4.61
279 0.8258918712790502 -0.2396817240406345 -0.1487819092889379 122 117 90 3.05
280 0.6787774065248969 -0.1300302837335411 0.292697672109609 67 66 61 4.35
281 0.6994002769509107 -0.137200913649101 0.2203366721063871 60 58 51 4.46
282 0.6457242697829719 -0.1553575868836145 0.08590600398822956 97 102 107 5.18
283 0.6458341083911208 -0.1073983493710947 0.3931838207159373 115 114 108 4.23
284 0.6508894426362127 -0.106523277032124 0.3903262512084358 109 108 102 4.53
285 0.7254927930360507 -0.2523137111392914 -0.2245399804105318 191 184 166 2.35
286 0.6506682791781656 -0.1353229487485171 0.2743691711201233 79 72 58 6.43
287 0.2942500973057388 -0.299789303220645 -0.5989913721897536 52 53 47 5.14
288 0.2767052104265639 -0.2992663937467956 -0.599742950108986 52 52 48 5.16
289 0.7652843538517462 -0.1634412503879297 0.1427791206500399 74 73 67 6.25
290 0.8554547713480525 -0.1632169996635895 0.1402225880875904 62 58 52 2.34
291 1.130271448456261 -0.2075497882191083 -0.04412967541805912 43 46 40 6.62
292 0.9018584734958728 -0.162766923636518 0.1498721520193336 102 101 90 1.18
293 0.938933340594277 -0.1594906000710027 0.1211022592707668 91 89 79 7.03
294 0.7916650167256438 -0.1408743592166508 0.1608550890384017 68 69 64 6.72
295 0.7933061812409647 -0.1982360554985985 -0.004212871126635598 59 57 51 4.76
296 0.7313901569952717 -0.1334944713904228 0.2405916664278763 58 54 45 3.8
297 0.7976795824579084 -0.1963539516416303 -0.03705032016059451 91 91 86 4.33
298 0.7743004755425102 -0.2491352460272548 -0.3118691335639011 49 49 45 5.21
299 0.76309679178664 -0.1596963912356076 0.1390428393889526 84 82 76 4.66
300 0.770019250732908 -0.153921233427012 0.1328237487946866 72 70 64 4.55
301 0.7473792867818698 -0.1661055567525992 0.08348540392107862 92 91 83 3.77
302 0.7265193461213258 -0.0730748441887383 0.4649830083640021 106 107 101 6.61
303 0.797158077460379 -0.1512722671581343 0.1366758389083927 58 56 53 4.74
304 0.6636333135129605 -0.08299763984966807 0.350831854201473 82 81 68 7.02
305 0.7632861138431706 -0.1567943668472521 0.09989345497807156 85 81 75 4.78
306 0.8631503169455734 -0.1766058907922677 -0.0655681546971425 47 45 36 5.61
307 0.8886313084579873 -0.07869665980597795 0.4302776393730319 99 93 81 5.33
308 0.7773450327143525 -0.1078702972767721 0.287973580798608 33 34 28 4.58
309 0.620449162070227 -0.1005916887717808 0.2164657976879164 53 56 53 5.75
310 0.7716322572968797 -0.1365032081604216 0.1496383784692401 76 63 52 4.35
311 0.7724071297111634 -0.1623595472657378 0.01173901670675359 33 33 29 4.48
312 0.4034439033515063 -0.04380148794466325 0.4655806527143114 81 81 74 6.06
313 0.8732371729181068 -0.08962680922249203 0.4031973900075407 93 96 93 5.08
314 0.616517181299027 -0.02773232786612176 0.5012235468347778 72 74 70 2.7
315 0.7248860075583723 -0.05648522681485793 0.4228961000613675 74 72 62 8.3
316 0.7251219868142035 -0.134719218778268 0.1334216087898853 80 80 79 3.52
317 0.6231258119341451 -0.0954914112253204 0.3006297721855151 64 60 49 5.04
318 0.7846780487699092 -0.1413712801200188 0.09969005141167464 54 52 46 2.76
319 0.8459268734187122 -0.1478737378172793 0.05401586160742744 48 46 38 3.74
320 0.7622860820454445 -0.15802611750869 0.01913302797223204 53 51 45 4.32
321 0.6497822624325008 -0.06444445201626858 0.434954918179859 94 93 85 4.1
322 0.6328610365496363 -0.0181191166906499 0.5250099296615193 59 60 48 3.0
323 0.9436155214151445 -0.1664261408995377 -0.1073322069153922 67 67 62 4.91
324 0.6703041612631453 -0.06846729901210366 0.351408115528165 73 70 65 5.16
325 0.7337653276321938 -0.07705785876680565 0.1963004251601154 57 61 63 3.9
326 0.7745984283477798 -0.1062475485270963 0.1120338338129274 74 71 60 7.0
327 0.6747946971007065 -0.06506369013497185 0.3456842746758662 81 80 76 6.79
328 0.6876158407861691 -0.07114288954743689 0.3178916918919102 86 82 73 5.16
329 0.6874669938150686 -0.07806413220214831 0.2693923116693123 92 87 78 4.87
330 0.7953074464051624 -0.1224704072706004 -0.02076634991712112 92 92 85 6.15
331 0.7800839495338916 -0.1270832075901081 0.02814829017456633 85 83 77 4.57
332 0.7159288811820977 -0.09101500614973973 0.2164184681661374 86 84 79 3.93
333 0.7919707869062929 -0.1160275093613458 0.08899774913458325 45 40 35 3.68
334 0.5166858823719213 0.00253898028805967 0.5609922321837428 62 68 67 4.93
335 0.7664556658472395 -0.109896424420083 0.07238122032141414 81 77 76 4.65
336 0.6607224545207038 -0.06397475207111378 0.329621593153869 56 55 54 3.52
337 0.6754867993559045 -0.04396978531444616 0.2895662190775785 81 82 74 4.6
338 1.367275630142248 -0.09323770919403063 0.2395935607927666 58 61 61 3.34
339 0.6788081946391109 -0.03557206060024538 0.4330486867635077 44 43 38 4.7
340 0.7851784921652429 -0.09811805210142366 0.1580466383057729 101 99 93 3.49
341 0.6572945864694432 -0.1593146042843568 -0.2259110733340722 42 39 37 4.9
342 0.6723422467049016 -0.04956475381422838 0.2942168994769606 63 65 59 6.81
343 0.5683131127081216 0.002077559596246906 0.5477632934815353 57 72 71 2.58
344 0.6557879191128528 -0.05126176376550834 0.3837792472336997 101 110 113 4.49
345 0.9140651571575196 -0.1394833476368047 -0.1335488600088365 87 86 86 0.94
346 0.6893012656876208 -0.05562868201146684 0.2978826446464332 64 62 54 6.42
347 0.6736973183647917 -0.0535835149710561 0.3427202909863469 73 70 64 3.84
348 0.8707868243687968 -0.09278671161904409 -0.02816474603165142 39 43 42 5.62
349 0.5904125005588533 0.005673996972716866 0.5125533452616878 46 50 54 4.64
350 0.09060904478962473 0.03867854590031485 0.7526745885444223 60 63 64 5.12
351 0.7529496649648353 -0.1009685119469458 -0.00582663465311084 80 80 77 6.07
352 0.6298454920083715 -0.02535922107483625 0.4552959847825803 90 89 84 2.94
353 0.6040322352836806 -0.1237018889427998 -0.1866986604739566 62 65 64 0.66
354 0.6270068030219356 -0.01589054411654676 0.4294352883982144 71 67 53 5.55
355 0.7232650457306731 -0.06075243653840773 0.2028331875711848 88 88 85 4.69
356 0.6482606830394192 -0.01299094317649523 0.3497921162274998 34 37 30 3.86
357 0.7738061430785697 -0.0559906621001896 0.1266361102776298 79 81 77 6.44
358 0.8151081586117175 -0.1273417229900516 -0.2342781143345801 48 49 45 2.19
359 0.6680863238051257 -0.03879165817898569 0.1356989409301945 94 95 91 5.2
360 0.6673531874652399 -0.01723693895686935 0.3421165675793049 58 57 53 5.66
361 0.556014407782471 0.009039654751505311 0.6019647123837264 68 70 67 3.69
362 0.5885416416963355 0.03121888726363582 0.5862848798606626 44 49 38 3.73
363 0.6872111805856472 -0.031703848073008 0.2540091608091234 113 110 104 5.3
364 1.426590470233944 -0.1247248813533657 -0.3730415623057891 83 82 78 3.77
365 0.5908131768749596 0.007752828027529836 0.4894009215076342 90 90 88 4.64
366 0.7404888218289285 -0.02853797238201791 0.2008023113860872 61 61 59 4.27
367 0.7015366305073578 0.004619753262504994 0.3114203144459863 25 26 22 7.06
368 0.6488355321321863 0.00934698199175156 0.4099580828503838 61 60 56 4.77
369 0.7339741128376762 0.01112405205261957 0.2443568541737345 72 73 73 5.84
371 0.8361393435723112 -0.04340628670115415 -0.05378993804835563 40 42 37 4.59
372 1.000855699997712 -0.7941782804935396 0.3019436454466059 86 88 80 3.34
373 0.6900804132255739 -0.5705088776080131 0.497062203407485 180 183 181 5.06
374 0.65403620293072 -0.6275939081128422 0.3948852495956228 79 77 72 4.48
375 0.5853898155274805 -0.526149148462514 0.5121292792285226 76 76 63 1.3
376 0.7530889521695316 -0.6702803528841752 0.3359307990149233 105 104 99 5.26
377 0.6515121542130666 -0.5963068615582048 0.3919683207390389 94 98 99 6.28
378 0.8328830317323239 -0.6137747793005875 0.4152127271607572 174 183 192 1.92
379 0.8125089274449862 -0.6792160759356752 0.2886133706830946 116 118 120 5.57
380 0.6475662047466144 -0.5082761366197357 0.4864763678593173 90 92 90 6.14
381 0.7712260970746785 -0.5483121238095654 0.4545705730331017 101 105 106 4.31
382 0.6558814125985892 -0.5565287360735238 0.3746076162019608 111 110 106 4.43
383 0.6603973832191268 -0.5589609486479311 0.3732446467098868 101 100 94 5.22
384 0.8763494113318309 -0.6914521858332611 0.2307649405542391 184 190 197 3.29
385 0.6501069686172669 -0.5608837755459199 0.3545197745599636 137 143 150 5.88
386 0.7264831618638437 -0.4918831841384694 0.4828967206919286 109 120 126 3.01
387 0.7118667788778104 -0.5644056944905748 0.3444407338091467 150 147 137 5.95
388 0.6169609200501787 -0.4559169738180995 0.4826964279943846 104 105 98 3.53
389 0.4275161400859029 -0.3656781753557068 0.5184285799452781 210 213 212 6.24
390 0.6894573025112086 -0.5644410487567774 0.3220168756717862 83 86 87 4.49
391 0.7141410468826731 -0.5504446914597326 0.3089640175068283 121 124 132 5.54
392 0.5662952581786938 -0.3848553485542313 0.5285581899560352 145 146 134 1.51
393 0.5773473393400157 -0.4084159998244491 0.4772072395574524 127 125 114 3.55
394 0.6570894156298892 -0.5099617917146876 0.3270812146356071 116 122 120 5.59
395 0.7192280501323806 -0.4949912305464429 0.3668510927729907 100 103 107 6.23
396 0.6341151119744827 -0.4173019736892184 0.4638007942336537 125 125 117 3.95
397 0.652071376031183 -0.3795777352426489 0.5363054985183558 200 211 220 3.73
398 0.6929909281639941 -0.3960962473019151 0.5094009631471792 79 89 89 3.19
399 0.6401878925084805 -0.3899533282168718 0.4748080974309739 93 94 81 4.21
400 0.7070560311219403 -0.3135874160753372 0.5841423919800215 67 72 81 2.63
401 0.6720654968174949 -0.4084498157174657 0.3649582969069196 65 63 57 5.58
402 0.6686411454397624 -0.379116366974917 0.4505071397796094 136 141 135 1.93
403 0.6259599450367072 -0.4194522788795192 0.3461980811616744 73 69 58 1.51
404 0.6917322596468668 -0.4242503193600019 0.3506916340279181 116 110 101 4.37
405 0.6707164229004905 -0.3961761817716491 0.3596905879943285 114 110 96 5.66
406 0.6117599540771893 -0.345318379340892 0.4453965359226428 106 108 98 4.02
407 0.575878125512689 -0.3084449962428609 0.4597458302274244 125 119 102 3.8
408 0.6277147908875499 -0.3495774088523266 0.3849874690894985 114 106 93 3.91
409 0.7673511964785069 -0.3184966753133929 0.4877853794575174 45 55 69 3.67
410 0.615102270593104 -0.3106731795916595 0.4461772271087383 176 174 158 4.16
411 0.6768233333732622 -0.3516780553723786 0.339444983002309 104 102 95 4.64
412 0.7427542595429568 -0.3246816342031627 0.413389580045067 127 138 140 3.62
413 0.6880047125746097 -0.3548365675044631 0.2857091834565213 123 119 110 4.82
414 0.7049957575958443 -0.2566784513925044 0.4735439864696378 50 56 56 3.89
415 0.6924970724825004 -0.3726269336803388 0.1704861766929429 158 157 144 1.22
416 0.6680917598709782 -0.2215296727378326 0.5225047430071585 73 74 70 4.55
417 0.6714637954674614 -0.2239562892450737 0.5207575869943903 77 74 73 4.66
418 0.6815990203222736 -0.290811874603114 0.3485269924846208 48 48 40 4.7
419 0.6942786887259228 -0.311719340296379 0.2922962355519769 125 127 122 5.6
420 0.666251573149461 -0.2217993830829205 0.4964312822314898 82 81 75 5.29
421 0.7378782344043773 -0.2940965603826641 0.3180451648004183 41 30 25 3.36
422 0.6645551257823341 -0.2244541801975325 0.4612362257927561 74 77 73 5.2
423 0.5662185319389 -0.1316728913228774 0.6205009809620752 58 60 60 5.31
424 0.6557195401875365 -0.1973290220157365 0.4597415376560134 68 72 78 4.41
425 0.6812428175026745 -0.2281815218607968 0.4544779435544574 83 82 78 4.95
426 0.6788338943519802 -0.2605365798856165 0.3482240021836549 64 58 52 4.85
427 0.4691866730845485 -0.1249970755512285 0.655566173255727 43 46 47 3.99
428 0.6810690153936384 -0.2058705613233291 0.4917123169748936 77 78 71 5.59
429 0.5913411236637296 -0.1552510917511863 0.5150478707670314 25 26 25 3.0
430 0.6405253480902089 -0.2298530632588558 0.3837252714017599 75 72 65 4.19
431 0.6802107284344443 -0.2007512527383483 0.4000999492033738 55 60 60 4.95
432 0.6640295114293679 -0.2589184586030369 0.3058505621927553 131 127 120 4.41
433 0.6417563372891606 -0.2215165910412937 0.3223731848715604 89 86 77 4.05
434 0.709927001739479 -0.2156785658461471 0.3266163752518162 91 90 84 2.2
435 0.709927001739479 -0.2156785658461471 0.3266163752518162 91 90 84 2.2
436 0.7623219473466381 -0.3469752913954899 0.01235636422691977 80 79 73 5.7
437 0.5958876123383834 -0.1440454712518472 0.5245101362774933 89 91 83 3.97
438 0.701581357071153 -0.2564946956376547 0.2790365231070107 133 127 117 4.89
439 0.6725262980249671 -0.2268704379922997 0.2941850370347409 107 109 106 3.11
440 0.6341196880732957 -0.1248036439392536 0.5742707028810289 80 84 80 4.08
441 0.6453568481700408 -0.1477932775644829 0.573774848211265 87 85 77 5.1
442 0.8037048070055697 -0.2110694624871004 0.4438393265204218 63 64 60 3.48
443 0.6713262389802512 -0.2394328365206714 0.308356511551019 107 105 96 3.73
444 0.643091450563831 -0.1453597593722528 0.5002671203179578 17 23 22 2.82
445 0.6675869041859408 -0.2298535105358781 0.2859942687016278 99 98 90 6.04
446 0.6412654696943455 -0.2139580361017702 0.3024662314182837 94 95 92 3.89
447 0.647754041028393 -0.1558743016617337 0.4561945826333456 22 27 27 2.91
448 0.7087944326609058 -0.2480273545184991 0.2668188850394461 100 97 86 4.96
449 0.6892131294787692 -0.2447362814102152 0.2760851483415523 114 111 101 4.5
450 0.6426273703492714 -0.1449611773812171 0.5445354776163341 81 76 72 4.39
451 0.7255984571407926 -0.2618310757909825 0.2011911957466483 61 68 73 4.84
452 0.5631521875498156 -0.1510506207495285 0.4976036141785302 36 35 36 3.83
453 0.934182639245104 -0.2017662754699916 0.4351834568756502 57 63 64 3.63
454 0.6914920209459556 -0.244562684891093 0.2466570156008826 101 101 92 2.79
455 0.6264634367821964 -0.1490792781848541 0.4977729819578818 81 79 64 2.01
456 0.6449851647871757 -0.1482848103916592 0.5119591057943753 79 77 70 4.42
457 0.6514012079537764 -0.1489770289788364 0.5092477637025712 84 82 74 5.16
458 0.7539321047093694 -0.2627565097185814 0.1746738190756706 80 80 78 3.34
459 0.6306685642643849 -0.153133185860174 0.4835083902500344 96 95 86 4.97
460 0.6442652587689066 -0.1372567639049108 0.5324711324413451 61 68 72 4.26
461 0.6483883401961493 -0.139426344847234 0.5018635152752386 62 63 60 3.91
462 0.6696784743030889 -0.1290002664315509 0.4782622897943661 85 82 68 2.96
463 0.7211748740147997 -0.224785203558946 0.2499320927326033 88 86 84 3.67
464 0.6154190540883759 -0.1322441057751764 0.5204595449500724 76 79 80 5.59
465 0.6612952842467772 -0.1173454333269891 0.4964974854610091 89 90 84 5.1
466 0.701736579403951 -0.3448111961515609 -0.178003763854384 175 166 132 3.66
467 0.6758148871744581 -0.3283593195202743 -0.1452214677464635 175 168 137 3.3
468 0.6324949742855065 -0.109245563922632 0.5901951579866764 82 81 78 3.55
469 0.780191451226999 -0.2771714898945146 0.016574715994913 78 78 75 7.72
470 0.751286487495169 -0.3384833386540952 -0.1687245894016208 202 212 220 2.33
471 0.6884621259566004 -0.2025096349881783 0.275186103936053 84 80 76 4.06
472 0.6485654081460894 -0.1991519034979425 0.2624282351417969 58 56 51 3.69
473 0.7078041145629531 -0.162263472260632 0.4005350350558963 44 44 42 4.68
474 0.6736875010318193 -0.1408648529155676 0.4351728723602661 100 96 86 5.53
475 0.6797025452371471 -0.1560185901220975 0.3966613480785631 74 74 70 4.6
476 0.658030793110021 -0.1556483175465493 0.3319277130900626 59 59 55 6.05
477 0.8431794975275748 -0.3246329817982603 -0.157341905118055 159 170 180 5.25
478 1.055880092917099 -0.1690230631524001 0.4319523767226469 58 60 53 4.53
479 0.3438502721730542 -0.3955492397328997 -0.5832994111293394 96 105 112 5.25
480 0.6826033584482482 -0.1125562608101363 0.5255787263512026 94 93 86 4.93
481 0.6467785185808405 -0.1080329144603334 0.5439850420415989 75 74 68 3.57
482 0.5437260230688238 -0.3218051933540227 -0.2558154129840319 186 196 201 4.35
483 0.6374484026722229 -0.0962380759007071 0.5769216629675804 107 110 105 4.17
484 0.7641512812585987 -0.1286261046076198 0.4873135418488904 62 66 61 4.48
485 0.4236266860734574 -0.3221288917108721 -0.2900467464460782 105 105 98 2.28
486 0.413961557252441 -0.3153229458925927 -0.2758861675488461 95 94 90 3.99
487 0.7074517569837548 -0.17696365860335 0.2974134472277513 91 88 79 4.36
488 0.6300349495026208 -0.09947294964541759 0.5495938772929079 99 106 97 2.36
489 0.6979997482057748 -0.09151857029042224 0.5208138373379658 80 77 61 5.42
490 0.6823080743845653 -0.1921269550118132 0.2396140366961631 100 99 92 4.2
491 0.6461314905870297 -0.09110514731037986 0.5723474284010456 106 104 97 4.54
492 0.7052744230336705 -0.1992573318354431 0.2171341175911763 37 38 31 4.98
493 0.725290220922481 -0.2932143915886988 -0.1424940628664398 124 121 109 4.54
494 0.709276964574182 -0.305608091960629 -0.1925986852449802 54 53 47 5.84
495 0.6090431780193137 -0.2902896917939585 -0.181967160727328 55 56 47 4.6
496 0.7043150712255902 -0.1236195933683386 0.4750210535027847 76 78 76 4.32
497 0.7040388739756567 -0.1219121756215072 0.4756618194411379 76 77 71 4.47
498 0.7817659390140426 -0.2602513117381624 -0.02641408490806119 97 95 83 4.74
499 0.6374311918584754 -0.1170378275809927 0.4738840959166802 50 50 44 6.91
500 0.6906748700368709 -0.1696618929170713 0.2710610011002714 80 77 69 5.46
501 0.5908904120532614 -0.07750130990801324 0.5957983704928763 78 77 73 6.39
502 0.737837395627311 -0.1916868160114628 0.1708714477243782 109 103 91 4.12
503 0.6196340017416926 -0.0920951184978803 0.5410368729850106 124 117 109 3.81
504 0.6443656365161363 -0.09979700703185107 0.5039439705070334 110 114 112 4.9
505 0.6831209106826984 -0.129290785854449 0.4039933860498346 76 80 80 5.89
506 0.7857814260518905 -0.2285426702930431 -0.02540978426924168 95 96 88 6.41
507 0.6532826283694703 -0.1198245456943496 0.4149677065274015 72 72 66 5.29
508 0.6423221923052097 -0.0903227182481994 0.5055421729661185 68 70 70 3.87
509 0.8247482201357341 -0.27598015362805 -0.2102049442911774 67 68 61 3.42
510 0.9418419283721242 -0.2012946027722449 0.01196140544392166 69 66 58 4.33
511 0.7447257781405008 -0.09663859187313548 0.4835045655723136 43 47 45 4.18
512 0.8115303045972873 -0.2603355521810402 -0.2214273837772051 98 92 79 4.21
513 0.8002234636222056 -0.2386685583543125 -0.1585894587148037 121 111 88 4.03
514 0.6346526567120309 -0.08220477799222745 0.4982180042527939 36 37 28 4.38
515 0.6881400681054537 -0.1168916258214257 0.344432147105459 88 81 65 5.56
516 0.7743191915974799 -0.176030440767947 0.1245651521614511 90 93 90 3.95
517 0.7232971785452101 -0.1617972420838261 0.1870650472910945 67 64 57 4.88
518 0.7462978672793528 -0.1340720324793865 0.1673477099296243 73 75 69 3.0
519 0.8623089058074402 -0.1651474461519922 0.1206094320047464 71 67 58 6.61
520 0.8605922031449433 -0.1582815469574351 0.1253764664681983 55 55 50 7.24
521 0.7968302617442489 -0.1929131349005937 -0.01041765392879512 59 58 52 3.54
522 0.6470523042219161 -0.06991232099237524 0.3671496912991123 94 90 81 4.39
523 0.7066359945450259 -0.0699666066740372 0.4675933751101005 23 22 18 4.28
525 0.5337927078493705 -0.04447611788154902 0.4848031949953807 75 75 71 6.36
526 0.5337927078493705 -0.04447611788154902 0.4848031949953807 75 75 71 6.36
527 0.6608015749364171 -0.0704358340036825 0.3376338209458385 10 12 9 5.32
528 0.6597883126299606 -0.04489020435591004 0.4017984701548992 73 73 68 5.05
529 0.949957892788827 -0.1570409260958675 0.005096130558145617 40 37 33 4.95
530 0.7488276315887472 -0.09499456403592946 0.1204137214723268 25 27 29 4.62
531 0.7207316051118537 -0.07210815651762048 0.1995915972919161 51 52 49 4.32
532 0.3155351141792894 -0.02691677563321115 0.4718171067816094 45 44 39 3.6
533 0.6845912166070968 -0.06458343292523813 0.3318471933184538 52 52 48 5.16
534 0.6662624876851427 -0.05212795859517015 0.333022186664508 50 50 44 6.37
535 0.6884543442509623 -0.07281342331287738 0.272360589231627 90 87 82 4.44
536 0.6862882489140384 -0.04140191403090719 0.2895463117743182 81 81 82 4.91
537 0.7382693815553849 -0.07447115488385775 0.1650285786937499 85 87 81 6.54
538 0.6834917811169824 -0.03790540917870547 0.2933672265411351 71 69 63 4.14
539 0.5020429616196788 -0.003871469306446371 0.593986534257656 56 61 62 0.91
540 0.5865989849370731 -0.01247743289994314 0.5848517733345684 94 96 97 4.78
541 0.6188958175918885 -0.02001357182227535 0.5250311628258747 91 93 89 4.05
542 0.6962375336327992 -0.06157651475341824 0.26357960115468 119 114 102 4.28
543 0.6562899472623153 -0.03810773087408381 0.3699105450729921 93 92 86 7.03
544 0.6595440537260745 -0.03895229612667066 0.3688780988025382 95 94 88 6.73
545 0.8579505576923565 -0.090994837489876 -0.0473591618603364 71 73 74 4.61
546 0.6000248589053132 -0.121864728814761 -0.1964116800073016 20 21 22 0.61
547 0.5521221891285318 -0.113196533039148 -0.1162333023745504 26 30 32 6.23
548 0.8296788305735787 -0.09105323180638997 -0.04612590827781737 58 57 55 5.29
549 0.6605125131606603 -0.02925347271431744 0.3605384957375629 88 88 85 4.49
550 0.7202179234303473 -0.05367239487266175 0.1744737742611121 80 82 82 4.65
551 0.605399617396608 0.01635621846398576 0.5266688155894901 70 71 73 3.17
552 0.6671548515673528 0.04867210526627823 0.4470933087161518 66 68 69 2.12
553 0.8317053228290137 -0.6841190528783822 0.3538637366544288 71 69 63 5.92
554 0.6849869173236445 -0.6564237427444152 0.3586619789160084 165 178 182 3.65
555 0.6038536131405959 -0.5793382009998154 0.4001806418079015 196 205 216 2.58
556 0.7798299931507555 -0.5853744390300278 0.448302036128237 130 134 140 5.01
557 0.6076187876996931 -0.4873792214041508 0.5016636597354014 125 124 119 3.52
558 0.6002004437591578 -0.4819608697886751 0.5031203947348846 119 119 107 2.37
559 0.6708570734963921 -0.5153886161567676 0.4604165241432699 132 130 121 4.89
560 0.7866793921926265 -0.5766169734697956 0.2572048755686275 92 91 87 6.56
561 0.5291564190854642 -0.3618389124179097 0.5405118205089672 77 74 64 3.34
562 0.5531158173714672 -0.4231310232123046 0.4385939444938832 91 97 99 1.47
563 0.5573580538008864 -0.3710446577838461 0.5165058083551479 69 71 63 1.45
564 0.6509164437651339 -0.3742463800120138 0.5328560645162921 130 135 134 3.52
565 0.5892964032607683 -0.4189719130879914 0.4146334623865511 113 113 105 4.36
566 0.7016259870787236 -0.45194423663811 0.3674700878817463 115 115 110 5.73
567 0.630591349115978 -0.3929285201848425 0.4775379307728685 106 108 105 3.49
568 0.7013573715311913 -0.4407734081002048 0.3456696104960553 102 106 102 3.01
569 0.6860528833461279 -0.459348098807686 0.302990536909067 84 80 72 3.43
570 0.662890015949368 -0.4184582473157327 0.3488385571214446 139 132 121 4.74
571 0.6913663471772795 -0.430492946244758 0.2693137499091287 180 209 230 5.3
572 0.6828982153882679 -0.36389776948833 0.4380762392768267 86 86 81 4.97
573 0.6028540958189269 -0.3442991381405833 0.440983155541099 45 47 40 4.29
574 0.9209792363676248 -0.4860022708434051 0.1812856933022702 82 83 80 3.66
575 0.6702446776312191 -0.3904841466891167 0.3586702635080327 126 116 100 4.56
576 0.6265036884746288 -0.3388742901229183 0.4489949211876723 156 150 127 3.6
577 0.4973822170074814 -0.2734500458857951 0.5022305616680338 90 91 85 1.98
578 0.5762442240175931 -0.2791601958785177 0.5160057165433493 95 100 97 1.93
579 0.6460526305204007 -0.3481678123906203 0.3924436368447498 128 128 120 3.7
580 0.7038513830819404 -0.3958236318303517 0.2925450678241124 144 140 129 3.93
581 0.6517099635363292 -0.3296802122789125 0.3016380391871671 97 96 96 2.41
582 0.6246223356738765 -0.2899183220872095 0.3973003514851784 122 114 98 5.35
583 0.6488213610709958 -0.2093471155153514 0.5863866415511239 102 102 99 3.64
584 0.6707812963489425 -0.3213762098155966 0.3078429035996723 113 116 110 6.1
585 0.6695191933960455 -0.2669032895868442 0.4373733372921559 42 47 45 6.03
586 0.6869847877736517 -0.2910689707983704 0.3605506881106821 114 110 101 5.49
587 0.6561261731475991 -0.1960414511188381 0.5680123564670029 86 86 79 3.34
588 0.681578819145058 -0.2835523221966144 0.3621154812996787 109 103 91 4.37
589 0.8842728904868564 -0.4450561471124963 -0.02882961594125144 93 101 103 5.15
590 0.8389005441247097 -0.4309006685467093 0.01943255299857782 186 204 220 5.39
591 0.6613500345544416 -0.2299961928884522 0.4417333795001984 96 93 87 5.44
592 0.6879628667347952 -0.2382578474083156 0.4297883665231843 100 101 100 5.67
593 0.7017171756290616 -0.2443550929167892 0.4067351144865605 90 86 77 5.06
594 0.6695806342554786 -0.2445424457626591 0.3690148166902546 95 93 89 6.08
595 0.7045435778423712 -0.2660010713605843 0.2984129330437856 51 47 43 2.59
596 0.7493920694726715 -0.3493497744270238 0.05560562265019575 154 153 135 2.21
597 0.6300525879149848 -0.1595717990879685 0.5009695099906739 26 27 25 4.21
598 0.6574222621003021 -0.2329285980413312 0.3523643310421443 109 111 107 4.03
599 0.6346929900326682 -0.1807794876326751 0.501115136116711 64 58 54 2.94
600 0.7094576946621811 -0.2175179288248452 0.3951029093288163 107 104 94 4.99
601 0.6742011996474364 -0.2055308239530848 0.4161702035851968 98 97 91 4.65
602 0.8687223282048493 -0.3810059562189811 -0.0713148323676156 82 79 69 3.33
603 0.6006309661372079 -0.1712472844464413 0.4950754698990659 120 119 116 2.77
604 0.6612067977006916 -0.150921892105379 0.4847501677124808 26 27 21 3.41
605 0.6803325830137318 -0.1495079328252762 0.5162637120713969 56 58 54 6.04
606 0.6127750785025567 -0.1395504447814635 0.5351198405036476 49 50 47 3.18
607 0.6481708588610672 -0.1877464701011962 0.3823946202938483 99 95 85 5.06
608 0.4264201515614866 -0.2310442688792805 0.1106686332921537 96 94 84 4.96
609 0.6914572977639135 -0.3250726984901257 -0.1203508959800278 118 113 97 3.42
610 0.5738373108563973 -0.1542084777239767 0.3589118426268965 27 26 21 5.98
611 0.5704140357292208 -0.167186336108337 0.3781528902561964 89 85 78 7.01
612 0.4221455534239924 -0.3471007476506243 -0.2874006878275216 109 114 112 3.59
613 0.4254397999319435 -0.349402243942999 -0.2927310094686283 119 126 126 3.84
614 0.3382617140338189 -0.39706498465913 -0.4969849986055977 65 72 57 5.99
615 0.6147671363115548 -0.1035253238427669 0.5755188519011958 64 64 61 4.6
616 0.6372054631143399 -0.1356487675544798 0.4166034393886706 53 57 57 4.45
617 0.7907026450358101 -0.2877863163952229 0.007453675199685983 102 102 95 4.26
618 0.643667176014316 -0.3798436938993304 -0.3536298991850876 130 131 138 3.32
619 0.6686454267829366 -0.3968675654797109 -0.3902918745462592 114 126 139 1.19
620 0.3789900554684116 -0.4020650530215354 -0.5264575395134169 195 206 176 4.84
621 0.735997764020996 -0.325913410146768 -0.1635065995883765 104 98 81 3.24
622 0.6542452064597816 -0.1142292398429094 0.5235546668295337 68 68 61 6.22
623 0.5922223808040485 -0.1091983296131939 0.5388950137945838 90 89 85 3.98
624 0.8065187886288188 -0.3097518136114578 -0.1558017972288567 94 93 87 4.02
625 0.6913236511287227 -0.1098897277446244 0.5445481742057618 102 102 97 4.21
626 0.7149409815544768 -0.2307949445650485 0.1185426106105726 96 93 90 5.43
627 0.6102502382236341 -0.3738663479215387 -0.4758731115469336 119 121 114 3.57
628 0.599727549027497 -0.3657019275888379 -0.4602841113351744 109 110 104 4.26
629 0.6198040626752075 -0.29657637952923 -0.1731153198727028 92 103 97 5.9
630 0.66460963466945 -0.3893966632697651 -0.5485777591067397 182 192 200 4.3
631 0.7007512686721789 -0.3993522439029051 -0.5980982296369751 195 201 204 3.67
632 0.428861325608173 -0.2004201655904332 0.07240022203743401 110 109 99 4.53
633 0.5978456738454948 -0.2738409332137901 -0.1266979972372458 124 125 116 5.88
634 0.3716457021973607 -0.3673842697901702 -0.5578120035942343 82 92 102 5.13
635 0.7253014697275024 -0.155322841064028 0.3366298843439905 94 94 90 4.69
636 0.6366458559193965 -0.112528924215927 0.3778380838493776 101 103 98 3.41
637 0.7370808287911979 -0.1106197038901368 0.5004484450659716 65 65 57 4.47
638 0.9347103899955367 -0.3084442049213572 -0.2205337422269732 138 148 156 4.35
639 0.6692924801464026 -0.2685839510060807 -0.1389077308725343 113 107 95 4.21
640 0.7608811612139093 -0.2624116949442137 -0.1596543205618014 161 159 144 3.95
641 0.772617417762375 -0.269030240156193 -0.1729515898330515 167 163 145 4.16
642 0.754974501250411 -0.2664503938149085 -0.1714839548794006 84 77 64 3.04
643 0.7162021947244341 -0.2492797696574786 -0.1243880609755889 76 68 55 2.25
644 0.8343450875069298 -0.2525186543404783 -0.1268847194038453 73 72 66 3.74
645 0.6652886680073929 -0.1353308630771483 0.3274329833690489 75 73 64 4.57
646 0.757918298100122 -0.09031701749440901 0.5331276858129175 55 55 53 4.38
647 0.5918606838122233 -0.07368763073538148 0.5791543486377038 64 64 60 3.1
648 0.7605582457351703 -0.1726315469629398 0.1217863194683871 62 60 53 6.0
649 0.7224851464180045 -0.1652595232042245 0.2150715221553785 94 93 86 4.08
650 0.7133765785136257 -0.1351991868410818 0.1900881035996955 60 62 63 4.06
651 0.8302558305955023 -0.24651933550632 -0.1639305693374621 148 137 106 3.57
652 0.687763740072116 -0.1258145409813164 0.3154864845564681 95 91 78 3.89
653 0.7249792428991455 -0.08217384298747368 0.4572515478472923 31 34 32 4.54
654 0.6881413507061754 -0.08915038759690788 0.3839606643445422 63 62 55 5.16
655 0.6391900855002942 -0.0342775129197954 0.521096290083592 11 17 17 3.27
656 0.7042310367611181 -0.104784417774297 0.2792805270815087 48 47 36 4.78
657 0.7574703002921637 -0.1234460359757772 0.1567136522742901 104 98 88 4.3
658 0.7522112342149943 -0.123657711419049 0.1626032609004615 78 78 73 5.23
660 0.7651140996917818 -0.123638382399174 0.06506037650264707 87 81 78 4.14
661 0.7948707989276733 -0.1003100572838379 0.04038792182600548 83 82 75 6.3
662 0.7054581034285871 -0.07725940357074143 0.2419642952791852 129 120 103 3.81
663 0.8856739947352585 -0.01875796216840993 0.4950991596943364 59 64 65 7.11
664 0.6095504453255866 -0.06876398822985491 0.2355753957788717 33 30 28 4.61
665 1.185506647027822 -0.1450161726743774 -0.2093803134570135 37 35 29 3.88
666 0.7343005846109882 -0.08937733959981742 0.1098664286512795 30 31 30 5.61
667 0.6009042695431812 0.001107859554160276 0.579991708571889 83 86 86 6.78
668 0.7144602569447562 -0.02414751935170725 0.4474015333350165 58 60 66 4.18
669 0.8171622342312839 -0.0659259004308376 0.1162905935803041 82 88 91 4.38
670 0.8064799188478096 -0.07807547653576624 0.1235964289907183 63 66 69 4.42
671 0.8210167936020061 -0.1002759422389487 -0.07527414973921542 67 68 62 2.12
672 0.7363284189548656 -0.004044644399518821 0.4736921048904829 53 56 61 4.14
674 0.6479131520494058 -0.01532812702111243 0.3007165267513998 86 75 66 3.12
675 0.7442344302083139 -0.01914380819560575 0.2540162511668371 48 45 40 5.32
676 0.5508208008091355 0.06335531039894191 0.5395279824546453 66 62 63 4.72
677 0.5537221769703282 0.06224334624852104 0.5377851295207594 61 57 60 4.93
678 0.6452969761867616 -0.6312355335992927 0.3906776276668203 128 132 134 5.11
679 0.5370932730632131 -0.5090824315535214 0.4981510482498543 108 108 101 2.29
680 0.7035617445889493 -0.6173135218694269 0.3816230315905663 47 47 50 4.09
681 0.780489267474626 -0.4899840835335147 0.4479712936675714 100 107 111 4.3
682 0.6645527993540874 -0.4802257977341247 0.3336499326930126 81 86 85 3.95
683 0.6524657986707146 -0.4507794094705436 0.3568712976023404 81 80 79 4.71
684 0.7365974542413916 -0.410220162147429 0.3429658164117945 121 120 114 4.38
685 0.5594810970836925 -0.2941241526648575 0.5067410623505264 71 75 74 4.48
686 0.6727902529158926 -0.3373785710315818 0.3546194249823428 122 119 110 5.55
687 0.7514714428172511 -0.2445468970503487 0.5463571859252438 87 88 90 3.92
688 0.6579435654255084 -0.2281276452682094 0.5408580997738842 92 90 84 3.93
689 0.6610257382238237 -0.3166380639841119 0.3417704550641699 110 111 106 3.41
690 0.5982476643676297 -0.1720940517813846 0.594295164958403 67 72 72 1.24
691 0.7165487948656236 -0.2875105092178811 0.4074328196219551 120 123 121 5.25
692 0.6528967856681822 -0.2064981820535327 0.4990192438593584 78 78 73 4.62
693 0.6520582880926349 -0.1846908254188861 0.4933690388596599 82 83 78 2.79
694 0.6566778037937081 -0.2346736599275573 0.420756985372965 81 80 75 5.31
695 0.620187836026714 -0.1791659800625564 0.4751039249456896 78 78 73 2.73
696 0.6414883782440844 -0.190148245981314 0.465543687970063 76 74 71 3.99
697 0.7037982830731573 -0.2293091962600335 0.4190544651199746 96 95 87 4.94
698 0.7396705750623531 -0.2353643812516843 0.4070644093385376 75 74 67 3.76
699 0.6993532692229576 -0.2244304858405031 0.413398176094308 77 75 70 3.68
700 0.615626716767953 -0.117377372549687 0.5955865713466608 78 82 74 1.42
701 0.6520131839696199 -0.1977824246844608 0.3883761275522754 77 77 72 5.06
702 0.6944565827437851 -0.1924375285368976 0.4000079422275818 94 93 87 4.84
703 0.7152791201950773 -0.198087771673018 0.3916205997490521 87 85 76 6.39
704 0.3522762023564506 -0.4368167033409655 -0.5269139719341681 100 109 105 6.18
705 0.3397067622823586 -0.4338055165539593 -0.4962790098563973 108 120 120 2.48
706 0.7843096426928786 -0.3104628991660141 -0.03448810010843206 121 131 136 1.84
707 0.7443025575485585 -0.2321343270309949 0.1722060837738925 93 93 88 4.33
708 0.6648443084196624 -0.1091163839686796 0.550615869225854 86 84 74 4.6
709 0.756157371899203 -0.2217504599694 0.1699409544678953 61 60 55 5.63
710 0.6746544214103397 -0.2986532822343597 -0.1522067902290519 129 122 100 3.04
711 0.6707107558238951 -0.2957964211209893 -0.1484069934598232 108 104 90 3.27
712 0.451429875094408 -0.3247355350265404 -0.2972442168078099 190 199 203 3.76
713 0.6978931475058893 -0.1815698099432811 0.2680590887399263 63 62 52 5.24
714 0.6634423845044015 -0.1754554402668752 0.2924602539426496 45 44 39 2.97
715 0.5960909550611508 -0.2797025776924252 -0.112152404071714 52 60 66 3.63
716 0.7008793945867944 -0.1843588048302965 0.2006278381616712 101 103 103 6.33
717 0.798268074682958 -0.1047636196906147 0.5244555018906822 60 58 56 6.93
718 0.7092873757266559 -0.1826570693719266 0.1204977283876718 86 85 83 5.6
719 0.9027855883081894 -0.2803446730173762 -0.1902585107757678 43 43 40 5.4
720 0.7321063380228812 -0.1519265710097361 0.1738296144601573 61 63 64 3.65
721 0.5177878828290065 -0.2773410319947294 -0.2688523747255921 43 46 41 2.82
722 0.4969915556788845 -0.2672922348637202 -0.2402555442010802 36 40 34 3.14
723 1.194613091140763 -0.2551510337605098 -0.2019718323181091 67 68 62 2.99
724 0.784680687893317 -0.1969223010831314 0.1085431046135471 40 39 35 2.94
725 0.7715817438342665 -0.1901531257826032 0.07019684448443186 91 91 86 5.02
726 0.7877322589425506 -0.1937929139824583 -0.0005425990809443393 61 60 54 5.94
727 0.7835548385684661 -0.2009663566919033 -0.01408803527407698 113 111 103 4.61
728 0.7736391184716658 -0.0757138717741751 0.4841567096254837 66 65 62 4.38
729 0.8623824758981875 -0.1579323588649524 0.08095287922506156 100 101 97 4.04
730 0.7513546817203223 -0.1402520833637099 0.1598539702660077 103 102 97 2.97
731 0.6577891177938884 -0.08663219590996962 0.3036127280952473 37 36 30 6.15
732 0.9024803066206071 -0.1266387932138627 0.04759452425650323 68 73 79 5.54
733 0.6888415807985633 -0.1064346520951365 0.2003437702879989 80 78 71 4.81
734 0.6664342264425288 -0.05462578399803751 0.3072758332351826 54 53 47 4.34
735 0.7469965176176678 -0.08156384481315049 0.190246831559262 77 78 73 4.47
736 0.6937425255887006 -0.07206047231089266 0.2506181420195682 96 94 90 4.48
737 0.8749991030001867 -0.01495992569070086 0.4825213613743167 59 61 63 6.79
738 0.7396916042405322 -0.01783761590439209 0.2464540894008928 82 80 78 5.58
739 0.8149913334618539 -0.1057367471417016 -0.2734070687611633 29 31 32 4.21
740 0.680644101527503 -0.02062537556081853 0.2762895380436021 69 70 71 4.96
741 0.6545850834406092 -0.64143990294178 0.4008387569397731 56 54 46 3.21
742 0.7541510537408749 -0.5863197551176397 0.3935747159109056 96 92 80 4.92
743 0.6679529848406482 -0.5305312884710885 0.3481303469749571 189 212 230 5.0
744 0.6046601010368191 -0.2028682910150575 0.6056212890560686 93 94 87 4.05
745 0.6491957131552221 -0.2042606316137837 0.5630723394420625 101 102 95 4.02
746 0.6161007243580134 -0.1859445513184861 0.5424656061942895 91 91 87 4.32
747 0.6738036935339325 -0.2372735993786082 0.2819103641050538 109 106 96 4.57
748 0.6780174904857902 -0.1570271835769728 0.4334890283521093 87 84 79 4.78
749 0.6840130735181522 -0.1355401929643689 0.3981839466477363 56 60 59 1.83
750 0.7031579447268289 -0.2003438107190756 0.2749514279201153 100 97 89 5.01
751 0.487813631804206 -0.1324284139441684 0.3829066569300807 47 48 46 2.46
752 0.5024921569124546 -0.29928069504156 -0.1855618621650968 216 226 232 3.42
753 0.6621276822236778 -0.1103024624181764 0.5245365024181528 92 94 88 4.81
754 0.6756825815092591 -0.1421099361357011 0.3789751109123973 85 85 86 5.22
755 0.655682385004388 -0.3988977573059315 -0.5893507143628588 186 204 214 3.52
756 0.606916571044637 -0.1297663303262598 0.3263275627931989 54 52 44 5.46
757 0.6813838836357593 -0.1593432132131238 0.2623654171136198 82 82 79 3.52
758 0.7398244752286451 -0.1744908532510719 0.1127582280075711 57 57 54 5.72
759 0.742116725183716 -0.1215159310302845 0.3609559629170302 53 54 51 4.27
760 0.8122621478448246 -0.2723635871083188 -0.2739496426382092 119 114 112 4.59
761 0.739539710712956 -0.231732828873643 -0.2010347898089607 51 51 43 3.28
762 0.6840805032920317 -0.1193638098262214 0.2706691897396061 73 67 54 5.24
763 0.6884557777986714 -0.07483782549689288 0.4186582920668657 107 104 97 5.95
764 0.6417707867314336 -0.1020275701132263 0.1688482816882042 69 69 71 7.3
765 0.6713914858594041 -0.07063123574990909 0.3134349200539046 74 69 63 4.37
766 0.6715472875971294 -0.04902993956283513 0.2469913865100822 40 42 39 3.14
767 0.7747064381434055 -0.07437116901858015 0.1571011182334541 48 49 47 6.11
768 0.5237328678208949 -0.04146272447910666 0.2406305527401418 57 56 51 5.49
769 0.8344233936468644 -0.06062194557318581 0.09425548581356502 87 89 93 4.5
770 0.7906092896739618 -0.05134715940592979 0.1248934952043556 93 95 98 4.19
771 0.782905476252407 -0.07622617376255145 0.0497462064852594 72 74 71 6.34
772 0.7222813728196853 -0.6009801839488956 0.4977039680627846 98 105 103 3.3
773 0.6892455556009847 -0.4966001648607516 0.4419921503410601 101 96 78 4.68
774 0.6153481403059208 -0.4234384815725762 0.4534826961922398 105 101 90 4.07
775 0.7196679667202082 -0.438186630784787 0.3068179886546191 57 56 49 4.08
776 0.7227450453892952 -0.4395654083346168 0.3053728378804803 59 57 50 3.93
777 0.6499534228420809 -0.3862971436268638 0.3120900959069257 148 152 156 5.15
778 0.6975399155173733 -0.3765068605753633 0.3282668975050451 143 137 125 4.76
779 1.178915188248335 -0.5925736980933944 -0.04719476871338191 127 136 150 6.42
780 0.6737563866912279 -0.313780020065066 0.3360767857985203 106 100 85 5.72
781 0.711542166609856 -0.39179578217605 0.1684089493561222 185 187 168 1.37
782 0.6224508467246058 -0.2069201937794191 0.5483798620399924 86 88 87 4.58
783 0.6185733340214854 -0.183434260241835 0.5728864466231649 92 81 62 6.33
784 0.6373807356908067 -0.24355215554905 0.412634738630323 120 118 112 5.99
785 0.6697544944157102 -0.2748593096480204 0.3195057913004753 42 41 34 5.65
786 0.6929818064630233 -0.2852424925145093 0.3057460840081082 40 39 32 3.5
787 0.6555367515614955 -0.2160464640501139 0.4249516385239864 94 93 85 4.76
788 0.6963000879343882 -0.1955969095559086 0.4458677706920045 57 58 55 6.07
789 0.5636183947472618 -0.1665597283017017 0.4241426907329681 64 66 66 5.79
790 0.7861012865359465 -0.2175655395027656 0.3811911155896006 51 51 49 1.41
791 0.8100085873381682 -0.2059587088716545 0.3939042243233847 38 39 37 2.87
792 0.7821311582454946 -0.2191586637496931 0.2615626880605511 103 102 95 4.9
793 0.7227603389521795 -0.3508841201168457 -0.2265973277470877 78 85 92 4.37
794 0.5802493489510263 -0.3645971869193935 -0.3447786657483353 110 121 130 1.95
795 0.6461689065126943 -0.1682792509772818 0.3617164467572503 33 35 30 4.24
796 0.7437241833420503 -0.3053348890928507 -0.1847848243144127 106 101 93 4.87
797 0.7482010674858497 -0.2651456329721426 -0.1847180302780801 67 64 53 4.71
798 0.7202638854212531 -0.2726451064753828 -0.1895219404699623 78 74 64 3.41
799 0.7169629199679668 -0.2714090885518782 -0.1854346947498139 59 56 49 3.68
800 0.6480679725205396 -0.07661072483975229 0.4662662452469403 101 101 91 5.48
801 0.8350579653158297 -0.2610780129563014 -0.3408583950198733 44 42 29 3.76
802 0.6521355199723802 -0.08564052384995935 0.3746618858318944 98 93 81 4.07
803 0.6688415190014564 -0.08408675018521955 0.2820224017791002 66 62 50 6.51
804 0.672473870560109 -0.1124246131089383 0.2286256971029829 63 58 49 4.03
805 0.7182025380895473 -0.1276114002036455 0.1261515004692019 61 59 55 4.45
806 0.7465971547683954 -0.1024689101537546 0.09861318196994384 39 41 37 4.61
807 0.6909348363957409 -0.06272507190027463 0.2508855333841452 101 101 95 4.21
808 0.6863239845697465 -0.05735143950954033 0.3900153635758092 90 93 88 5.09
809 0.7908956194331687 -0.02917036605013101 0.5197810946637431 47 49 47 4.29
810 0.6853564887868194 -0.04482334989822576 0.2920932756289073 85 81 73 5.86
811 0.5565257492482613 0.01739146991910928 0.5420235690804198 82 86 86 3.36
812 0.711071016652729 -0.6973442281931725 0.329250492759572 205 222 236 3.2
813 0.64297574387694 -0.6138576456163652 0.3537335365999543 84 85 80 2.65
814 0.710389130085512 -0.5868927836625164 0.3261027452927513 207 221 234 4.9
815 0.62724068789233 -0.47657419241301 0.3460337115865011 116 119 117 5.25
816 0.635567225864519 -0.3366442635946066 0.4374469764797456 214 205 178 4.69
817 0.683712853339695 -0.366826081306889 0.3360158432187582 110 103 88 4.12
818 0.6714473498796034 -0.3791204791110536 0.3469198868888076 116 112 101 5.97
819 0.6784530492721035 -0.2758705251187384 0.3541913211808203 48 44 41 6.45
820 0.6611995823054119 -0.2717590559302914 0.3662158976500102 50 49 42 5.6
821 0.7683060283119389 -0.3749323635495195 0.04982073987740887 162 167 164 3.5
822 0.8152509087024029 -0.2283587196270591 0.2711645750279995 50 49 42 3.48
823 0.6838077043879798 -0.2021559706493151 0.3457300635673893 51 50 44 4.53
824 0.7148616956672579 -0.3555143129252288 -0.1679635737886486 114 100 85 3.52
825 0.7199450553884559 -0.3623152288282504 -0.1735673042715001 116 104 91 4.52
826 0.6523970835688772 -0.1567428940847043 0.432915831772989 53 54 52 5.08
827 0.7013578254989526 -0.166581198861785 0.4080311612279138 51 54 52 4.64
828 0.6725426568614442 -0.1113404953834547 0.476925670229904 86 87 72 4.61
829 0.6882889963921764 -0.08944894346374146 0.4063892333826133 44 46 36 5.72
830 0.6594539755687983 -0.06501786614921451 0.5014967115847995 72 75 72 6.52
831 0.6623693847725359 -0.06343081687823268 0.4992738122539718 84 88 86 7.0
832 0.7802510808213556 -0.07194795687017538 0.4018727749935634 33 34 30 5.09
833 0.6841621588352368 -0.05622374689102161 0.4341050093499884 31 32 29 6.42
834 0.7465863564878694 -0.08345217120832574 0.2512981570318986 35 35 29 4.93
835 0.692418406411769 -0.06756265370580833 0.2587246941116471 117 114 108 5.64
836 0.7070454451301844 -0.5907123888363023 0.4060725917452835 153 151 139 3.96
837 0.8448658207515016 -0.6623012583082979 0.3526737186635197 45 44 39 5.43
838 0.620540310356694 -0.5886012354820387 0.3902849537671348 180 198 216 2.98
839 0.8611288741156415 -0.6092137986275156 0.4045135494833264 232 236 241 4.47
840 0.9977250173889394 -0.6090506284457786 0.3380720250653495 211 222 226 5.47
841 0.6730389120113128 -0.5043881277663799 0.3399144057938734 214 229 247 4.81
842 0.5712554111821325 -0.3705809349237625 0.514070698532793 90 86 73 4.94
843 0.8229976094956153 -0.443721875093803 0.4312948627828959 72 72 64 3.23
844 0.6458104269156707 -0.2534271094427478 0.5017773517957088 41 42 46 6.51
845 0.8155677404658799 -0.4285060123266143 0.0399257618531893 217 234 246 4.89
846 0.7499087597916654 -0.2033405231646982 0.5003435991684698 48 50 51 2.08
847 0.6847436860579639 -0.2734854997735318 0.2850072261070242 123 122 111 4.52
848 0.7468700162916033 -0.341774603951026 0.02640312923400012 90 91 89 4.42
849 0.5894295548522375 -0.1459918606781064 0.5183716293434067 32 36 35 3.01
850 0.6298926502286029 -0.1162376312010419 0.6471541315493663 86 88 88 4.81
851 0.2293637351649993 -0.04064682623815316 0.7006534032339723 53 53 48 4.37
852 0.6094246643864917 -0.2313453888618389 0.1287192515707355 79 80 76 5.33
853 0.7238172083879363 -0.2993363636659745 -0.117588939054896 208 221 228 5.57
854 0.5952979116633228 -0.09500167260773312 0.5726290095034194 92 96 85 2.75
855 0.8278156524692377 -0.284824123170487 -0.103154835761664 209 220 222 4.3
856 0.8173925776323303 -0.2809453724310653 -0.09243998118998642 200 218 225 4.93
857 0.9420896291467216 -0.05919748048162454 0.1961184590640871 61 60 57 4.71
858 0.6848478670391587 0.004736523296612893 0.5201344573597992 11 13 15 3.39
859 0.6449087458541019 -0.519335621144295 0.5362859097410128 83 82 77 2.48
860 0.7437388815242536 -0.6234081287135215 0.2523191672351295 208 224 238 5.36
861 0.7974792136457329 -0.5973653550811115 0.3056220177945848 91 89 80 5.39
862 0.757769790700815 -0.2836911460788212 0.3449310195968268 111 109 105 1.19
863 0.905090217009924 -0.3215004968752068 -0.2325691327032257 60 57 53 5.53
864 0.798710697741972 -0.2815550728435267 -0.1332087199526634 44 42 39 3.32
865 0.4892310165837355 -0.2882872392683293 -0.2195661778341159 72 72 66 1.21
866 0.7358847201581606 -0.5064537208604667 0.4817833577292683 88 91 90 4.25
867 0.6297651287793904 -0.04127127936006728 0.3884426870489699 98 103 105 4.29
868 0.6472336867244091 -0.1712265116546145 0.4336646419580893 49 49 44 5.56
