# Image list with two lines of data per image:
#   IMAGE_ID, QW, QX, QY, QZ, TX, TY, TZ, CAMERA_ID, NAME
#   POINTS2D[] as (X, Y, POINT3D_ID)
# Number of images: 92, mean observations per image: 707.435
456 0.9254285211995521 -0.11164544309499291 0.3314022156051069 -0.14591068993917197 -0.7951469044323142 -0.28506961983091816 -0.7439904581421791 456 image_000456.jpg

278 0.9303080595740764 -0.04343577967098315 0.35306378463005794 -0.08936561159030132 -0.7891341347795394 -0.07702067747830735 -0.3167695802179795 278 image_000278.jpg

7 0.9874182218684404 -0.10391669347163578 0.11733061517402298 -0.020978481441553086 -0.08910620949205073 -0.18036255893086225 0.35736715247663 7 image_000007.jpg

384 0.8927006080337834 -0.06088092375238941 0.43229460988161605 -0.11180566644852523 -0.8981492268121958 -0.1272497482078036 -0.4032845883731492 384 image_000384.jpg

96 0.9587311560387726 -0.07094169448810868 0.2680608373562217 -0.06281108549050417 -0.6347443929793126 -0.2520096843560504 -0.7221340976263254 96 image_000096.jpg

141 0.8703206918895561 -0.041913759140161946 0.4796994116315967 -0.10331311017878939 -0.9988581856411922 0.02992183643354695 0.19773552429756447 141 image_000141.jpg

175 0.8677268395806675 -0.07005064530921747 0.47647863650335953 -0.12292740363426807 -0.9760187329907966 -0.02074699115955703 -0.0271186471101848 175 image_000175.jpg

145 0.8852872037349092 -0.09220840281633881 0.41997428816204163 -0.17716028238680603 -1.2102277143629345 0.025575137794539193 -0.21485650523977207 145 image_000145.jpg

274 0.8834675523248279 -0.030902878633591667 0.4592186936313908 -0.08745456118327641 -0.9329528922838859 0.012293761803509665 0.167700608967983 274 image_000274.jpg

114 0.8969914405590305 -0.039676171561453435 0.43290803322714094 -0.08014233461408675 -0.8664032377315859 -0.05218103501195137 -0.0881726866928158 114 image_000114.jpg

84 0.9317646637876537 -0.030095958893692404 0.3544979249301095 -0.07238826489492525 -0.7965303177393184 -0.058420697098674076 -0.19785203592418088 84 image_000084.jpg

147 0.8565748089067917 -0.06936369252874723 0.49616464655407927 -0.12364814899647061 -1.1889585820914907 -0.0576017784024018 -0.1316173003157387 147 image_000147.jpg

447 0.9502296955070894 -0.0565869867287543 0.3022785374599646 -0.049890962709646984 -0.8760628526778037 -0.11383255059034314 -0.2575790679046774 447 image_000447.jpg

343 0.9978195114574256 -0.04316537330363322 0.049871600165806176 -0.0024105561113174703 0.11936556770384511 -0.03598894133733737 -0.3253389121277471 343 image_000343.jpg

481 0.92082828489333 -0.02535250579131953 0.38189780329611384 -0.07474320564767246 -0.6760256994692557 -0.06911607534099969 -0.25737994201575287 481 image_000481.jpg

313 0.9131367413397138 -0.052691305484867695 0.39374908051929314 -0.09146904097757408 -0.912788367567681 -0.1390697152794038 -0.4291362852527735 313 image_000313.jpg

448 0.9018734552506986 -0.01392353187338921 0.42043941799767065 -0.09829104373585518 -1.074755094341477 0.01873169222946692 -0.03655169666705421 448 image_000448.jpg

493 0.8902151772505281 -0.027799476581624138 0.44438586807068103 -0.09625656266678949 -0.866104500805844 0.004960807285878409 0.02759424417607359 493 image_000493.jpg

142 0.8692835441223306 -0.027384494919352874 0.4863748986153339 -0.08387894822524214 -0.9946112653127424 0.03067909917736521 0.25880197657316606 142 image_000142.jpg

288 0.625225575135018 0.16792295928632653 0.24154071140973474 -0.7228782422885822 -0.17946646754058954 0.7931674756956166 -0.5609164178148573 288 image_000288.jpg

161 0.8652574084948734 -0.02236017714579916 0.4977302064742626 -0.05562651586290013 -1.010900859493837 -0.03336676235293927 0.22447352918674296 161 image_000161.jpg

112 0.8740934225336634 -0.007514639379580137 0.4778724816867375 -0.08684524453657162 -0.9917452401685053 0.04078468310253656 0.21309740751624062 112 image_000112.jpg

205 0.9255405303783258 -0.08644029505117462 0.3398872588234173 -0.14275663655640775 -0.7181043672774163 -0.18597742991160143 -0.6037033251654411 205 image_000205.jpg

339 0.6044900905436391 0.2182936374248871 0.26787516633119296 -0.7177621965483757 -0.18236853348982962 0.9118392948717162 -0.7369732997372502 339 image_000339.jpg

55 0.9005498988149473 -0.04737440862846131 0.4224898194415961 -0.09092793001964283 -0.8385438464027233 -0.04958490656443093 -0.12149716189256698 55 image_000055.jpg

494 0.8995824844344829 -0.03672178186147764 0.4240346579891912 -0.0979667840894403 -1.005756279246443 0.03966223248181932 0.07822928511145621 494 image_000494.jpg

443 0.8752982105711077 -0.03924604951551872 0.4708333226520433 -0.1030959621207361 -0.8521266002561899 -0.0018408315454054441 0.012391522297921731 443 image_000443.jpg

351 0.9109239432335424 -0.014619215551627377 0.4036857201428604 -0.08391480323240037 -0.9082423253819645 0.00840803865686543 0.025079059084346156 351 image_000351.jpg

163 0.903005806656172 -0.04474346419089108 0.41820647544720274 -0.08764635394942054 -1.0385411951085683 -0.07236728711817891 -0.239984495250533 163 image_000163.jpg

439 0.8550009672487426 -0.04435758821815544 0.5027701359898875 -0.11928086718103924 -1.1358641475256337 0.009496944161961285 0.02506539202165653 439 image_000439.jpg

173 0.8729960475220311 -0.008144639612656154 0.4790619158072706 -0.09116595341372462 -0.9837666408176303 0.054011665694156635 0.22756299497308585 173 image_000173.jpg

110 0.8933415291399933 -0.02632070442485003 0.4388126880317704 -0.09322859696080499 -0.8812217336919358 -0.016866265497321026 -0.0760085790749751 110 image_000110.jpg

151 0.8711141265268787 -0.009131887821433248 0.4865052627211565 -0.06625283156261466 -1.0813622650918395 -0.018906010151573255 0.12307695327242724 151 image_000151.jpg

474 0.9049519284256854 -0.0713196624951628 0.4079849647458517 -0.09758977340738152 -1.0543136431002584 -0.04209455942765448 -0.04873300866356378 474 image_000474.jpg

397 0.8932506641656415 0.02345958223968646 0.4459873809909973 -0.05146043294084938 -1.2495973197289363 -0.08235996307542888 0.21436552402597053 397 image_000397.jpg

83 0.8893819838219763 -0.008113845412765691 0.44865282783500543 -0.08743290928578669 -1.1881675329041557 0.008152579546416627 -0.08661670417983136 83 image_000083.jpg

63 0.8691740903863165 -0.019588124618808028 0.4857763966527106 -0.09041023977619822 -1.212810723854472 -0.003605777875607716 -0.008392678160165423 63 image_000063.jpg

62 0.936893676530496 -0.06350395059568255 0.33776032549252827 -0.06415179340405253 -0.8970360068138966 -0.0745106362727466 -0.11260858021800152 62 image_000062.jpg

498 0.9455552230940943 -0.12764621306643645 0.28398134498955213 -0.09479640013124517 -0.6231114135591864 -0.1749550863827757 -0.37250237428543576 498 image_000498.jpg

67 0.8849127912360006 -0.0343004180804696 0.4572686590610228 -0.08159791003016408 -1.0727597955959423 -0.03890696203095894 -0.04486405760300449 67 image_000067.jpg

100 0.8790250456503997 0.006864028618620978 0.4762904779574154 -0.02037785989508089 -0.9905667326689882 -0.08219888722087362 0.2056997734085413 100 image_000100.jpg

113 0.8192583363901601 -0.07151561942088429 0.5524492323341038 -0.13601891468071317 -1.285338297539524 0.038591525789226803 0.15631730692757723 113 image_000113.jpg

146 0.8968122832318112 -0.02698107483354725 0.43649674500420377 -0.06686050937452373 -0.8370413588780246 -0.07895496082721831 -0.17767779658171357 146 image_000146.jpg

327 0.8660108555005571 -0.07768101882947943 0.4814942887890069 -0.11024564678405872 -1.1606661621710075 -0.009337288412574744 0.05449245628100163 327 image_000327.jpg

45 0.5971484438495095 0.16826159090008852 0.2910987723716214 -0.7282605133650237 -0.26224085986192563 0.8691797983322662 -0.9702167751456539 45 image_000045.jpg

345 0.932146627048963 -0.05666071147630471 0.3479680184535886 -0.08252582538624625 -1.020157246007696 -0.08251264362485353 -0.2584740011498573 345 image_000345.jpg

401 0.8822646824433581 -0.01114503623590878 0.4626658633207286 -0.08616899546110708 -1.044340808734523 0.023564891245388637 0.10829339025259455 401 image_000401.jpg

221 0.9122498195292356 -0.024953762804888206 0.40072056482731916 -0.0812440676599623 -1.0522554674890585 -0.013821281863240482 0.08731768094315495 221 image_000221.jpg

347 0.9575659158700369 -0.09734607749731768 0.26009884854177096 -0.07707038857787268 -0.7642510606227053 -0.26321388642905186 -0.9624582755594642 347 image_000347.jpg

396 0.8665580197823628 -0.091493989819878 0.46703695921843175 -0.15027482557287558 -1.3963620585674559 -0.06503994900999861 -0.36524316398223006 396 image_000396.jpg

159 0.8834836177541335 -0.07262217036874917 0.447219233857095 -0.11906993684272661 -1.314393728299503 -0.12941454238374 -0.38037265501458783 159 image_000159.jpg

363 0.9586532557321319 0.024490797181138682 0.2804891797633977 -0.04135157072324909 -0.9814872576837526 -0.02224310890664176 -0.24590257875200028 363 image_000363.jpg

75 0.8925016114748695 -0.04637627235280507 0.43778295577112974 -0.09816394948942612 -1.3101019573683481 -0.04489646125121626 -0.37754183205409364 75 image_000075.jpg

333 0.9318158249273882 0.0602769519352511 0.3535951145326414 -0.05528519388291245 -0.9149381978374928 0.004602905844790547 -0.3457872680004458 333 image_000333.jpg

20 0.9928096053730057 0.016308397083329262 -0.1175080368382632 0.01596866272414752 0.30336616560912233 0.10291450696600107 0.5518234747892554 20 image_000020.jpg

268 0.9866635067065884 0.03714803752418078 0.15767771138187306 -0.01590271451278642 -0.1545078130026023 -0.004265675980147675 -0.22922350175520564 268 image_000268.jpg

74 0.9413943333123471 -0.01489440410728823 0.321882757388912 -0.09973147869198377 -0.9104961627511854 -0.01951329102172572 -0.17908470463421977 74 image_000074.jpg

219 0.9923646480404352 0.022248157866067583 0.1207972283593909 -0.011200600909466495 -0.04584628949287048 0.028836900014966867 -0.38754043858381887 219 image_000219.jpg

22 0.9439806836865579 -0.17127636169977536 0.26641193628599813 -0.09267983945213976 -0.6215920600395826 -0.49776444842436746 -0.43865406877866736 22 image_000022.jpg

281 0.9981993131458095 -0.006320757597173269 0.05561908091702122 -0.021556951699579913 0.2167277956565701 0.1482225257914348 0.4401517480590074 281 image_000281.jpg

346 0.6749727438116893 -0.13073149848103113 0.6887926379802761 -0.22996903355334047 -1.8186215544117028 0.12823067310094557 0.44132539635745616 346 image_000346.jpg

60 0.9875146387611842 -0.020300717768966095 0.15340428389659733 -0.029493195344429374 -0.177406316716663 0.005073036809108845 -0.24146859502297482 60 image_000060.jpg

487 0.9988100564922407 -0.047979212090280346 -0.008660999726549995 -0.0012000918124032906 0.2362856441285569 -0.051590452458638095 -0.2695061176770537 487 image_000487.jpg

