# Image list with two lines of data per image:
#   IMAGE_ID, QW, QX, QY, QZ, TX, TY, TZ, CAMERA_ID, NAME
#   POINTS2D[] as (X, Y, POINT3D_ID)
# Number of images: 529, mean observations per image: 12.913
416 0.942700992357603 -0.017740259652658696 -0.2956144804881458 0.15366260417341795 0.6370702457680586 0.029484177511454122 0.04528689788648832 416 image_000416.jpg

234 0.7504748681637504 -0.17175666557492775 -0.17102759113600563 -0.6148468970099144 -0.13751910614747498 -0.5387423042436188 -0.24168462301699783 234 image_000234.jpg

139 0.9008229857159974 -0.04062140580109054 -0.3734535786216684 0.2177160445209772 0.710489165034234 0.09092352572337907 0.077569244074785 139 image_000139.jpg

235 0.7867034010370899 -0.2771428897575575 -0.26942838654583506 -0.4813501017532923 0.09873311299477264 -0.7467847660504703 0.07168011922341355 235 image_000235.jpg

459 0.9210688162247822 -0.015607401704667954 -0.36532963535562163 0.13387638708865007 0.4767888509082657 0.08534882443125749 0.2468503400745421 459 image_000459.jpg

270 0.9200174286083241 0.012192091531973356 -0.3662090793541802 0.13896112096186705 0.4756481725625697 0.1334989842769132 0.388388584446742 270 image_000270.jpg

464 0.9456176899665234 0.06149944920364842 -0.2897823367068632 0.13435477645574928 0.6015818583718642 0.13035816722474272 0.26765862402526663 464 image_000464.jpg

273 0.9188204896050675 -0.003359160618893012 -0.34569322879259734 0.19040437733111903 0.6987871910938264 0.04580201734698034 0.03247312782556949 273 image_000273.jpg

29 0.9206424938126234 -0.06510166622694774 -0.32948076644943936 0.19905171758366658 0.6946410017001778 -0.027471179035127656 -0.05682391515777979 29 image_000029.jpg

108 0.9172416785997858 -0.041768976961118864 -0.34592733868120573 0.1930216206956387 0.6966349155553406 0.03296438898163927 0.07775830638719822 108 image_000108.jpg

395 0.734213487581229 -0.11663712530390469 -0.3204132866458854 -0.5870789425089058 0.1185722883139842 -0.6239038918488757 0.4814059728002385 395 image_000395.jpg

82 0.791278565974539 0.019434098341915253 -0.5567325010910508 0.2520901503926021 0.5441413063840366 0.1788492097184467 0.4263351110108945 82 image_000082.jpg

181 0.9129638323332602 -0.019296810364527992 -0.3707686400813578 0.1692786873148477 0.6121598554861962 0.07591795094310667 0.17935761635306002 181 image_000181.jpg

502 0.9300945964732076 0.02794187704730462 -0.3469182660382939 0.11743518345460237 0.325675803087819 0.06442903281573215 0.3031065803692966 502 image_000502.jpg

162 0.9360696862562697 0.030970090810324678 -0.3312875223518502 0.11429342000264998 0.3322929421493359 0.060541028186147705 0.2939236782811472 162 image_000162.jpg

503 0.9594872114368735 -0.040213660458238515 -0.24900747309597696 0.12554859012668715 0.5148336086231959 -0.10065521433508888 -0.03594915415427419 503 image_000503.jpg

233 0.5822023546541683 0.18581434863877136 -0.1958470084263809 0.7669141321141302 -0.038511195267740994 0.5695986541591805 0.0661871621361618 233 image_000233.jpg

155 0.756049736918286 -0.2416351862755856 -0.2935805429404327 -0.5327397900633937 0.04153715209279853 -0.7523625400832412 0.054072158005674054 155 image_000155.jpg

101 0.8948325853290695 -0.0012950988861776687 -0.4407359727254916 -0.07088556952222688 0.49652109908886366 -0.11512727642981439 0.5196265943574855 101 image_000101.jpg

475 0.7872379993018574 -0.31698010933140797 -0.24456939621776747 -0.46900509507800425 0.06523662951939498 -0.7671470051727531 0.12488703023778697 475 image_000475.jpg

349 0.9059938039504409 7.524972288559688e-05 -0.3755232686376568 0.19533935253397458 0.7305929508504092 0.32571123899435084 0.5671849355835151 349 image_000349.jpg

289 0.9602373023184398 -0.09823601658166899 -0.22049466058130252 0.14027161104416638 0.7465798651406443 -0.13479509846934407 -0.16733870956639785 289 image_000289.jpg

388 0.9386494075831294 0.09551634840661738 -0.3027248094492624 0.13480210730484768 0.764071938620962 0.22290752911436895 0.5847687632120362 388 image_000388.jpg

31 0.9192287193126288 0.05490060924020308 -0.3585173653008101 0.15319849349109868 0.7141374168074034 0.22740804135802903 0.5872106328812516 31 image_000031.jpg

137 0.46734010324436265 0.3499444444801369 -0.3062230784132214 0.7519039453016739 -0.22786708582859325 0.9281221772003416 0.5826494233476311 137 image_000137.jpg

180 0.8605794255169986 0.08286941455844439 -0.4720344548978572 0.17239256571389736 0.5409470568981285 0.2576499090681633 0.9076620701476436 180 image_000180.jpg

462 0.9159310288760876 -0.06877449764150785 -0.32331981623682643 0.22760653779417966 0.6881319229799238 0.07642703520724597 0.018913662066525783 462 image_000462.jpg

304 0.8954777825427076 -0.007072398326596784 -0.3978561225304154 0.19944929623529234 0.6628466020848345 -0.012065253863585215 -0.007660005227750677 304 image_000304.jpg

505 0.8898496480425764 0.0684013229486795 -0.4248233972208868 0.15170344845062358 0.6217309120688741 0.22607668249343751 0.7526856868353958 505 image_000505.jpg

489 0.8972941505318306 0.08309044714450034 -0.40818447585787376 0.1460979902158489 0.6148684267018061 0.2140286021602705 0.8016710607265144 489 image_000489.jpg

157 0.8582870256050699 0.06055906121296709 -0.4693157242021821 0.19854147435890182 0.44256579482298153 0.2929690807597159 0.8590173024284848 157 image_000157.jpg

116 0.529794032985641 0.3142263139146357 -0.20750787951545266 0.759947734874137 -0.2529090515980608 0.6229882969743558 0.5980993462109422 116 image_000116.jpg

156 0.8799032059659585 0.08119893050954653 -0.43006306122971444 0.18499413890523145 0.6547596695668603 0.25757780954217147 0.7631112839294407 156 image_000156.jpg

206 0.9415040103915066 0.013852552660833808 -0.30325496988313166 0.14633774560671117 0.6209450787670383 0.17991571878991763 0.4053642748902787 206 image_000206.jpg

59 0.9065234355328269 -0.0007314891199019774 -0.3752486843347216 0.19339895089166045 0.741689444757449 0.037756236398205766 0.27537837351163297 59 image_000059.jpg

357 0.9078573211518352 0.002296364084245963 -0.37329455457864125 0.19089523715824866 0.7427130447857272 0.0338142001390884 0.2734673673119486 357 image_000357.jpg

385 0.918726060840881 0.08684681016549403 -0.3619218268068547 0.13195696319512293 0.7298424227880622 0.2005588562144053 0.7458996401448429 385 image_000385.jpg

2 0.9999998211860497 0.00029785753082358377 0.00014272734193704288 -0.000491546904088011 0.000525133671185816 5.5184588359075285e-05 -9.052827588831871e-05 2 image_000002.jpg

290 0.9304325260058357 0.07580065335164822 -0.33823667083929737 0.11893494803867476 0.8069000554002989 0.17988024870755734 0.6612607847923453 290 image_000290.jpg

226 0.92058183197208 0.12336203983284333 -0.35043251875459397 0.12044891944288065 0.7936141479136436 0.16452781973494862 0.755959818449718 226 image_000226.jpg

133 0.492748311400853 0.2541747890174877 -0.2538055107471836 0.7925761712108012 -0.35767307789577907 0.7202987214453073 0.623444995582311 133 image_000133.jpg

99 0.946344639707964 0.022959568797825188 -0.2988783619476152 0.12073273083511601 0.6007170685869796 0.09130631164902946 0.26701502236395147 99 image_000099.jpg

231 0.910485940577488 0.023560517352532426 -0.37125874532955216 0.180630017259204 0.7456971973748241 0.04750480215183178 0.05910353961383508 231 image_000231.jpg

40 0.858200666713189 0.0470368278930355 -0.45313513933317545 0.23653270913249816 0.8283658492678795 0.13759595331923113 0.21315925105689132 40 image_000040.jpg

79 0.9251322342458722 -0.022548648976942903 -0.3461749008018712 0.1542233439420092 0.7529042549339373 0.007824271479883828 0.021804840296011374 79 image_000079.jpg

495 0.8802538480032637 0.03144426665407975 -0.4518945916770638 0.14126464628059443 0.6411172577329358 0.19513277313639316 0.7938616267753742 495 image_000495.jpg

368 0.9039386097251644 -0.039307063717154346 -0.36588359622175015 0.21789711198528133 0.733538128826158 0.08596072300383173 0.06852758674735954 368 image_000368.jpg

239 0.771751087296699 0.011595104787531452 -0.5890903716898628 0.23924536991791637 0.7512002300700141 0.30749293866893607 0.8804665027690732 239 image_000239.jpg

373 0.9335842291693655 -0.08532112635383197 -0.3027434956785386 0.17171824174029698 0.588189999941014 0.03123653858238831 0.059859051256368256 373 image_000373.jpg

24 0.9311770359360042 0.05657508904388212 -0.3398576378817689 0.11918625735170868 0.5081668828844826 0.18136241278438403 0.6562314933759964 24 image_000024.jpg

253 0.9177565552595057 0.09789926813110111 -0.36355003204759606 0.12637246416116954 0.672901879159949 0.1499262573822986 0.6781303303687216 253 image_000253.jpg

158 0.9437407202611776 0.03611620946187943 -0.3011306315845698 0.13179305885781162 0.6783790961773578 0.22177167604741785 0.556238860304381 158 image_000158.jpg

