# Image list with two lines of data per image:
#   IMAGE_ID, QW, QX, QY, QZ, TX, TY, TZ, CAMERA_ID, NAME
#   POINTS2D[] as (X, Y, POINT3D_ID)
# Number of images: 88, mean observations per image: 1005.523
226 0.4945171866189749 -0.1096391837696046 -0.8377741614162928 0.2038785324256 0.6714650896467996 0.2814323205197323 0.7077394444017453 226 image_000226.jpg

34 0.5440425911812702 -0.05927665881831881 -0.8149682530548354 0.1906060943749066 0.6997413152607572 0.2470872758299601 0.5757198341183138 34 image_000034.jpg

37 0.5607998226974228 -0.0811915336205217 -0.8044926488243239 0.1780535641836747 0.6888604487302 0.2779475883432218 0.7230040854575399 37 image_000037.jpg

166 0.5047086905796468 -0.07318357653105957 -0.8403773464747499 0.1835189835182161 0.6991444512129792 0.3283189192911153 0.8511675584772811 166 image_000166.jpg

8 0.4494656626952561 -0.0651377531961263 -0.8692620803510619 0.1952463234742693 0.6357027642797083 0.3154210525584066 0.8228721505022459 8 image_000008.jpg

205 0.5060375752146132 -0.09989736905229715 -0.8315295955442223 0.2061674558736313 0.5840795317214763 0.2711372918250646 0.6313742271375213 205 image_000205.jpg

46 0.5498296424715712 -0.07197210969540146 -0.8080896724546558 0.1987421972247072 0.6989932692963479 0.2854478665215366 0.6396755369632662 46 image_000046.jpg

211 0.5552148004444201 -0.06423902321847152 -0.8120488082319823 0.1678886723767168 0.6773431150043778 0.2558283806919491 0.7357335075962191 211 image_000211.jpg

116 0.4952053132223074 -0.06940610615785521 -0.8446794638966685 0.1909740648769817 0.6588960615602213 0.2617530594375591 0.6721651914253345 116 image_000116.jpg

212 0.5206080036100865 -0.04517877409922431 -0.8382497170972869 0.1557677653891518 0.7027438816643659 0.2569273979603898 0.8623299846091299 212 image_000212.jpg

86 0.5589733318161821 -0.1030139487140669 -0.7963475736460351 0.206803004418999 0.8045579181939708 0.3467698069571851 0.7367971913647475 86 image_000086.jpg

151 0.5410088475949087 -0.1113633099615129 -0.811817859998049 0.1893657894304909 0.7245068714663481 0.28841666720889 0.7152411602932714 151 image_000151.jpg

117 0.3316767614365366 0.1203858154792166 -0.8673071656778923 0.3511069092429767 0.1671257578792482 0.6154384081842155 0.8054821632235922 117 image_000117.jpg

57 0.4487083274716243 -0.05191257289832656 -0.8702287852659413 0.1966412543879283 0.5194698671459551 0.3133110747542677 0.8074568227353 57 image_000057.jpg

218 0.5236054263826423 -0.04433591276119465 -0.8312696709536934 0.1812799449879149 0.7476084072105101 0.2904977080967554 0.7408589713445085 218 image_000218.jpg

94 0.519940138905951 -0.1102326605675616 -0.818088241436953 0.219642076390775 0.7006561284195714 0.3070748102482432 0.6405892480534299 94 image_000094.jpg

144 0.5332805063958849 -0.08003363848805639 -0.8249650249794284 0.1692312789327164 0.6915105035321371 0.243181953758601 0.7107848923924903 144 image_000144.jpg

18 0.4724825760225662 -0.0673676369640356 -0.8412392701710215 0.2540439079511433 0.8040911972530334 0.2821157139961326 0.4434085498616492 18 image_000018.jpg

149 0.5255652132018281 -0.1238535121025231 -0.8077841894094194 0.2364872460665781 0.6690732567309426 0.1661143357014199 0.3235192110134806 149 image_000149.jpg

173 0.4942646220223985 -0.02149855800701815 -0.8559783789317518 0.1501376375931262 0.7552322234390052 0.2660981708929567 0.8096008707581573 173 image_000173.jpg

178 0.5107085491822121 -0.08027001187001184 -0.8317305091221704 0.2023804911100957 0.7624531976799135 0.3097694688846212 0.7483318496529691 178 image_000178.jpg

186 0.5445717672939867 -0.07004650983318766 -0.8115102384965301 0.199965520882471 0.6653443465806745 0.3094229419533847 0.6836798008334127 186 image_000186.jpg

59 0.5112819905157547 -0.02655297060780329 -0.8487779139278563 0.1321427968314031 0.6940224020776889 0.2202963827256521 0.8930627145136999 59 image_000059.jpg

90 0.649133952131287 -0.1009334658999506 -0.7333503630297981 0.1750279768948467 0.5373235560250254 0.1726066699106662 0.3903147235271825 90 image_000090.jpg

183 0.547242658559091 -0.06406846712372494 -0.814046261127928 0.1837100675445845 0.6719016994210519 0.2784455461358082 0.6921611619508103 183 image_000183.jpg

189 0.424909881838445 -0.06113694921097049 -0.8805410727922475 0.2009011818857516 0.4812779573027566 0.354094375207591 0.8751217798764724 189 image_000189.jpg

191 0.506917953090784 -0.07361961457872272 -0.841672962318847 0.1708829005048391 0.6548309587212856 0.2822127058084145 0.8223540413590906 191 image_000191.jpg

202 0.4737529311411957 -0.02952911193495244 -0.8700280173382813 0.133181983878744 0.5833669155245328 0.24760126757134 1.055870116441827 202 image_000202.jpg

225 0.4563987481959074 -0.0661366784227355 -0.8717940769833983 0.1652307772452855 0.570295644667056 0.2537034307142388 0.9552492328685884 225 image_000225.jpg

132 0.5787032317293558 -0.05605835439073552 -0.7943697556528458 0.1758883787890498 0.7047875070273022 0.3060154272307331 0.6965313779161407 132 image_000132.jpg

139 0.5603681064757466 -0.04522481017639293 -0.8151549415546955 0.1395160315098471 0.6575536175109089 0.2068588049570432 0.6968572802948815 139 image_000139.jpg

45 0.6507539497935755 -0.08002600514235665 -0.7369801166161277 0.1642420258079366 0.5222511366587079 0.1666816628213724 0.3989694626587739 45 image_000045.jpg

55 0.4282825618805859 -0.05408290599134337 -0.8839221690454345 0.1798073567420079 0.4630876739076375 0.2994013623047483 0.8586009850734568 55 image_000055.jpg

102 0.4584097389067842 -0.0897784697611719 -0.8556971664220278 0.2226717247880138 0.7138199393499645 0.2712418923944513 0.5882582370950777 102 image_000102.jpg

230 0.4885752358828817 0.1764969536691135 -0.7152267398462777 0.4675401317923142 0.2449380492519009 0.3286357632321331 0.04891533640293894 230 image_000230.jpg

119 0.5306799381743887 -0.06753733478101084 -0.8268248740823424 0.1737185632816001 0.6772416174104321 0.2708992453578695 0.7220354176004538 119 image_000119.jpg

122 0.5025376975064961 -0.1854698908983116 -0.7961696265656919 0.281372898284971 0.5441297270133403 -0.03307586666437284 0.02680967438675319 122 image_000122.jpg

131 0.486763179165429 -0.057116701555511 -0.853709997902208 0.1760071853476309 0.6842302173383021 0.3128598111406248 0.8678313200118009 131 image_000131.jpg

47 0.5397285261754801 -0.07566882649651809 -0.8140077413564749 0.2008948574274969 0.6838206805779896 0.2837655051860974 1.006048058446311 47 image_000047.jpg

58 0.7096042903602112 -0.06357920917760629 -0.6925469517836932 0.1131289301542554 0.9481284900377618 0.0913316691318562 0.3752112536578941 58 image_000058.jpg

125 0.5930996199228573 -0.0309765715392675 -0.7942495881640796 0.1282220127911921 0.801777972256432 0.1976789759974195 0.7202068257079089 125 image_000125.jpg

143 0.4874609375011971 -0.05849374030094458 -0.8554068901068032 0.1650435370254386 0.6608422919997543 0.274547911531032 0.8431572823524462 143 image_000143.jpg

161 0.5555160365179114 -0.04811019628645585 -0.8207884409101827 0.1240712595766687 0.6483919215007543 0.1389064129924439 0.5998419460356704 161 image_000161.jpg

167 0.6903706372825853 -0.01806130210204067 -0.7185644374441444 0.0820202522856158 1.010837585356955 0.07839418350377778 0.4636708380573228 167 image_000167.jpg

193 0.5425216391353637 -0.04219398918632734 -0.8289930174664532 0.1290756186825672 0.7366889458307968 0.1924457946972206 0.7899643927723706 193 image_000193.jpg

145 0.5313325736745558 -0.03604697094102022 -0.8411414440622773 0.09416678352358053 0.6952189145229078 0.1155622972941115 0.8097741570462289 145 image_000145.jpg

7 0.5858013219390721 -0.08918860853118769 -0.7820746157571649 0.1929805656302964 0.6583137051244441 0.1212031109068407 0.2713390582059844 7 image_000007.jpg

171 0.4533156907897063 -0.02595664362664484 -0.8735546296682914 0.1753095722446013 0.7720329322014723 0.1642487929747843 0.4060391611625505 171 image_000171.jpg

177 0.3343239014308956 -0.006737858801090787 -0.9335461037914539 0.1291270780533569 0.3556579971286467 0.2067093497228458 1.028061627810201 177 image_000177.jpg

216 0.5151569327060181 -0.0522828348565957 -0.8469372759920264 0.1207356219161983 0.6416724113960703 0.1255854137598638 0.5990124476305112 216 image_000216.jpg

24 0.3702305039245495 -0.00289243594218097 -0.9219976819351456 0.1133193817681361 0.5508014016111746 0.1759287626796329 0.987203972165954 24 image_000024.jpg

72 0.4057179811215313 -0.02191053723264296 -0.9050374821677654 0.1257775974658353 0.5615641011220681 0.1892314604710776 0.9484111271421691 72 image_000072.jpg

154 0.5109610090602402 -0.03444339611841849 -0.8503196565986297 0.1211981076005696 0.7064776771776229 0.1461718854058011 0.6665776598031919 154 image_000154.jpg

140 0.4177177178448744 0.002749769490356811 -0.9011953894686152 0.1155474662929951 0.472198721710606 0.1831006379801827 0.9661919809520281 140 image_000140.jpg

23 0.3813619325906428 -0.007812130953459601 -0.9184705434366097 0.1044696502337157 0.5118940204874243 0.1534195352270451 0.9653444076176793 23 image_000023.jpg

153 0.6575903963978433 -0.004620468245875187 -0.7487103682482354 0.08358412717800009 1.038058864317619 0.1091337661177962 0.5172273439469778 153 image_000153.jpg

180 0.4714888814688554 -0.03254367493196943 -0.875464860684837 0.1009971364903424 0.7287943726554752 0.1090715703936778 0.7621342031399173 180 image_000180.jpg

228 0.5541299768034594 0.01577610201418796 -0.831257205368706 0.04126187023929647 0.6915198552863389 0.02071303600917646 0.754302536672359 228 image_000228.jpg

31 0.2898919975820008 0.00410037598093702 -0.9533198547515921 0.08442198286664304 0.3718244232864235 0.08895622631261542 0.84417072604804 31 image_000031.jpg

5 0.2495892063476275 0.001579116420673308 -0.9640366262018778 0.09130234283627327 0.1973483653005963 0.1005161632585032 0.9021796532072325 5 image_000005.jpg

150 0.4059734864454438 0.01426250504199608 -0.9113133336078647 0.06700833710650292 0.3862180591401632 0.07674091074002126 0.9809172010190945 150 image_000150.jpg

30 0.4224300447448326 0.004700723337395982 -0.9045178385078021 0.05812263172085213 0.4030389382576076 0.05091420270803254 0.8637965891069441 30 image_000030.jpg

215 0.5174244368933003 -0.08000838076778048 -0.8266618499769063 0.2061572140511406 0.7293643933808847 0.3698141285251178 0.8402368289164738 215 image_000215.jpg

106 0.2641633527668805 0.02539397372804056 -0.9607110500964452 0.08128436120094623 0.2490141484049971 0.1231197640638552 1.111697172142869 106 image_000106.jpg

210 0.4260561386643134 -0.1326247712218877 -0.8344520513325498 0.3233830712818729 0.6661195151203398 0.1838877416615964 0.2372153440973561 210 image_000210.jpg

99 0.3587714308978107 -0.006327445790048432 -0.9279333709079203 0.1009092808257782 0.5638293691199245 0.09217859063960387 0.6254936954387708 99 image_000099.jpg

233 0.4966245049122635 0.01092495345100572 -0.8658175851210456 0.06003878586300269 0.5519839504443007 0.03488075909456803 0.4888424935540158 233 image_000233.jpg

68 0.4141261447286552 -0.007797205179829005 -0.9055086071655141 0.0921569432692686 0.4812963147287224 0.0754990527573349 0.5834081758918412 68 image_000068.jpg

137 0.516384487073721 -0.04052539859236592 -0.8424190923857162 0.1484413229615193 0.6100127403488924 0.2438199097263131 0.8174632595435948 137 image_000137.jpg

174 0.5583397170029984 -0.06255077947442068 -0.8190693693615909 0.1160582981856962 0.6035783313770158 0.1482098661469605 0.640797636928122 174 image_000174.jpg

48 0.7158561783765501 -0.002233798546136367 -0.6943642642768515 0.07350653385545354 1.095588842498275 0.08468893362000041 0.3831422105329101 48 image_000048.jpg

51 0.7415219967202245 0.005030258880110198 -0.6677900602022167 0.06462399222247497 0.9984323094137684 0.05878578091099752 0.3537335759592664 51 image_000051.jpg

168 0.4057478244742528 0.03135131388208673 -0.9133430883056596 0.01379134136181165 0.5574452514685742 -0.02281404218548146 1.009885604372575 168 image_000168.jpg

115 0.4419602845006196 -0.04889622069928774 -0.8756135082277176 0.1886299306435935 0.6791335399286504 0.359531938455833 0.9319565313291859 115 image_000115.jpg

203 0.5261539076671431 -0.05130236205122575 -0.8378848337128647 0.1359379951614907 0.7424515441415843 0.0671032335882593 0.2833145723747941 203 image_000203.jpg

70 0.8964682690941174 -0.0675176312369643 -0.4262721858239611 0.1003894196238262 -0.06686103527637122 -0.01885061739773123 -0.04038109560667524 70 image_000070.jpg

133 0.5243491633082009 -0.05863029515644459 -0.8306461342219982 0.1778972825253609 0.6964206198581059 0.2881787388506007 0.7891380451559326 133 image_000133.jpg

121 0.5301110846117465 0.008698004904216588 -0.84697010541884 0.03934746763444019 0.734467809106784 -0.004306226686414893 0.2410106115768159 121 image_000121.jpg

69 0.9739324706584577 -0.0278581089077344 -0.2227677108389625 0.03246560291702436 0.1131682643219329 0.009329743105297703 -0.06376404803471014 69 image_000069.jpg

22 0.7845317984835272 -0.1048532896615621 -0.5966637116453092 0.1323180260621902 0.1678867277204457 -0.05116299615248095 -0.1572075794169951 22 image_000022.jpg

192 0.851729387912765 -0.1513101520856847 -0.4774414351297623 0.1539868944514008 -0.07093920155584432 0.04405535490769504 0.09046921955705331 192 image_000192.jpg

