# Image list with two lines of data per image:
#   IMAGE_ID, QW, QX, QY, QZ, TX, TY, TZ, CAMERA_ID, NAME
#   POINTS2D[] as (X, Y, POINT3D_ID)
# Number of images: 86, mean observations per image: 1227.860
167 0.9847971487290954 0.12150784722043392 0.11934414701877621 -0.034167250779723775 0.3616806526653926 0.06771734108353428 0.4116734225705494 167 image_000167.jpg

90 0.9970284918343147 0.0011820997436778962 0.06894791677204173 -0.03433620419025234 -0.17418814969501142 0.12275384417859782 0.27027417572363904 90 image_000090.jpg

47 0.9950419455577736 -0.014756790342396766 -0.08436927113006872 0.050552956292096815 0.1353980380390417 0.13644769847402036 0.6350915137720742 47 image_000047.jpg

7 0.9999824413753703 0.0007869627413772782 -0.00554158396052646 0.0019486639478754279 0.011060698519145252 0.004325785506025186 0.01861392411824295 7 image_000007.jpg

154 0.9902412432597106 0.09488688878557733 -0.09966958672923124 0.022016705159152546 0.1433355491851125 0.07251730051050671 0.3214686738682929 154 image_000154.jpg

173 0.9890214633147488 0.0823624166791729 -0.11105118423092843 0.05215948043421953 0.22071721737261768 0.1532469960042085 0.47353309880027095 173 image_000173.jpg

180 0.98296329267279 0.10825498904736632 -0.14686687030485915 0.022229114564480096 0.2153178002721024 0.05729766048094977 0.36722377030681574 180 image_000180.jpg

94 0.9962216703966753 -0.03114770642353861 -0.07937116069395536 0.016505018375476632 0.1161380943812831 0.17439606295355042 0.3502335279138342 94 image_000094.jpg

131 0.9911105600676535 0.03927561346421427 -0.12015070323932277 0.04148606358997647 0.14218766453705162 0.19311960940444406 0.5360444135213892 131 image_000131.jpg

133 0.9958467690908867 0.035830841850502865 -0.07709385475659328 0.032586732410808096 0.11513924271996197 0.1731853694751136 0.5045464393025464 133 image_000133.jpg

139 0.9967596530733924 0.06815072622533763 -0.04089127836929827 0.012392834351226041 0.03596201903710768 0.13798508774878454 0.44173346813414666 139 image_000139.jpg

140 0.9707778741989297 0.11884137125214965 -0.19627220681404856 0.07031538642867378 -0.014033096142353124 0.09401195357203031 0.5361815541682577 140 image_000140.jpg

143 0.9907561917260936 0.04893994541084933 -0.12201789941638047 0.0334466441559956 0.11390518384088831 0.16304959564049226 0.5066607822139739 143 image_000143.jpg

144 0.9970330318496865 0.025273994838390396 -0.07214308012943778 0.009040812285542873 0.09834345528699473 0.15787315588581313 0.4313288696359276 144 image_000144.jpg

145 0.9904965869052017 0.11093147234194069 -0.08130270451975458 0.0007705386146715231 0.10947856160937423 0.08623743276060009 0.5117017144719446 145 image_000145.jpg

149 0.9955234977030083 -0.06169358913857982 -0.07006735324228036 0.014745806098914849 0.07087179967624399 0.0040248380556584164 0.00872049194042061 149 image_000149.jpg

23 0.9618041846372457 0.11944106990467647 -0.23772845249105123 0.06443387131905426 0.08059669975320777 0.08131493391476824 0.49950687712926267 23 image_000023.jpg

151 0.9980067284464251 -0.005122240900928837 -0.06251970887669273 -0.006901129194582434 0.12492833831011828 0.19956164615965086 0.45421527015065305 151 image_000151.jpg

153 0.9876604733260129 0.1329268093117401 0.08167606754473622 -0.013648283678972598 0.4035343570248983 0.08741484012042469 0.3556116851600929 153 image_000153.jpg

161 0.9956729833808953 0.0780267906013099 -0.05039409733611266 0.0027516343662018967 0.030373056054872966 0.08287762429061638 0.31698968500883584 161 image_000161.jpg

34 0.9977741059155131 0.02462987489620581 -0.051793683221835536 0.03402387873480008 0.10034427310059343 0.11246874800838279 0.2938248288341817 34 image_000034.jpg

37 0.9990456000501537 0.021051980774485984 -0.037874522581339894 0.0054974722385018986 0.06872239584572051 0.18552492186548825 0.4850995276414323 37 image_000037.jpg

166 0.99424476806727 0.02170052618853501 -0.10078639958594857 0.029129473975525167 0.13741938802184092 0.21921346657139867 0.5558140703757537 166 image_000166.jpg

46 0.9985736206803275 0.00802347459793593 -0.045037873183601626 0.02753070795605143 0.09242769594172456 0.15914541405076227 0.3855360246643978 46 image_000046.jpg

45 0.996854255551919 0.024400590772204314 0.07138272579207258 -0.024304313588949435 -0.19141538409860107 0.10968592400293545 0.2746509746908484 45 image_000045.jpg

174 0.995177654292574 0.08325866289187926 -0.04982412703413949 -0.014387572373243252 -0.027104592248720933 0.10977221511217278 0.3739444118343358 174 image_000174.jpg

177 0.9497606622965973 0.10564630726931377 -0.2807178226005257 0.08939269117043762 -0.03584552164803906 0.09634442902573548 0.5191774892593363 177 image_000177.jpg

178 0.9953490624280249 0.0035152231746192306 -0.09077520748126412 0.03205837082777476 0.2041252236651429 0.17218383076254878 0.4438674252936593 178 image_000178.jpg

55 0.9807556518529096 0.03207538321081485 -0.18276063277223634 0.060729387108817166 -0.04475624190439639 0.1646915067992975 0.45467824633906057 55 image_000055.jpg

58 0.9855452166174145 0.06932137158159223 0.1435273836357705 -0.05740258517633732 0.28303957990158096 0.09303924760828712 0.3575501737371883 58 image_000058.jpg

59 0.9909010742576527 0.08694888084062433 -0.09651344881188319 0.03521539688801673 0.13031923242161797 0.14292283975511633 0.589260478112095 59 image_000059.jpg

186 0.9981910350801553 0.008946306283782629 -0.05082098447799198 0.030852132545663456 0.05868172028843371 0.18034215119275226 0.4253380578722505 186 image_000186.jpg

189 0.9807169029151963 0.012390530288581203 -0.1827592093448322 0.06811687522815837 -0.020780117354164185 0.20024262435642537 0.4825210275522164 189 image_000189.jpg

193 0.994716824440958 0.07969538287529472 -0.06334596384743647 0.013205568124551972 0.1457819985431414 0.1298094097216351 0.5149775341779507 193 image_000193.jpg

202 0.9854666551998951 0.09009952167224643 -0.1378004670738624 0.04181612416192647 0.04080314960971257 0.16128307807637743 0.7268465745740316 202 image_000202.jpg

205 0.9949918080884752 -0.011685491431493153 -0.09715778211535382 0.020374875652733382 -0.0043251983502954824 0.13742457413724896 0.31391538802402885 205 image_000205.jpg

211 0.9981621967889919 0.03861668065995185 -0.044342016446289864 0.014654806747169236 0.06232958662816223 0.16224027801828111 0.49009363782701276 211 image_000211.jpg

86 0.9990695257224759 -0.023118084070634135 -0.03590940327744707 0.0060128242698211124 0.2020404630623792 0.2548477791126404 0.5286264454863732 86 image_000086.jpg

216 0.9920366130134824 0.07839471723937318 -0.0982976602566216 0.007429849681534723 0.06279537003500375 0.06628984794138912 0.24527922013412568 216 image_000216.jpg

218 0.995428050073783 0.03637855437993884 -0.07522362480441973 0.04627088810953757 0.1787495525393272 0.16720899970649766 0.4527040661110331 218 image_000218.jpg

228 0.9818948638484446 0.18189830822912068 -0.05267519542018197 0.004561126278787092 0.08368049476356659 0.017300867684178017 0.48097934366465833 228 image_000228.jpg

125 0.9963226859262178 0.08522353671208593 -0.0014053638224561984 0.008722376117112537 0.17770023907388025 0.13879706102839656 0.519347542694363 125 image_000125.jpg

116 0.9931119488976599 0.01764962715111005 -0.10924506687592048 0.03850516370361863 0.10116817135417074 0.1256473248557767 0.333244637758992 116 image_000116.jpg

183 0.9980492720731802 0.026518200467162942 -0.050309327078750785 0.025756712961231224 0.06365340112201333 0.1637271042459115 0.4377734697981907 183 image_000183.jpg

18 0.9890795996779889 -0.032338509170844756 -0.11877331328712241 0.0810472900645855 0.29901201645940556 0.05200180043985164 0.07090957356513788 18 image_000018.jpg

24 0.9587419336825168 0.11877632929587242 -0.24694347164184136 0.07566380309884867 0.14217132310434566 0.08848667377086031 0.4993531998631027 24 image_000024.jpg

48 0.976931776715338 0.1366351455144612 0.16063663662296604 -0.03363055837929521 0.44631072114648296 0.07662821069964071 0.32961946674414844 48 image_000048.jpg

72 0.9708084563504124 0.09597866380958579 -0.21139909181289074 0.06024490116820217 0.1039685057934554 0.09831972944558928 0.5062690285220206 72 image_000072.jpg

8 0.9857851654959825 0.013694008547195905 -0.1578312920944572 0.05594073355018171 0.127710135237846 0.17285408886208437 0.4518852042176064 8 image_000008.jpg

137 0.9931497515708636 0.06783943060358633 -0.08966296954650861 0.03181089823406027 0.024663555258711473 0.15136342516149057 0.5108417023100787 137 image_000137.jpg

57 0.9851539879310777 0.020218907737844207 -0.15662140167165112 0.06732419818781306 -0.004360631069330739 0.16024311069164487 0.43506043017308865 57 image_000057.jpg

191 0.9941905019649356 0.030221815442152248 -0.10113124311161821 0.02107986819326189 0.08358411591426142 0.18506960904767142 0.5135598560064841 191 image_000191.jpg

119 0.9965479384302967 0.03539973535860063 -0.07240416318497764 0.019917121010084998 0.08535221852206093 0.1603857596725948 0.4347607589135996 119 image_000119.jpg

102 0.9878269220141114 -0.02267371080054281 -0.14566136596697685 0.049665447411647114 0.20425556991156787 0.09556116614848999 0.20013592410579598 102 image_000102.jpg

171 0.9841512946514286 0.05412877423498045 -0.15169524676738896 0.07419482316304848 0.28916950622071524 -7.38411377365876e-05 -0.04656039063034077 171 image_000171.jpg

212 0.994142356832453 0.06029688103157955 -0.0840503555993452 0.03131775447806838 0.1280571720579855 0.1594758724129411 0.5757983527131088 212 image_000212.jpg

132 0.9996574214497529 0.02296579911639906 -0.005352463822505521 0.011356093534987519 0.05869021678235204 0.17736303309870177 0.4912518495588525 132 image_000132.jpg

210 0.9758928674773535 -0.1285838287775952 -0.15750315017734157 0.07932256501886105 0.17332948657995484 -0.13085715688134142 -0.1687736439249324 210 image_000210.jpg

233 0.9787933760467982 0.1658972821663992 -0.11724861525835262 0.026351065019414442 -0.019063422047842216 0.004678466745946207 0.08201069498813247 233 image_000233.jpg

99 0.9544692544976129 0.12805206992123325 -0.26075807797404 0.0677962713000812 0.17204286990493733 0.009675204931104488 0.08473890110203551 99 image_000099.jpg

203 0.9938726259429995 0.07159937151698438 -0.08313512013743522 0.013390152686596627 0.16922163520628514 -0.026082273574825173 -0.09398433456929121 203 image_000203.jpg

150 0.9610081520484876 0.16764104329426974 -0.21333353788153434 0.05337251189904138 -0.10138716586429333 0.03589056183305467 0.52484387432038 150 image_000150.jpg

30 0.9650922607560968 0.1656125338577823 -0.19927471087786927 0.03819681651978347 -0.10250053341769638 0.029414998003899573 0.4584714459800688 30 image_000030.jpg

226 0.9934318420630684 -0.016855942958131743 -0.11226308848431032 0.01435471956423686 0.10977572112659456 0.1566175738103128 0.3802255468241845 226 image_000226.jpg

51 0.9693778493740878 0.1456207197774793 0.19347585755134453 -0.04084470807074444 0.3361018387892644 0.051917779183875745 0.3818580626700629 51 image_000051.jpg

122 0.98827765778935 -0.12394802947101492 -0.08902040573246885 -0.004417839761942917 -0.06804482696283742 -0.2499325885213513 -0.34902587184695977 122 image_000122.jpg

121 0.9796184182050147 0.1836827895998605 -0.0812261695139979 0.003271701499739702 0.15639395722308908 -0.008989842441665508 -0.15845873337939897 121 image_000121.jpg

68 0.9680659641100832 0.13409551226983313 -0.20608068205507002 0.048963653747187294 0.0008193851720092876 0.008323783542937863 0.07770265967838115 68 image_000068.jpg

225 0.9865815070896087 0.04343188666884979 -0.15286926955182312 0.03743799596713862 0.033231581293038964 0.15462618203832967 0.5645808314649644 225 image_000225.jpg

182 0.7127650723024231 0.1234849457760224 0.6735589791894676 -0.1517751876235445 -0.38392571608292464 0.018979859707142666 0.521576316763219 182 image_000182.jpg

74 0.8225004202550615 0.09930104274341557 0.5390698848209217 -0.15177626790893736 -0.2812994279782036 0.042933462915006444 0.3002369537273605 74 image_000074.jpg

168 0.9516855144354602 0.21538992115598501 -0.2157459443417252 0.03681755005241383 0.09768908622951653 0.0012172115006034157 0.5694160831726061 168 image_000168.jpg

115 0.980243025572677 0.04713216237909293 -0.17892010502861838 0.06992682883431664 0.2154881651532895 0.24156238598860974 0.7815989549279874 115 image_000115.jpg

170 0.8138480910931724 0.07389193568252128 0.556361509089936 -0.15050970994077909 -0.2658989340822592 0.060691952189329296 0.4229455899783586 170 image_000170.jpg

14 0.7006715856462263 0.08868266146868939 0.6818766474486334 -0.19036539629409593 -0.27493438736426384 0.10794560511809755 0.7312027449124444 14 image_000014.jpg

82 0.7730534283053361 0.09100578344963912 0.6070762734258673 -0.15988991526498106 -0.28483778269274956 0.057099876218846934 0.5141154699286143 82 image_000082.jpg

69 0.7593148991743089 0.08461291682025389 0.6223266779626974 -0.17026758166291636 -0.2996488289261035 0.09100903143215326 0.6469421714461255 69 image_000069.jpg

100 0.7328325295801713 0.09666415343655142 0.6510341242622897 -0.1725313776818771 -0.34609640732778874 0.08472512088408823 0.7657037038284586 100 image_000100.jpg

117 0.9278119238416767 -0.0027682208503387058 -0.2021810640218339 0.3134967158616353 -0.16753531081012257 0.19298872470876832 0.42521043350932886 117 image_000117.jpg

31 0.9300935239762025 0.14127329607134792 -0.3288466195314746 0.08263038723892842 0.050611886569552844 0.027182741730020978 0.26128561607010437 31 image_000031.jpg

106 0.9182638682660375 0.15599133493924514 -0.3490162181596618 0.10317879272950474 -0.054129561631474254 0.06834038491133265 0.5607685556130152 106 image_000106.jpg

78 0.950978613059898 0.07582152077744024 -0.27572792971640786 0.11774919476162836 -0.3263811638905566 -0.13433779730109874 -0.4367080727050072 78 image_000078.jpg

80 0.8968803466825646 0.12167456676487363 -0.41217098382884865 0.10447972344947283 0.17384714256441242 -0.07102853887189288 -0.3845901770154575 80 image_000080.jpg

79 0.9835701695370764 0.08325384182547191 -0.14696289967642062 0.06372143533179886 -0.6238948740946479 -0.1571517820666674 -0.5180840603913665 79 image_000079.jpg

