# Image list with two lines of data per image:
#   IMAGE_ID, QW, QX, QY, QZ, TX, TY, TZ, CAMERA_ID, NAME
#   POINTS2D[] as (X, Y, POINT3D_ID)
# Number of images: 260, mean observations per image: 899.458
385 0.8882237564883717 0.022610653471544385 -0.4422470610752591 0.12233096074442418 0.8389809242655735 0.16810293988477212 0.39895727732609304 385 image_000385.jpg

270 0.8770475103304741 -0.04783483213862837 -0.45800168847808526 0.13687209221646215 0.6846884010989975 0.1039486743069844 0.18677420814534132 270 image_000270.jpg

279 0.8830953929912954 0.0304084115419707 -0.45776226630885936 0.09834411641762496 0.8225291194099797 0.12298198975776561 0.3937314018377605 279 image_000279.jpg

386 0.8404563206525235 0.07753321955317755 0.5189699158861627 -0.13524795587485583 -1.1552633146797 0.4556441687520905 2.570587031595484 386 image_000386.jpg

514 0.8216601964818164 0.06911634243819709 0.5496770699354584 -0.13398721323531762 -0.9952040531427695 0.33208273910433056 1.9867689675342637 514 image_000514.jpg

8 0.7777520330110533 0.02670220149770941 0.6003463821471166 -0.18431763690340444 -1.1411055357431419 0.7179153648917074 2.5934967673331233 8 image_000008.jpg

521 0.9197345802752429 0.06092494840986145 0.37238213716596946 -0.10820349452456524 -1.7270924363100753 0.4218048367444327 1.669040718585268 521 image_000521.jpg

523 0.9331591113262686 0.0655382990138468 0.3063862606705284 -0.17619948682722542 -1.4081346439929374 0.5584447438023084 1.1068738427620164 523 image_000523.jpg

528 0.7630519358635816 -0.0017798082419041097 0.6103083414791062 -0.21277290699295845 -1.0037373818414648 1.046924637769862 2.9034596979380667 528 image_000528.jpg

278 0.5773090155638045 0.02104793274811279 0.7752472015426302 -0.25546639108514424 -0.8171493395565678 0.6204902645877921 1.9549488671926374 278 image_000278.jpg

409 0.904769064881963 0.07613750228031575 0.40428354696451246 -0.11023080106102436 -1.2641758290487892 0.2571861051742268 1.1882126000220425 409 image_000409.jpg

281 0.7672539264775619 0.04304273337244394 0.6136841297819324 -0.18127472105836023 -1.0622628070196793 0.6547077676609943 2.778777185180022 281 image_000281.jpg

37 0.8498236693866554 0.009589285049931047 0.4956474958930105 -0.17900094636819208 -0.9663932742235997 0.4900192013900371 1.2868850607241262 37 image_000037.jpg

421 0.8298721189709836 0.025909076103260344 0.5297545820350494 -0.1732081596123981 -1.0987703461822662 0.4851020503910101 1.534467582532453 421 image_000421.jpg

39 0.9225297356849724 0.03905562270591582 0.36478677052550157 -0.11976715011252327 -1.3251382552553697 0.3612731139368283 1.1404028369603023 39 image_000039.jpg

423 0.9023815747804951 0.07867002841586115 0.40903888210721473 -0.11047942300821732 -1.6703358419256304 0.38596402923977696 2.0063876227041684 423 image_000423.jpg

425 0.8343773549528213 0.07502315307791567 0.5242752532855234 -0.15271351225725663 -1.0848156512461642 0.4814387686128461 2.313679570819572 425 image_000425.jpg

176 0.9205903698011101 0.03868750778084105 0.3746027510796635 -0.103389753840684 -1.2410598926399268 0.3190976551167952 1.2346855047715908 176 image_000176.jpg

314 0.8512288719175968 0.04855313178734672 0.5028923631307538 -0.14195516357274007 -1.0723464186755014 0.5046377342547338 2.1065015597251002 314 image_000314.jpg

189 0.8424995088758191 0.06799231748358847 0.5136020066611802 -0.1475960626430547 -1.270537690340565 0.39154328544038225 1.6484618267048985 189 image_000189.jpg

457 0.9047640766412884 0.07612674408878621 0.4042935521462807 -0.11024248568689016 -1.2641694352640886 0.2571968760300694 1.188214308875323 457 image_000457.jpg

461 0.8502517186679425 0.04412023707526311 0.4993518206589875 -0.16054026740141256 -1.041726164854281 0.5833271582918629 2.0932725424943617 461 image_000461.jpg

77 0.8475568104281056 0.06566452799887297 0.5114808096340029 -0.1253914464739832 -1.0133300816864463 0.3466905451408645 1.93071646884993 77 image_000077.jpg

208 0.8402230274992941 0.052227120764113795 0.5167905427883385 -0.15564424100256435 -1.4530228187096614 0.5362814217717881 2.1613447274591633 208 image_000208.jpg

211 0.772107562992048 0.030977106905108766 0.6095010496545733 -0.17719710519344323 -1.0932546757293955 0.6745561393506596 2.7490366062939757 211 image_000211.jpg

343 0.8027606797428415 0.019932411787774235 0.5698153496717105 -0.17460943605275786 -1.1986500689315207 0.5166407975878153 1.5569796672063865 343 image_000343.jpg

90 0.8325442099689606 0.07446102550745949 0.5271793188903875 -0.15299559178528352 -1.068559220636628 0.48142660173962915 2.321134349465256 90 image_000090.jpg

476 0.9041559020196382 0.10432781958377216 0.4023099415765349 -0.09881554003425981 -1.822647839824802 0.28438831525144104 2.0478825822501254 476 image_000476.jpg

95 0.8496021467014545 0.010703768735461083 0.49644145112689353 -0.17778496094600385 -1.1444025768845274 0.590253895937831 1.6020211151078632 95 image_000095.jpg

487 0.837850592120256 0.025917982289392016 0.5181348947476367 -0.16991431545997662 -1.2850610522510835 0.5007814814051362 1.5032962272643746 487 image_000487.jpg

106 0.931253389916908 0.09738316097137262 0.3204519019082116 -0.14350682816287913 -1.195661833931886 0.3035091282496356 0.5953911909506571 106 image_000106.jpg

363 0.6457013209650067 0.06580700114499632 0.7394181613358433 -0.17888552992074216 -1.4861580552288414 0.3271712068642083 2.0879036212401725 363 image_000363.jpg

506 0.8605527528287765 0.054350193215686196 0.48612523499799365 -0.14204675194422647 -1.236060874621156 0.4261978206157033 1.7754965820359323 506 image_000506.jpg

17 0.8850107904150659 0.06825969887361531 0.44275224599854196 -0.12675547937331824 -1.6145846887724702 0.4893172071876868 2.3096754670109774 17 image_000017.jpg

20 0.8814084002102249 0.08447945852642214 0.44874866164138405 -0.12085977969946561 -1.5927510397686915 0.41245458120527767 2.3396073584202988 20 image_000020.jpg

426 0.7957890561421411 0.04318836858887326 0.5758043843864873 -0.18249348452209288 -1.2261450214039817 0.6758612300910948 2.48377716619224 426 image_000426.jpg

350 0.7752715602945764 0.052406134746402024 0.6062394222220102 -0.16935579924207883 -1.128583792140968 0.6403137106539802 3.2150834457389106 350 image_000350.jpg

258 0.8918660856362896 0.05886065852741949 0.43128760947936123 -0.1228873591498259 -1.1383189045391209 0.3247646962905111 1.3300186317020213 258 image_000258.jpg

361 0.9525225842827295 -0.015559001251480952 0.2824252925555421 -0.11267027020478444 -1.048823249943268 0.22423334386236765 0.4117023173351808 361 image_000361.jpg

264 0.8666939764054173 0.003197501032362982 0.4778907122363502 -0.14300975166384752 -1.0222013318466112 0.2815007087140568 0.8830623962816024 264 image_000264.jpg

329 0.9169813788019276 0.03165465509546762 0.38288864566890535 -0.10742169122668363 -1.0597890390980669 0.2882950329728599 1.0259558975538 329 image_000329.jpg

303 0.8521925787139633 0.012553523573649644 0.4949204166472861 -0.16930446185302778 -0.7981801426395139 0.29954881194380145 0.778878424325343 303 image_000303.jpg

342 0.8843594415824576 0.03337437187629335 0.44565853748438194 -0.13484432773216887 -1.2211689490591822 0.37059239545920974 1.3086613359247448 342 image_000342.jpg

25 0.9525319027632765 -0.015601214320581477 0.28239842501944257 -0.11265300991776392 -1.0488080553023233 0.22417444131470615 0.4117206980143294 25 image_000025.jpg

154 0.966592765923685 0.0692006498281378 0.23582458876875367 -0.07277673681174714 -1.12378613289091 0.2154911783702676 0.7180374686630746 154 image_000154.jpg

382 0.8752367517700658 -0.003256424379888558 0.4540879109055489 -0.16659591258328638 -1.0356639044270013 0.4346052341552124 1.0619549971148141 382 image_000382.jpg

420 0.7447892831490515 -0.0018539160158213112 0.623218082759599 -0.23850516555226464 -1.1192546712300693 0.71070486161092 1.5988031520324706 420 image_000420.jpg

485 0.8094711034978892 0.04276963129950599 0.5554135320722641 -0.1855885391558165 -1.1247843248503124 0.663152142979193 2.2115388000389196 485 image_000485.jpg

132 0.9280614947789764 0.023563881438675847 0.3544415982150171 -0.1118828088373238 -0.793067867707318 0.2514256037687482 0.7214700997585451 132 image_000132.jpg

12 0.7643111854900808 0.02400852988887991 0.6171627398720951 -0.18537026732456116 -1.024378003415405 0.7946788843927047 2.7408340630746593 12 image_000012.jpg

152 0.9292220535820602 0.04834356119420884 0.35534256951904997 -0.08911191512134319 -1.3124126718493359 0.24498022946177878 1.0980264203689951 152 image_000152.jpg

287 0.8987407563014385 0.02320777255221714 0.41791207991384194 -0.130674977859158 -1.2885283138720012 0.33506594801977485 1.0687808114440733 287 image_000287.jpg

32 0.9266163556008215 0.03815722947173248 0.36050876393961373 -0.09979772391126285 -1.2142438485192426 0.2589819026237641 0.9561873180376751 32 image_000032.jpg

293 0.9612375065659468 0.02106929795545261 0.2566001478173929 -0.09866560167484062 -1.0952299602680986 0.3282551787132852 0.7823961270795255 293 image_000293.jpg

47 0.11145015052199156 -0.3559215949970553 0.03513213535558981 0.9271808799479799 1.2837524935718752 -0.20876197118440987 0.6269255610714997 47 image_000047.jpg

61 0.8834362984382172 0.09048244657573193 0.4432419201194595 -0.1220238771447273 -1.5590023274525295 0.35465840514430846 1.951600254017623 61 image_000061.jpg

322 -0.4522695467388131 -0.24288248774721782 -0.37690269537817456 0.7709764691053875 0.44978730031168607 1.0727079695921637 0.5777973847411093 322 image_000322.jpg

330 0.8934080249070148 0.08190121842142876 0.4272891559230741 -0.1119744083985812 -1.1478680177514784 0.19643129063013925 0.9607111519720918 330 image_000330.jpg

460 0.8740301738584376 0.06341849111469043 0.4632633127968878 -0.13204721636150268 -1.1816978851427309 0.37159726049126335 1.617831326635306 460 image_000460.jpg

348 0.9623376554697379 0.1058155174637634 0.23908409144554343 -0.07448571962889192 -1.0866354144402137 0.15531245013190437 0.6445632772513102 348 image_000348.jpg

115 0.9312269275007934 0.10508082701835625 0.33080238375630766 -0.11110456486536581 -1.7178367439695217 0.3721922606833423 1.8104511563691905 115 image_000115.jpg

123 0.873565841571151 0.08461519076510907 0.46083891489046686 -0.13172117442399553 -1.297944062379012 0.38139419852279166 1.900678670362914 123 image_000123.jpg

14 0.776139567705578 0.05452118275738135 0.6073571080910121 -0.16047477668526663 -1.1455037116026936 0.579736624703901 2.9327029090556977 14 image_000014.jpg

315 0.7705969590970244 0.04937247819127072 0.6116450072778927 -0.17214256204922818 -1.0951633733033028 0.5965807840319763 2.6891772132482457 315 image_000315.jpg

60 0.7319726601687948 0.0406468577490088 0.6524071169434413 -0.19216875981697953 -1.0898903800408657 0.5598127332728173 1.966539595245662 60 image_000060.jpg

205 0.5706935398760922 0.015740235391828415 0.7570740227095263 -0.31764760136094533 -0.7088827356523368 0.7465222715748905 1.4375758837819321 205 image_000205.jpg

384 0.5024690636217003 0.005048071696233351 0.8172794383010834 -0.2820526289558823 -0.5166938314535853 0.6248795543644319 1.7583653409786293 384 image_000384.jpg

161 0.4514189231208137 -0.004279384057385143 0.8654595897383515 -0.21721498732267058 -0.38115811590585114 0.4963160888950473 2.499586549925974 161 image_000161.jpg

439 0.4343594789244935 0.010575308232675811 0.8559574498116913 -0.28027997508074165 -0.4471192797380008 0.6885997496296179 2.188013743527657 439 image_000439.jpg

448 0.5177057815402315 0.03951845492655438 0.8178421988517828 -0.24809917427119577 -0.8219490506897543 0.5877731844499876 2.2793936379336577 448 image_000448.jpg

84 0.5793881685319237 0.02295420843598881 0.7801301902491917 -0.23490286615300446 -0.8397679078500014 0.5600338992065983 2.1219659575678222 84 image_000084.jpg

89 0.860612340574968 0.0745662737908593 0.4867381363510797 -0.12989326514113078 -1.2233257328620948 0.4197662275367594 2.090694742387485 89 image_000089.jpg

351 0.5340651980446335 0.033664745554605344 0.810816062595681 -0.23710412639184145 -0.7122200641698633 0.5710500866931709 2.3798383116398774 351 image_000351.jpg

100 0.47721758619296656 0.005707211655260363 0.861775273297374 -0.17197150667041944 -0.4904700559025579 0.2690754121915003 2.54892121037677 100 image_000100.jpg

494 0.5143981378397672 0.018865900191327896 0.8168221183600519 -0.26046156676751353 -0.7148651816581961 0.7193341386742249 2.388374207224042 494 image_000494.jpg

114 0.508258050035758 0.005654656924874339 0.8250618690590059 -0.246809018123548 -0.5112586684918309 0.5955271365395718 2.1916535593491604 114 image_000114.jpg

479 0.8671703601680001 0.03873082170586178 0.4665178960516093 -0.1699310514460403 -1.0924820826519441 0.47943423267399987 1.380805363041995 479 image_000479.jpg

354 0.9518452859881655 0.0003242731922322761 0.29219444106237297 -0.09280541767075436 -1.0021306372420058 0.24503854692228413 0.6425645314852817 354 image_000354.jpg

122 0.829751729500968 0.07662458222709094 0.5282593063576873 -0.1630424652620442 -1.3289386453993242 0.4285315113083832 1.4888044051054794 122 image_000122.jpg

372 0.9672885094235535 0.04851805684606338 0.23855465336174592 -0.07134847288957888 -1.1496301040166133 0.20302562436586155 0.7150510749522736 372 image_000372.jpg

510 0.892975810800354 -0.04040075232616927 0.4220390744459905 -0.1511456374463349 -1.1294517438072795 0.22179870943205884 0.4951844164677858 510 image_000510.jpg

340 0.9542423666515334 -0.08598261577243446 0.28113933229048554 -0.05467323751885555 -0.9747127117672859 0.13211499970277615 0.4358892867675552 340 image_000340.jpg

341 0.9371145191327341 0.030088854492748365 0.3322018826357538 -0.10272754500011114 -1.2022880702632204 0.25900822983497107 0.8664082535966459 341 image_000341.jpg

141 0.45949618805454523 0.007527460637852371 0.8470574933201157 -0.26702098513965644 -0.4094319624698427 0.7083278402732628 2.4506303239571325 141 image_000141.jpg

142 0.4566194287447293 0.00782109003396195 0.8555754277537574 -0.24377900525935317 -0.3903874297690868 0.6250592649751718 2.5199029423149093 142 image_000142.jpg

400 0.8537907220275117 0.1008694005866762 0.4958567253795198 -0.12244534320065492 -0.9403954720947301 0.2958975627359242 2.216440058232246 400 image_000400.jpg

146 0.5070338042470961 0.008709085484566595 0.8309826392490174 -0.22871101436420413 -0.46881411733035494 0.48709089252331905 2.1028641525691802 146 image_000146.jpg

274 0.48199016530674954 0.011813158023174931 0.8401689608925345 -0.24831839930449853 -0.4493554229198391 0.6318914470086002 2.464243046888411 274 image_000274.jpg

288 -0.27748135618744824 -0.5295408739041371 -0.5085238371093256 0.6196725634314668 0.5178042785713854 1.1719404613531745 1.642119853151157 288 image_000288.jpg

175 0.457261480762239 -0.005217039267754761 0.8382306825859756 -0.2970758278566073 -0.3709588612984849 0.7878341534030914 2.1232778863331223 175 image_000175.jpg

179 0.9679507396425617 0.04071608843243342 0.24081921208771023 -0.05847786190280094 -1.0352001051593118 0.1464969478710286 0.5354337828549907 179 image_000179.jpg

447 0.6291414561080101 -0.0018789092671814577 0.7425869067325153 -0.22965669751274462 -1.2378471353503246 0.5863633782741811 2.0144706850577236 447 image_000447.jpg

493 0.49330991521454043 0.021597948280397093 0.8317447702873965 -0.2537311345396413 -0.4307612724095077 0.6218140329717938 2.323700328789198 493 image_000493.jpg

497 0.8358312595478445 0.07906533025782962 0.5273145892739313 -0.13066787607825836 -1.0095021174639147 0.42280709215922513 2.5981360166941467 497 image_000497.jpg

126 0.89874337719404 0.016809445591957472 0.4095460925547337 -0.15572340632932763 -1.1912774502305705 0.32224309790966954 0.6945562550111959 126 image_000126.jpg

327 0.4589855108797985 -0.018592630861337885 0.8393333622938871 -0.29069936669895663 -0.6040825028714149 0.8263973054797014 2.2150082727905316 327 image_000327.jpg

456 0.5816838152344916 -0.00211796638596157 0.7415107651824914 -0.33436692236185644 -0.8435830524973453 0.7377549690825311 1.2780899144116273 456 image_000456.jpg

145 0.49959954776047144 0.01540728833274836 0.7912872573269325 -0.3521752096656547 -0.8737416796272223 1.0194567916127586 1.8892280352876398 145 image_000145.jpg

159 0.49185631705246885 -0.002029757554987168 0.8194754943658275 -0.29416514523215465 -0.9634916638069273 0.6739858732959711 1.7355642012916206 159 image_000159.jpg

62 0.5973192451559537 -0.006381229330027849 0.7633145775377659 -0.2460078633695589 -1.067019292186496 0.6840906314038728 2.180453505592467 62 image_000062.jpg

498 0.6302169696475033 -0.035789837223265196 0.714069050760062 -0.3027392290636592 -0.9464089858790815 0.8924500678779348 1.7308234524838304 498 image_000498.jpg

318 -0.4023104621366706 -0.43617688008694827 -0.41349040341654125 0.6905951565123488 0.4682631453131219 1.1305955986293412 0.6725622770382159 318 image_000318.jpg

7 0.772526824151296 -0.009566111831239845 0.5973006870182004 -0.21527350137616028 -1.1373669207513637 0.6545758389882366 2.5833112918614605 7 image_000007.jpg

345 0.5862630115859896 0.007981675960463399 0.7682253893266323 -0.2570248620722111 -1.1478005852120907 0.6660711222368042 2.002674883990002 345 image_000345.jpg

520 0.879213465989264 0.03225805120437952 0.46927012681880914 -0.07568795452098956 -1.1477126656532795 0.107960464984484 1.048159513174154 520 image_000520.jpg

268 0.729398117013099 0.0779461644253596 0.6631826532051113 -0.14863233541246582 -1.0564189169884182 0.26787904923065997 1.976835023572474 268 image_000268.jpg

71 0.9385064080613407 -0.0023082857160299976 0.3192416694595243 -0.13147295275607562 -0.9148226836992155 0.22452374633090919 0.3945675679108507 71 image_000071.jpg

309 0.9692949781449641 0.03850981963208056 0.23346466687835812 -0.06692162061861968 -1.080722505765392 0.2188774550367078 0.6580552999526212 309 image_000309.jpg

311 0.9096210425235042 0.0014085511550228059 0.3893144425013582 -0.14498909957742825 -1.2400164215363447 0.4370717972922023 1.0501785124913001 311 image_000311.jpg

483 0.9054620911632728 0.026261050243735578 0.39043056150231986 -0.16435553004609135 -0.833886647659328 0.38031931000942154 0.8589602734490694 483 image_000483.jpg

375 0.9703325996089751 0.0058502163138843535 0.228098462795205 -0.07994686479080569 -0.9897060438715198 0.2101965520851105 0.4977354323356706 375 image_000375.jpg

320 0.8728191891045614 -0.0030597581465254754 0.45223289419195656 -0.18347405034562317 -1.2170929912062898 0.6305755330160521 1.4426200941474256 320 image_000320.jpg

225 0.8119034303906782 0.03982415956950491 0.5572757933662617 -0.16932381738088867 -1.082007291871602 0.5728200265417379 1.4395727487762935 225 image_000225.jpg

513 0.9011849437292594 0.012980793598484768 0.40733822363196526 -0.1475559368464809 -1.82046661983131 0.600049653448556 1.6400747280291144 513 image_000513.jpg

173 0.4613172466482525 0.02944306344176834 0.8538224550643377 -0.23938825288443089 -0.4052053654827852 0.57105896491733 2.5302792443199476 173 image_000173.jpg

190 0.9168772689347225 0.030975719428176982 0.3796053086928379 -0.11948386166203498 -1.2429038471437026 0.2715896281932166 0.84465327313737 190 image_000190.jpg

191 0.9239932703997865 0.019953069933402484 0.36482666644906664 -0.11287079289982495 -1.2740171874663266 0.26042143084928704 0.8006524457630944 191 image_000191.jpg

110 0.49948693146615647 0.02249603799344752 0.8290803425816439 -0.2502649079222669 -0.4830203785981114 0.5869186666345072 2.2086610655619516 110 image_000110.jpg

112 0.46361163910120246 0.0279340302373315 0.8537837459732146 -0.2352387296330005 -0.42646645002796946 0.5482012789531068 2.522366705637732 112 image_000112.jpg

339 -0.24457508142142564 -0.5633099934396864 -0.5266652461295401 0.5877828101849045 0.4395822577812084 1.0335887432299864 1.4518682767590387 339 image_000339.jpg

313 0.5430254793625154 0.008165553747260697 0.7980360838733959 -0.2611418188299373 -0.7630867556688108 0.5690776089033425 1.7842482526195385 313 image_000313.jpg

323 0.8777717732220572 0.07717581030324584 0.4299977786629156 -0.19662787147370633 -0.8701189978985535 0.26173371969270465 0.33036131163986215 323 image_000323.jpg

463 0.8956538752972656 0.08999098440739331 0.4239275170276201 -0.09995602865595384 -1.689131301492893 0.3362312256445269 2.275224355170892 463 image_000463.jpg

143 0.8898983362104221 0.08702688684315821 0.4345566173458515 -0.1080177263650148 -1.6412563648916518 0.37819793292631304 2.3959747947187773 143 image_000143.jpg

53 0.9012700723639243 0.11362235383290392 0.4057081991413085 -0.10101032315645517 -1.7090165903528005 0.2460296314656056 1.830396662203029 53 image_000053.jpg

443 0.46630409318662036 0.010963049899596827 0.8438771000959168 -0.2651636236988197 -0.26715806891702076 0.6594227985937573 2.248993718280459 443 image_000443.jpg

214 0.8813647645185076 0.08882328426133454 0.44842186444173704 -0.11926616877385049 -1.6516013762068367 0.332565797958983 1.855660444396995 214 image_000214.jpg

216 0.9200584295706323 0.06286773210413006 0.36977439608346085 -0.11316817260824735 -1.341962252333635 0.2868348502093655 1.0423081179965497 216 image_000216.jpg

474 0.5304800387449177 -0.007024064536762954 0.8008884027090566 -0.2777036634856786 -0.8627813587627321 0.7804123286979786 2.1987101986088247 474 image_000474.jpg

94 0.8909459399404841 0.05990926413686212 0.4270213938625345 -0.14240419912468294 -1.2617443888140574 0.4299632586495923 1.5013086000587157 94 image_000094.jpg

3 0.8371362517427341 0.06899756566751805 0.5246863174162701 -0.13837089382313714 -1.0559299257676056 0.5079963938928385 4.088063054490634 3 image_000003.jpg

72 0.8778407857954537 0.061766137349422046 0.4516523691833705 -0.14693755393804803 -0.9883542615275844 0.39420959538828204 1.4233194589129172 72 image_000072.jpg

163 0.5229013685331501 0.008659627215923187 0.813288733310044 -0.25506986825970973 -0.8008798842178279 0.6053985433240425 2.0078824181323522 163 image_000163.jpg

151 0.46096349709089113 0.014961120058547139 0.8598337519925378 -0.21903139570815375 -0.5180572812647692 0.46239153145594986 2.4104579092140965 151 image_000151.jpg

212 0.8516181680303037 0.0616737084176591 0.4970034062415775 -0.1546947900793385 -1.142198211950877 0.5092748476276924 3.6993243068357136 212 image_000212.jpg

266 0.8917023954531084 -0.09187254829802971 0.4039957448875776 -0.1822462732866259 -0.8696550062478903 0.18262279048300908 0.24185106048011357 266 image_000266.jpg

302 0.8265819720057788 0.08850619151268621 0.5315058124313256 -0.16257451685096852 -0.9896548394162562 0.44814277287698706 1.6647021350292828 302 image_000302.jpg

434 0.902988134823972 0.08133638341063905 0.40759509990741266 -0.10891759603404604 -1.310108503691887 0.25689094881221824 1.2793678688723897 434 image_000434.jpg

362 0.9357349902545311 0.05625460366806812 0.3300168316687679 -0.11101498993956602 -1.2553716627509774 0.2549326930065118 0.6365433512976002 362 image_000362.jpg

401 0.47978782620115984 0.027594492316520884 0.8444473619653726 -0.23653927969549585 -0.5752573776380083 0.5497973850625302 2.4157051694881853 401 image_000401.jpg

153 0.8481783075741833 0.1159625149077714 0.5064715272294037 -0.10311562815043916 -1.2960641267274704 0.18119198231120098 2.25830957123868 153 image_000153.jpg

55 0.5154653201118063 0.006484978242917675 0.816681503149741 -0.2593931453484912 -0.5175498237239659 0.648321203228857 2.1451682949651487 55 image_000055.jpg

46 0.9546884646933712 0.04763389420849015 0.27043377568920696 -0.1147454257480616 -1.230795604438873 0.2687086369408244 0.5630034358100982 46 image_000046.jpg

325 0.9718247730634706 0.0072070809214182414 0.22412990646623 -0.07259803203500727 -0.8987974359810411 0.19884817560506443 0.48346620689506 325 image_000325.jpg

96 0.6515520139252844 -0.0014438566516726922 0.7180022585010276 -0.24484818340583084 -1.0879554656757944 0.4984963838138807 1.4119671807740297 96 image_000096.jpg

449 0.9191406531047088 0.059547874079050316 0.3721088413778478 -0.11475860254526535 -1.4411530656695808 0.3526703825627551 1.331905994579779 449 image_000449.jpg

113 0.3806609416158454 -0.01230921347568726 0.8724908315016224 -0.30611350247678853 -0.3706357074607577 0.8207631200502108 2.1755018585426407 113 image_000113.jpg

359 0.9070850781073627 -0.10155596767064792 0.36999413067752357 -0.17316868834360372 -0.9300391958888772 0.2423449533698592 0.3441641014066583 359 image_000359.jpg

481 0.5532550946574956 0.02299169828795971 0.7991687025887376 -0.233900651361369 -0.5397178194055374 0.5174348064144838 2.049350029231975 481 image_000481.jpg

221 0.5400735435794495 0.02531922798624615 0.8076847383540916 -0.2352123735187377 -0.9185996454735077 0.5787453279813854 2.1491042424226676 221 image_000221.jpg

147 0.44106792896231417 -0.006371356397208479 0.847144000465389 -0.29625238890063055 -0.5450970802892349 0.7249303634313169 1.9663303712894336 147 image_000147.jpg

83 0.494902437850925 0.03415315308902984 0.8356519239552059 -0.23577748873311052 -0.8324032485551949 0.523062937650584 2.2028522340829433 83 image_000083.jpg

75 0.5065054801764121 0.009900939704598544 0.8203002204677289 -0.2654462885312271 -1.0352687322545964 0.6505457412053544 1.839826391218282 75 image_000075.jpg

333 0.5779003983279788 0.09052219086150785 0.7925734684336644 -0.17223286457171422 -1.011485352501051 0.1953821039978984 2.016953662307561 333 image_000333.jpg

317 0.5282720114073419 0.17115223176926492 0.3091022752996927 -0.7720695489065937 0.02941386057592689 0.7841851349115745 -0.07720258785295547 317 image_000317.jpg

67 0.4877182528986099 0.009415879946447863 0.8377886019168511 -0.24526007821590698 -0.6479013910229768 0.580008224912778 2.2864710059974875 67 image_000067.jpg

4 0.9678944893057053 -0.023695528894138236 0.23246467254781808 -0.09262269177185828 -0.72098368984088 0.09021019561525666 0.1394513607252625 4 image_000004.jpg

219 0.7480843575769874 0.06650167067861466 0.6408571892610969 -0.15890059486540994 -1.0853472929800603 0.3717410838994059 1.879582098630743 219 image_000219.jpg

499 0.7340965408140752 0.10393689640316986 0.6489263585727154 -0.17086245031200317 -1.0047595257694815 0.34468022483636507 2.3928449958227134 499 image_000499.jpg

63 0.4589227400606582 0.01955569658386186 0.8540750645769344 -0.244055916523885 -0.6675179897620962 0.5480692347549359 2.2285058957039663 63 image_000063.jpg

428 0.8874062157953595 -0.03364032406791084 0.4337651725941341 -0.15240177434591587 -0.9689632398128654 0.18206796918269255 0.15363275692685074 428 image_000428.jpg

422 0.8430620617681465 0.07501139716420158 0.5147581458906734 -0.13654196557054218 -1.1668584770768082 0.3417153723293494 1.5355520581369377 422 image_000422.jpg

250 0.8707599611683232 0.06781934854548237 0.47027665971296967 -0.12656026396825648 -1.3486538472429046 0.27630151840363343 1.1584517267417567 250 image_000250.jpg

52 0.68304376114145 -0.29631973537386863 0.4264333647721523 0.5136149866225385 -0.2925485645114873 -1.2151113619229446 2.173843356973205 52 image_000052.jpg

249 0.9157874406489314 0.07228968049613821 0.3791641224593736 -0.11109513871668791 -1.233752266407895 0.2360226971194778 0.9082432314973503 249 image_000249.jpg

383 0.8554445408215761 0.09468029979258635 0.4966234531768417 -0.11231845994963396 -1.2611446270656463 0.22651403627290262 1.6058075971931276 383 image_000383.jpg

336 0.9137929351317285 -0.012455601284541174 0.3904530179566226 -0.11123763217411561 -0.5961148111741865 0.11071387526940078 0.26324501555136026 336 image_000336.jpg

473 0.9462496559230302 0.047823131424265794 0.3042984516948231 -0.09862547296068336 -1.027396632770134 0.2710845300604256 0.877157124526479 473 image_000473.jpg

369 0.771651994628737 0.04703639360287116 0.6103638709600123 -0.17261725078531107 -1.1648033503866124 0.6071966824218631 1.382287532503279 369 image_000369.jpg

284 0.8042286012371386 0.08269175090506453 0.5731374491953458 -0.1337605708162677 -1.0856287090920813 0.28137341050493725 1.7586413010972743 284 image_000284.jpg

19 0.9040871623107751 0.08738141259846446 0.4046413755886639 -0.10609546688553664 -1.8258026371576046 0.3644630135647881 2.1305254941059446 19 image_000019.jpg

215 0.9242273388556806 0.06846235031145755 0.36064245312439436 -0.10513678733557436 -1.634432808257529 0.31966180173222175 1.3520808198444159 215 image_000215.jpg

74 0.6045464184146927 0.05638284268698322 0.7536759391873254 -0.2516290559135326 -1.124499749294421 0.5953223952249542 2.034541835569509 74 image_000074.jpg

257 0.8627908540974721 0.05849083256704088 0.4726808400553915 -0.16953935215039415 -1.7370696503701426 0.38450042164953563 0.7789841034765232 257 image_000257.jpg

427 0.769598497012464 0.03402630887929036 0.6107966826634672 -0.1829966736507176 -1.07425629158037 0.707642088672131 2.7510228812655644 427 image_000427.jpg

404 0.7388142510129228 -0.2359848457745508 0.28057438840264204 0.5654579711997406 -0.25851375684753264 -0.7703673825207533 0.7048485078459563 404 image_000404.jpg

87 0.8814697261004432 -0.08107483615478264 0.4256301498866535 -0.18782163358482462 -0.9042296238130703 0.1949558124718595 0.27306044715148564 87 image_000087.jpg

295 0.9329492409424978 -0.0971710371934789 0.31700427506411655 -0.14025616336695465 -0.6866291120047692 0.08158970057284065 0.09542790687215735 295 image_000295.jpg

301 0.9589751933706273 -0.07506176456300041 0.253570684654938 -0.10214796872840694 -0.6780360538184482 0.03141367179767991 0.015930481047268297 301 image_000301.jpg

319 0.54700442405848 0.24246014394972282 0.3037661973516177 -0.741434601236284 0.07722143045075368 0.8607797482128874 0.16639330618321846 319 image_000319.jpg

396 0.4650536041367234 -0.004839298093695408 0.8217317388336098 -0.32933063992907907 -0.9195198745510896 0.8489035530254094 1.7028397490057914 396 image_000396.jpg

522 0.9890521054631768 -0.010188378097664442 0.131668713991799 -0.0658443682863927 -0.5189453151952408 0.06540174045863538 -0.027008652185271653 522 image_000522.jpg

512 0.8767445561766816 -0.16404812172852745 0.3941123705097639 -0.2215460395949476 -0.9839240033508991 0.1868988856187641 0.14619600534821103 512 image_000512.jpg

452 0.9821253692002003 -0.05158941151198542 0.12367538049748952 -0.13218423669538062 -0.5147485580285943 0.05175177516859718 -0.17348821565930544 452 image_000452.jpg

285 0.9609437223514349 0.02705358645028844 0.26567088846501835 -0.07262410426196646 -0.5304613433868415 0.09142221520762178 -0.021166391114606165 285 image_000285.jpg

265 0.8882826884816901 -0.13741946609095962 0.3979336909306376 -0.18362607777543075 -0.9431194662862086 0.23282685706099007 0.3436579111640431 265 image_000265.jpg

80 0.8890571243237657 0.10085341593756979 0.4321189707302465 -0.11260202791148537 -0.9915187849819364 0.1640515501252962 1.5547612420614623 80 image_000080.jpg

174 0.8580834017344923 0.08244574507942995 0.49398339988501666 -0.11347236490135997 -1.2047175967173942 0.2910601369037056 1.558967995271137 174 image_000174.jpg

397 0.5011835574599063 0.045075347439265556 0.8424514730769616 -0.1925067336470401 -0.9520652408241239 0.2359315692401293 2.6269084664896694 397 image_000397.jpg

346 0.18667092215737507 -0.037668163268159346 0.8990863098500045 -0.3941812909730817 -0.3157083218502406 0.9644576607967936 1.7505129550362066 346 image_000346.jpg

