# 3D point list with one line of data per point:
#   POINT3D_ID, X, Y, Z, R, G, B, ERROR, TRACK[] as (IMAGE_ID, POINT2D_IDX)
# Number of points: 1067, mean track length: 9.3
0 0.6501611516199053 -0.13092212075889373 1.0634297306376952 183 193 222 0.66
1 0.2529649018854616 -0.03569312780054774 0.4532757648817247 79 95 33 0.97
2 -0.18847854240894363 0.04905746779515872 0.5489796069744413 35 26 29 1.4
3 0.21326674338594032 0.04352809647851519 0.34666184956092816 36 47 15 0.33
4 0.48092927977101385 -0.21920358125719178 0.9664038352858053 30 24 27 0.71
5 0.10068609247374835 -0.008462475914844374 0.7001884329916791 59 55 37 1.05
6 -0.05057492956081363 -0.14372657057626986 0.6632602889541079 123 139 166 0.44
7 0.2582169677804064 -0.23381205197866284 0.836827483951142 46 35 37 0.47
8 0.1955945345758005 -0.08599768156981577 0.4404454784301012 107 138 76 1.35
9 -0.06983988752231153 -0.14491947329784619 0.6514063472385596 148 166 185 0.4
10 -0.2555464451046781 -0.03282495401896412 0.513407355140514 130 124 126 1.13
11 -0.08629179435976775 -0.11374924644044823 0.6216662968439113 110 116 133 0.55
12 0.13077996106423176 0.11431270270788228 0.4351605661229021 80 87 43 1.06
13 0.1269049320118151 0.07009478045570405 0.3997261945851883 115 115 95 0.47
14 0.25773399682455744 0.1583060598594422 0.4207316973898843 176 192 174 0.47
15 0.23690145180292693 0.16689664993268744 0.4408355794562125 108 95 95 0.39
16 -0.010146884279055406 0.13468947298252706 0.40443473197756774 73 87 61 0.33
17 0.10865287668151488 -0.09610169135114634 0.4634004872543018 108 132 37 1.73
18 -0.2198571081881219 -0.042875716820644914 0.528104913078877 108 95 94 1.28
19 0.11270113197801157 0.12176852327640209 0.4609627317841978 53 64 27 1.79
20 -0.2340433329300366 0.05944477099842011 0.5288204092546148 100 110 122 1.01
21 0.6648725126209248 -0.058729713615199436 1.0425332915413705 72 63 60 0.82
22 0.7627317249248542 -0.21251665086467159 1.1388305234329072 69 47 48 1.22
23 0.4899843420214215 -0.2557779474943179 0.9669669265778384 92 91 94 0.61
24 0.2978524924605778 0.1651344942411185 0.43708358105216893 151 161 163 0.25
25 0.12415160302486394 -0.18930936561073863 0.7655509160285723 179 195 215 1.26
26 0.24859705767668785 -0.028813235024670394 0.4527032286757237 125 139 40 1.05
27 0.7732334973619498 -0.20763071339028744 1.1438935087908457 42 32 33 1.23
28 -0.028583147404824368 -0.19665711629550767 0.6789685919951391 182 201 224 0.66
29 0.10923758109530798 -0.06810720283805959 0.4325553597645384 114 136 122 1.21
30 -0.08845572014424442 -0.1431420829883486 0.6276102869878009 133 135 153 1.25
31 0.19710243908052727 0.10129293772140721 0.41605486657091095 117 144 39 0.7
32 0.1158484058762084 0.06030187079917035 0.4018866298994669 153 154 151 0.66
33 0.08655985572023246 0.027727298452870027 0.4361913819441385 72 97 38 0.77
34 -0.26746779114483094 -0.022382452668496467 0.5052790322415368 105 99 100 1.19
35 0.1596017475772787 0.020174807589840197 0.352783343500857 173 170 173 0.73
36 -0.15778545981349135 -0.014705189960968423 0.5609096960924617 135 133 131 0.89
37 0.15217055326635906 -0.2805169913096236 0.7775500013734836 95 107 106 0.65
38 -0.009424777411178186 -0.09594832969128127 0.6527316138536814 93 82 73 0.76
39 -0.25660727209552864 0.00403758150370729 0.5237067956869722 87 92 96 0.2
40 0.23151624942581162 0.12152546002869986 0.4061601997917464 17 25 22 1.7
41 0.16216164880867934 0.1326843864327844 0.44533022859231686 37 31 27 1.24
42 -0.009323151789420224 0.11657936966362606 0.47063938694051016 26 43 7 0.97
43 -0.25445299530360355 0.06221472802567158 0.48092061554074655 118 114 111 1.48
44 -0.10301123147745063 0.044754324011819634 0.5805612200020526 83 99 95 1.15
45 0.06447952867120525 -0.02236956517609452 0.6822292751931786 102 102 110 0.58
46 0.20170213752226096 0.024799038281211917 0.3328904325218784 215 213 210 1.16
47 -0.014381448770957499 -0.09543040901381945 0.6496061672651008 76 57 43 0.73
48 -0.028923998765348534 0.029195858863578464 0.6495835429598671 109 118 119 0.96
49 -0.053567936567029156 -0.2537082942497565 0.6713717566812921 33 24 26 0.48
50 -0.0822771736067866 -0.019140209615573504 0.6012109067780889 59 57 62 0.31
51 0.08578893474157531 -0.21145116488335966 0.7331708613891094 122 141 158 0.93
52 0.28864315773386473 -0.25856760910603155 0.8574889193128055 149 137 137 0.52
53 -0.05899522840789322 -0.006585254476240035 0.6355414302092163 171 182 178 0.79
54 0.5911247613709676 -0.21536034703387394 1.0272656971945286 58 39 43 0.38
55 -0.15920214216478307 -0.12776819546209314 0.5911208928289071 141 140 139 0.92
56 0.2956438303551334 -0.27101319296831244 0.8642320893682357 96 86 88 0.71
57 0.19093036114744094 -0.027888429806331324 0.453971904313861 137 133 115 1.58
58 -0.0415610047414469 0.026753681446010685 0.6372441352452579 105 118 126 1.02
59 0.12552340099267742 -0.010623507818120829 0.7196655968834446 144 161 92 1.25
60 -0.042828278737894215 -0.0015214510029650766 0.6393370032547103 87 91 88 0.72
61 0.6538846342247978 -0.13125139794257656 1.0647104641647172 115 99 118 0.66
62 0.6371144083890633 -0.11365855139552113 1.057279593318123 44 56 67 0.81
63 0.09619664707903319 0.1321272161314316 0.6796765866731302 120 121 122 1.51
64 0.29969639057561154 0.16603870674450896 0.43093173210442676 31 28 25 0.34
65 -0.2547603283977267 0.00872005034581303 0.5122314582828453 70 61 63 0.74
66 -0.18420321951431515 -0.02227851061272383 0.5439114763970029 26 18 17 1.01
67 -0.02888021521389302 0.02729225145430096 0.6496132950926221 212 219 226 0.92
68 0.3118039163083023 -0.25801835556369296 0.870553986086515 136 107 105 0.52
69 -0.18925478766546663 -0.07044646154504525 0.5575465565273164 125 125 127 0.99
70 -0.25494862756097275 0.036964553653778785 0.5075410253803343 35 32 39 1.6
71 -0.26349897641575404 -0.026222856386194305 0.5099181975682103 84 77 79 1.2
72 -0.04982138563448478 -0.1207591200066257 0.6571809602580998 150 175 208 0.55
73 0.2067155125178127 0.03776195769468656 0.3426906483528516 133 160 51 0.63
74 -0.2575201031134942 -0.021919243062120126 0.5306676690714025 56 50 41 1.1
75 -0.1930285956370073 -0.017846806572743696 0.5480828172573372 55 50 45 1.03
76 0.24743205098830343 0.04405408408077003 0.35669419943730807 177 175 60 0.73
77 -0.022223550748156188 0.018437324902320907 0.6511330678371878 88 91 95 0.98
78 -0.09084004288615648 -0.04107204050542091 0.6031183014994947 142 130 133 0.29
79 -0.11522197242749853 0.04008353206429041 0.5211099621356187 49 71 16 0.67
80 -0.15919845283088652 -0.12435064563108093 0.5880156070164315 50 53 67 0.72
81 0.20744803282629984 0.05137458822465939 0.37629690829642864 97 100 84 0.52
82 0.24307737902152982 0.11508419221712922 0.3979012233771107 71 71 59 0.85
83 0.10375072915956271 0.17808281584742 0.42085133474801234 57 81 59 0.51
84 0.1401184985701357 0.10731518572931646 0.4301853093786859 53 65 26 1.08
85 0.26088674696982056 0.1602391513474763 0.39689582338980334 119 133 77 0.44
86 0.21561796631276994 0.12636004795486436 0.4101143979240949 77 92 28 0.57
87 -0.05863661850398995 -0.01673946788537967 0.6224843706532287 25 20 16 0.75
88 -0.009813510660874663 0.06370881167054876 0.6293935713292382 65 64 58 0.94
89 -0.21624798451993874 -0.01867892720321969 0.5461319302795203 72 66 58 0.56
90 -0.08086739488344016 0.038871247918186705 0.5945609986559064 128 128 130 0.68
91 -0.03419719751148317 0.002129246438230306 0.6422687460555003 112 121 115 0.69
92 0.5450251006198343 -0.2562214042905416 0.9978924284150769 105 98 95 0.46
93 0.19854660654112516 0.17795825662293868 0.4728189461632633 119 97 96 0.1
94 0.09012842260806407 0.1840195322823765 0.42275009464392393 64 81 37 2.34
95 0.2066847678152273 -0.03496868503650717 0.44076143098086595 115 145 47 1.55
96 0.11929795032204521 -0.11647857049865984 0.7518422664972705 70 72 71 1.17
97 -0.23394534409290957 -0.048780632834443644 0.5308751899528055 135 124 125 1.1
98 -0.020365446529443627 0.04628653848798574 0.4600643018811529 79 97 71 0.37
99 0.6469366622220901 -0.07573113239579057 1.0500017797018624 157 159 186 1.06
100 -0.2608970199264305 0.04800216320551508 0.4844601302069577 68 61 62 1.21
101 -0.06855229576041745 -0.170388231660256 0.6537230308623008 87 92 92 0.64
102 0.1838954001119638 0.029789636950485344 0.34134094396416087 207 205 69 0.41
103 0.21953975006816 -0.25282048678445357 0.8162321521211314 171 165 166 0.59
104 0.3189812155759909 -0.23611843351505035 0.8702484157522996 93 84 88 0.38
105 -0.08079693040523231 -0.1282697796919549 0.6387681918589778 108 160 198 0.59
106 0.2786592787035005 0.1624944846644332 0.40115257012151306 172 177 177 0.88
107 0.0940393772491525 0.07638503075723117 0.6827504417486249 119 121 126 1.46
108 -0.23471678590846906 0.10968975107686332 0.4708880079735739 35 36 25 2.51
109 0.12090291702364424 0.06755597552176236 0.3925806501394534 178 181 191 0.67
110 -0.19802617534060457 -0.10051823758060335 0.5642449222114784 128 118 115 1.0
111 0.12930148320154097 -0.05350851062114256 0.4362246588713009 96 122 82 1.56
112 0.15044437026158752 -0.20088147866971068 0.7751656673168709 83 72 88 0.82
113 0.21010091040026896 0.12037437931252959 0.3964543798677214 162 179 42 1.12
114 0.07683992789435219 0.1260540261235498 0.542409257775889 54 70 30 0.9
115 -0.03351035833008221 -0.16678684578383227 0.6681538980282656 59 61 61 0.49
116 0.11828475797178066 -0.09948905560541897 0.45639104122455465 121 144 59 1.77
117 0.16271354660690793 -0.28006237331996936 0.7840190162870269 110 124 131 0.59
118 0.2639262891671377 0.15857838208824082 0.3915930319732289 32 44 22 0.56
119 0.6521197169787508 -0.21562618185062749 1.069075044380687 43 33 33 0.42
120 0.15077345079330284 -0.24332588723353596 0.7767939155583728 39 33 34 0.57
121 0.07255960454120679 -0.03959990757942375 0.49174828575950086 107 128 35 0.48
122 0.15628229489596307 0.15116055377814291 0.4756636530611165 17 19 11 0.94
123 0.5922058570585103 -0.061900746805029966 1.0018810760362669 136 115 115 1.03
124 0.7051299001375894 -0.1832555150419451 1.091155757548988 185 180 183 0.84
125 0.6371427525291864 -0.20725718929166898 1.066432354680907 75 84 88 0.46
126 -0.03444354608428932 -0.14535605534959073 0.6704213920509445 167 210 242 0.68
127 -0.07957140970307232 -0.017850072802214925 0.6042863125225406 25 20 17 0.29
128 0.11965838886457465 -0.2351308169366504 0.763976312314507 183 119 82 0.85
129 -0.024194154162999436 0.04291932984438712 0.4594310925726814 92 121 81 0.43
130 0.0860134454910002 -0.13436168090921555 0.7200812860370835 186 186 190 1.54
131 0.22467653480392719 0.16452945922500395 0.40624131563592514 112 90 88 0.64
132 0.06832511470022017 -0.18981512119736338 0.7219325034238256 150 150 151 1.08
133 0.48816953377563294 -0.2266096871761309 0.9679019896152009 123 105 114 0.82
134 0.19533281482684337 0.15353392144135902 0.46154098820626904 111 129 54 1.06
135 0.11253362775009654 -0.13705818552418556 0.750677777276877 101 117 130 1.25
136 0.22271791723829076 -0.2765091254202614 0.8179813757475773 100 113 119 0.62
137 0.2219565149902487 -0.23460639442083656 0.8161554200573199 149 126 128 0.61
138 0.5579431270292623 -0.27516332123998566 0.9919853458546577 42 40 45 0.53
139 0.1984717889500366 0.15475631410217494 0.460688923081643 147 159 43 1.44
140 -0.1938970788586965 0.007180330015170494 0.5520276822007014 97 100 103 0.49
141 0.08424130593596701 0.04044465105202611 0.45791211845279256 26 41 10 1.78
142 0.19000594496916615 0.0468600655900195 0.3896881502584257 141 155 132 0.79
143 0.1750780944698885 0.008790852544585453 0.34301632170219537 149 129 103 0.4
144 -0.19829008533579331 -0.09737793477912922 0.5648351314425242 98 72 68 1.06
145 -0.25738603138245464 0.02893288362830595 0.5158958198484033 109 115 124 1.76
146 -0.025684983780036294 0.02206540817761084 0.6523235551780691 155 164 171 1.36
147 0.7733653629452166 0.03086978316146419 1.0873497237447918 29 26 26 0.41
148 0.28080557971186754 -0.15109017868236227 0.8459590734770316 71 78 84 0.26
149 0.2757359864666006 0.060768842692382315 0.8122964641709682 137 157 174 0.22
150 0.6496489836052186 0.051193668001757175 0.7070974308752039 106 111 94 0.68
151 0.46228318515477856 -0.0912777281160352 0.94278127647193 168 186 207 0.32
152 0.6117998359495999 0.0717859617414649 0.7339080580334447 131 133 134 0.64
153 0.7336969264266551 -0.060488988072081445 1.0858588788391164 168 167 168 0.25
154 0.5801285085138517 -0.2434281665095183 1.024685012255037 118 107 106 0.29
155 0.4068105577081748 0.13880453815438493 0.6070659528946999 34 36 20 1.29
156 0.6451086209797112 -0.17034731445539084 1.068961991548636 116 155 183 0.35
157 0.16520439862206426 0.035812554722916536 0.7266261568839744 109 108 106 0.74
158 0.14719469189531306 -0.037177973137893325 0.7464774392495971 148 147 147 1.27
159 0.2601643672045605 0.09609340310173173 0.7902961741260662 138 159 182 0.52
160 0.34469368583996746 0.024289482005338255 0.8348229477410927 91 71 69 0.43
161 0.22583437625284147 0.10127764783540678 0.7542203323629576 122 118 112 0.71
162 0.7005985343145174 0.16482624160916154 0.6933099832973527 62 75 59 0.91
163 0.21816356500844625 -0.14550854913477415 0.7981368463517691 49 48 58 0.42
164 0.4686160493589805 -0.0948680341326402 0.9474381014688673 62 65 60 0.41
165 0.465588152410658 0.04210362261204816 0.922289771944139 136 146 156 0.47
166 0.7946406661703566 -0.07241438666183757 1.1421777373170496 66 88 106 0.31
167 0.6247882323544667 0.06525263624468046 0.7326960726450014 116 117 110 0.66
168 0.13027302214602848 -0.2837037079249153 0.7709434451679118 27 24 25 0.7
169 0.2451575409387076 0.041593781605814846 0.7767417648521787 122 118 116 0.5
170 0.6744176612033841 0.14662392604708308 0.7058623395286603 70 88 70 0.95
171 0.5929228560055033 -0.15536946542894642 1.019120919064758 148 163 180 0.29
172 0.26670616044321466 -0.2600458939324812 0.8421080892617309 95 77 76 0.45
173 0.5664055974035254 0.052956748561858516 0.6880523439374472 115 128 100 0.74
174 0.14228022827300263 -0.10467046331049425 0.7595980754783989 139 153 174 1.12
175 0.41357247917553475 -0.1146225349580711 0.9036515854739323 122 119 126 0.57
176 0.6974456195334082 0.10345294149469192 0.7840259808745514 23 28 26 0.92
177 0.8140319627773869 -0.14647680399604482 1.1722189185438847 56 72 84 0.28
178 0.843049247591825 -0.13001707717535604 1.1706175071713028 94 89 93 0.32
179 0.6593330329090619 -0.0943740128430303 1.0549357316492776 50 42 56 0.48
180 0.567599496474137 0.050194249182448164 0.6921811223424441 19 25 12 0.98
181 0.7661327649416135 -0.17983931679166748 1.1359169739298196 72 93 118 0.63
182 0.5636067240445245 -0.02072849725793605 0.7125969433249786 105 122 98 1.03
183 0.4529579801700839 -0.1400879695795936 0.9452200934049374 60 63 64 0.46
184 0.6811133396334486 0.05673953897630302 0.751386532712882 116 126 112 0.54
185 0.3704966352821389 -0.1586312447263404 0.8865191038374657 158 160 163 0.36
186 0.7694011059023405 -0.13516730363979026 1.133176647702254 52 56 63 0.44
187 0.646441381773947 -0.10455456541591136 1.0584045340927641 126 143 161 0.32
188 0.5809204677008167 -0.04122553262076522 0.6897332495378972 50 52 37 1.21
189 0.48934676808968 -0.08395128567997459 0.9517910475790037 97 101 119 0.43
190 0.5219540583340457 -0.0053673077620931126 0.7391300230888468 132 133 131 1.4
191 0.36627832502805885 -0.12052649233339444 0.8770998572901699 172 174 175 0.46
192 0.1742891875477839 -0.25903424694612537 0.7887892693684312 110 98 92 0.75
193 0.2687304979278251 0.09760389156528153 0.8007162775953633 101 118 124 0.59
194 0.451656753160844 -0.1155769701354503 0.9419403417109443 121 139 155 0.34
195 0.22192955578028994 -0.06578219719709524 0.7827316478956474 111 86 82 0.3
196 0.2464003919429264 -0.2612707316626377 0.8309931187660506 90 72 71 0.44
197 0.24647702241953237 -0.1082188411045679 0.8041363280669263 149 154 159 0.44
198 0.4090829964621851 -0.26560418442390127 0.9266145392152605 52 54 61 0.33
199 0.7414840968869594 -0.20569782420053623 1.1186008423709082 138 138 139 0.55
200 0.32671554375823364 -0.17914602001688182 0.8655046314547322 160 161 163 0.23
201 0.8796960806166011 0.03261969930010469 1.1504043457735427 60 69 62 0.83
202 0.6554399284859465 -0.1564768810791834 1.0668295602928237 56 48 58 0.41
203 0.7667919402445714 0.11491272239664616 0.7837332520162424 9 11 10 1.08
204 0.4956567229853417 0.15389012878781605 0.9105885965317562 54 59 59 0.94
205 0.10624972729086497 -0.16752170842126998 0.7518694332711833 45 52 55 0.83
206 0.6097772947868155 0.07060802967350187 0.7340756559562553 26 23 17 0.88
207 0.644609270621382 -0.10086652216521859 1.0572423852642805 53 68 76 0.28
208 0.1908683102378739 -0.1698870546676269 0.7862526564908359 108 95 99 0.39
209 0.7764333236848855 -0.1994949867342736 1.1487333133378546 104 101 98 0.49
210 0.16935185282667406 -0.12077041048379707 0.765707112104305 57 53 64 0.58
211 0.7970544894913721 0.0015943922554560012 1.109553873549994 143 138 137 0.47
212 0.880707867159277 -0.0005122687501208825 1.166999413650874 72 65 74 0.7
213 0.44327125569258974 -0.09155190528517658 0.9321427557424034 167 186 209 0.36
214 0.1351766538440639 0.10392808516596612 0.7168810680490875 80 90 94 0.79
215 0.6614882967812455 0.11933728257834539 0.7272027099997505 28 29 23 0.93
216 0.35704459774954583 0.015265940326588843 0.8459086695035212 141 139 136 0.44
217 0.49459264844258544 -0.2476107680647461 0.9748872579164002 105 87 93 0.31
218 0.32598377271553824 -0.15190702799448952 0.8611875872810775 90 87 100 0.32
219 0.31772373378696617 -0.1471761580729967 0.8583277544491781 63 57 55 0.31
220 0.5003642800326125 0.08615020108751201 0.8951625519273727 122 133 150 0.9
221 0.4707832270959497 -0.161729731547942 0.9610450620113029 112 143 160 0.3
222 0.3019184455830193 -0.15064353624242366 0.8557301640374517 105 136 153 0.36
223 0.419666282010722 -0.17922794431934594 0.9226133724242614 71 67 85 0.32
224 0.7747028102688904 -0.06697435348355327 1.1206078213818946 139 153 178 0.31
225 0.25372972992629633 -0.14391540696097938 0.8274663889657262 181 199 221 0.31
226 0.31236530464708107 -0.10222723844803873 0.85285170329109 93 105 119 0.38
227 0.1168902006448727 -0.1614866524335075 0.754671029869929 117 137 151 0.92
228 0.4380541512237334 -0.1116748975418355 0.9319750494391087 109 158 186 0.27
229 0.25740398838262046 0.03942179247766087 0.7868598286383173 50 40 43 0.36
230 0.6192899903426543 -0.09519456941247788 1.0413854294640292 131 155 75 0.35
231 0.6307811525813383 -0.23480177351343925 1.0583483292403877 127 105 108 0.38
232 0.6086164169955101 -0.18420813609862066 1.048681023363963 163 179 196 0.33
233 0.5881215372253228 -0.03767795005881968 0.6899994783994542 97 113 94 1.2
234 0.811733621030965 -0.07434513904525769 1.1558959373538178 21 20 24 0.49
235 0.2694440474195714 -0.20379618355061443 0.851735759610372 166 188 211 0.28
236 0.12403783525615372 -0.11749247764520485 0.751577955302795 76 98 102 0.97
237 0.7684114369368322 -0.16441949401195657 1.1342992731993162 42 51 57 0.52
238 0.1770679250950126 0.015810908806859415 0.7379449104426368 128 123 116 0.37
239 0.4836467366208407 -0.08859613341731935 0.9532551944635107 190 208 229 0.36
240 0.4406304305864491 -0.11561657751106927 0.9352301276237744 150 162 177 0.43
241 0.32883284059723683 0.10820010299303222 0.8194179798439631 31 22 27 0.29
242 0.25950100861843994 0.0037155338871961525 0.7968444904559105 20 17 14 0.25
243 0.44648080778735544 -0.186875031447756 0.9509485566059362 173 213 245 0.23
244 0.6483266957422611 -0.1571789341783141 1.0663139586147816 150 169 188 0.3
245 0.25072766971777016 0.13226637702297847 0.7579068911422662 68 80 62 0.63
246 0.26186849698162595 0.08562759297467246 0.7949614894266958 115 122 138 0.44
247 0.6647178931335486 -0.008929951292385708 0.714383744733326 136 148 115 1.05
248 0.7783970321548009 -0.2302685613009671 1.1460510984682373 117 101 100 0.44
249 0.10272999048228731 -0.1351966482166843 0.7456314388842997 77 86 91 0.85
250 0.48542220056816204 -0.08844983337596864 0.9534120330135837 175 192 208 0.43
251 0.301191490053911 -0.019950569459067254 0.8194975334776848 135 132 133 0.25
252 0.7829096680907275 0.07610202542295776 0.8236774812339449 116 116 55 0.79
253 0.4589255407964329 -0.2501643891362482 0.9539904527908744 93 85 87 0.32
254 0.9035430595853446 -0.008158965979012077 1.1814211351584851 149 147 150 0.5
255 0.26267069615634925 -0.12741837286929478 0.836149808985651 120 135 156 0.43
256 0.6249050484820117 0.1412902083783896 0.728929269654776 50 50 43 1.13
257 0.1558443439039062 -0.08844288480810669 0.7575805311351642 73 62 62 1.14
258 0.2893395403303365 -0.22576085795664838 0.8637342880807555 97 108 125 0.32
259 0.7228354246293947 0.12280473990939009 0.7646187532216902 9 10 10 0.67
260 0.27029348729028324 -0.19258688428364676 0.8508235315749366 155 184 212 0.32
261 0.8227497765575326 -0.20824859056663167 1.1728867403023666 95 82 86 0.29
262 0.6908563912478197 -0.22044996048155008 1.088038014207052 147 141 141 0.4
263 0.2196031172928632 0.09640741517091894 0.7515805593911448 139 140 135 0.94
264 0.2755182067090509 0.017617180998974396 0.8173107872899903 95 107 115 0.15
265 0.5936107209054982 -0.1294183759924786 1.0155447796255281 69 65 73 0.28
266 0.8485518299122642 -0.05598331162855841 1.1582040875151656 119 118 124 0.47
267 0.47803088396008947 -0.09826651770701947 0.9533401422014889 78 109 124 0.36
268 0.7571277907763039 -0.007951436807938061 1.0886719352072673 95 92 101 0.43
269 0.26235883410246746 0.09817072482391044 0.7942372043170872 80 98 103 0.51
270 0.42793891078443347 0.16232047028405436 0.6149386861621421 43 53 37 0.43
271 0.4504518728945441 0.09564060625407732 0.8935058402194193 100 112 125 0.92
272 0.24395709603590726 0.0058456523133329445 0.7794322156727732 129 130 132 0.44
273 0.3151001105064556 -0.05746678542344865 0.8338982144272972 147 136 133 0.32
274 0.11259185993481899 -0.13503827412964814 0.7521288840464779 85 100 113 0.68
275 0.4552010194392914 -0.10262435173153577 0.941909829533688 161 211 238 0.34
276 0.6731253594588859 -0.18584766686974621 1.0730868650591079 129 137 147 0.37
277 0.1409671458448337 -0.11195428025500387 0.7609042198992847 53 54 47 1.15
278 0.7074765144964401 0.11389819337728838 0.7731624236147879 27 33 27 0.84
279 0.6282587000773011 -0.10524711428474164 1.0495164508559118 104 127 148 0.28
280 0.4259360700386615 -0.020731827175736673 0.8932325099104463 137 135 134 0.52
281 0.6531659076530104 0.042670147405789206 0.7263134356346009 162 167 166 0.68
282 0.7825205136948615 0.12268437227198459 0.7734167548532355 30 35 35 1.31
283 0.5543481947599185 0.0751266812467853 0.7578756864628574 29 36 20 0.69
284 0.7941958239088607 -0.08531612618210009 1.1464850147614036 203 204 214 0.44
285 0.49004862214428757 0.11965022040997285 0.9184540491095511 139 150 164 0.51
286 0.45940209676836985 0.0950271595116258 0.9039206359427246 154 174 193 0.88
287 0.49361143450786765 0.15406065632858865 0.9113036651236658 68 67 71 0.89
288 0.6842717028497569 0.0618236958535174 0.7566307935414118 187 188 182 0.58
289 0.43212913890461624 0.13863778067772903 0.8686950349208428 30 23 25 0.54
290 0.6805416048150698 0.07979772313943086 0.7898009253573754 82 92 55 0.51
291 0.15725730397933974 0.025192321593149828 0.7356471400185283 139 136 135 1.36
292 0.3184214481269106 -0.09395311846276201 0.848571429567683 187 205 224 0.26
293 0.2876680336057557 -0.1511723517874866 0.8501748756670018 83 90 97 0.22
294 0.11299712654226754 -0.26865293102665777 0.7544275417162205 76 57 56 0.7
295 0.28041898878883614 0.11181430373517547 0.8039711448910751 148 165 180 0.57
296 0.7654886621376188 -0.203672345060194 1.1358303486769177 33 24 26 0.49
297 0.6031480419644406 -0.2435842566478532 1.0419095068723414 135 125 123 0.37
298 0.3453124548217178 -0.02598447851203168 0.8463375784729631 156 151 145 0.4
299 0.6539507536680375 0.14598031038108758 0.6201271477516413 35 41 23 1.02
300 0.6244936424012386 -0.22144911036926507 1.05123725013207 112 95 97 0.34
301 0.8457099865355345 -0.13430533876654105 1.1729426403644307 155 153 154 0.3
302 0.3126744942245211 -0.14596321497217343 0.857567197480791 53 60 67 0.32
303 0.25241384757418345 -0.17864559879516181 0.8277333544135373 125 132 153 0.27
304 0.25434079929199127 -0.1805258879228371 0.8360249724242863 126 145 168 0.37
305 0.4414700208321779 0.1468507350834431 0.888465975355404 144 159 177 0.69
306 0.3082973617718322 -0.20466065040283107 0.8702052021708605 149 188 223 0.27
307 0.20456074233734658 0.12183371374551652 0.730174544090451 120 121 121 0.85
308 0.6653530210557443 0.13584631646533088 0.6694277211831461 72 87 57 0.92
309 0.16268418630746256 0.0774871085577418 0.7246342450670213 125 132 140 0.43
310 0.8260031192626972 0.029679301000481145 1.1062133180234024 34 48 37 0.86
311 0.7698664845584688 0.030445584373846347 1.0855657462704 19 15 15 0.42
312 0.6013458366954686 -0.05694729365572907 0.7411439732579672 67 79 25 1.36
313 0.2822703553191363 0.08659242887962511 0.8032162497830159 89 94 98 0.49
314 0.31703829933406924 -0.2284119105832056 0.8707148288663256 50 39 42 0.38
315 0.43895067168340796 -0.14171185823455024 0.9375444459786809 63 64 68 0.31
316 0.6778840051883306 0.13645244278497365 0.7263742866741378 20 24 17 0.66
317 0.7492924252368947 0.15698071482560283 0.7309114567148582 57 71 58 0.84
318 0.2605852318134557 0.12210844434180901 0.7745459499300357 36 33 39 0.71
319 0.8925603814493289 -0.22957691398353156 1.2187751450915025 96 86 84 0.39
320 0.4981184511232521 0.13335921857507463 0.913604905302776 29 21 21 0.31
321 0.6202596600862007 0.06741458050787313 0.7341207505528912 30 39 19 0.77
322 0.8226330471151729 -0.11870554141516991 1.1666916142300854 86 74 90 0.49
323 0.31211648650965973 -0.10565508723050084 0.8533890078181477 121 157 179 0.41
324 0.5686281628372429 0.04360803255089285 0.7161014053474274 25 33 9 1.75
325 0.7447261539527231 0.16963796633412243 0.7086887714472735 29 34 19 2.54
326 0.3736499102818934 -0.28021408422086125 0.9001478794677382 101 96 91 0.42
327 0.1728487775631973 -0.27839212466820856 0.7890500512779043 35 33 35 0.69
328 0.733905536379482 0.1175199587409635 0.7774440231994445 30 38 35 0.73
329 0.7057386055926128 0.12070920324425799 0.7697439615316128 40 45 31 0.71
330 0.7493294711258564 -0.2061738859337943 1.124033339149394 137 133 136 0.5
331 0.6527564687242394 -0.01314545964967046 0.6963596121523293 102 115 89 0.69
332 0.17217356832976957 -0.03339892158699233 0.7416035981204696 97 90 90 0.54
333 0.16584527441245414 0.06263094034446855 0.723808888616727 111 113 113 0.45
334 0.44927739049127113 0.10921904024268084 0.8957849541910323 127 143 159 0.55
335 0.288416903541951 -0.10939475594767681 0.8478882861192544 137 189 218 0.38
336 0.5867557483259286 -0.1251914260282182 1.0087384994304327 58 60 72 0.36
337 0.2586245108777938 0.005258635940217205 0.7975123192464253 27 23 19 0.26
338 0.42860721703478594 0.00824593550490467 0.885925327450533 37 35 35 0.47
339 0.8049111346331486 -0.19818430338312973 1.1723947685351772 60 61 61 0.47
340 0.6584187675254772 0.00990843486395367 0.7033622715569654 88 102 75 0.59
341 0.12797942740061258 0.03603660817982823 0.7220727927412067 73 91 91 0.49
342 0.33856330945427626 0.036680460814918645 0.8294001169004473 101 80 80 0.21
343 0.42585065203873385 -0.14092814493993247 0.926419809683229 58 59 61 0.33
344 0.8988049613900329 0.006261632101996542 1.1736773656681323 152 150 156 0.64
345 0.2701844486034314 -0.11015245729442885 0.8393532078367211 158 190 220 0.49
346 0.7294391419399597 0.16361730682789977 0.6999618237764837 99 110 84 1.03
347 0.5354287083395821 -0.1541703928652019 0.9822188745096041 128 123 120 0.37
348 0.8891465327040513 0.030307099003098012 1.158480007896139 81 64 50 0.6
349 0.3294732235721991 -0.08031297933584294 0.8429677598194038 99 96 102 0.36
350 0.5990929586385078 0.1391019850560743 0.598352121728221 15 17 13 1.45
351 0.16094064044412412 0.10325719098873058 0.722273093939343 103 106 113 0.7
352 0.15021636052523274 -0.2076478357585679 0.7707216514900135 159 179 200 0.56
353 0.31859664770349416 0.11510707366210272 0.8229427440976202 116 120 127 0.22
354 0.2704198401134974 -0.22727415001444026 0.852544465337694 77 84 92 0.23
355 0.5903423266934025 0.14272303885783968 0.7822590635584215 35 42 33 0.83
356 0.48186847219810636 -0.09075827268989656 0.9537299836158317 179 196 215 0.39
357 0.25759207062420914 0.02688210554730341 0.786881502223669 73 74 77 0.26
358 0.4454315303712772 -0.13983811605504282 0.9403752420677937 53 62 68 0.34
359 0.6595774391233504 0.0324404383141442 0.7629504154498434 206 207 206 1.19
360 0.7586922221254733 -0.19805535246207492 1.1278842637783222 115 102 97 0.44
361 0.7821252026373933 0.012157320799608424 1.0979588451617237 129 115 119 0.42
362 0.7590399414777936 -0.009778924499854121 1.089050721798617 137 133 135 0.39
363 0.46155501507007385 -0.0987469881541335 0.9454418108645625 164 193 220 0.34
364 0.2692604126022567 0.084797100203869 0.8005768685094835 162 181 200 0.46
365 0.7385631975953355 -0.20343839825676172 1.1167562486610616 62 65 79 0.41
366 0.483523813912429 -0.16824560124507584 0.9643705163147922 171 184 204 0.26
367 0.14152463448732455 0.12620879490497589 0.7136179334420573 117 138 155 1.26
368 0.47788019060527415 -0.1673425414417107 0.9651117934470388 139 153 165 0.33
369 0.6022240570360357 0.07145143720588457 0.7067884726036303 48 48 53 1.43
370 0.25657456083730884 0.12621772892820812 0.7646587604695869 75 64 65 0.54
371 0.6104282801089989 0.0919675049970327 0.7458399261243128 27 26 22 0.51
372 0.6706212316088521 0.1413926703720552 0.671751970300477 44 53 32 1.1
373 0.6428121730842208 -0.20783610896527896 1.070116652891133 92 95 98 0.61
374 0.6537402780593733 -0.21392138343861822 1.0688396118676609 40 32 36 0.34
375 0.4478455461502027 0.08165022578507757 0.9026407916288942 137 162 178 0.56
376 0.26111953365777374 -0.08244305722851827 0.8057905984593612 49 51 48 0.57
377 0.5927498135711348 -0.2157722297851083 1.0314588840354866 43 37 44 0.25
378 0.4659223155382051 0.12347432720394559 0.9046432673300104 59 69 70 0.73
379 0.32750228160584083 -0.08359181270095502 0.8427279637430202 110 108 114 0.37
380 0.7123391358495618 0.15987178701086857 0.7150460213250618 51 63 48 1.43
381 0.4162625538612803 -0.11638781571638487 0.9057278712752446 154 155 159 0.54
382 0.10978251825121071 -0.11532290228552111 0.7469444435136756 45 47 39 0.91
383 0.11210916653837287 -0.13725241642774 0.754411080966222 93 103 110 0.7
384 0.5733675774462664 -0.14865048541871786 1.0049474861426728 55 60 75 0.55
385 0.5153981705240839 -0.25833501351463595 0.9864910557237031 65 60 67 0.32
386 0.47613260912628436 -0.16349517471898023 0.9637499279030476 59 73 82 0.29
387 0.6837523689398204 0.12627670358217702 0.750315002799708 56 69 54 0.62
388 0.2894743821433255 -0.12662182905130742 0.8493895191147374 152 183 211 0.28
389 0.8246863920204038 -0.20775174951359693 1.173197293636667 85 68 73 0.31
390 0.6543150021710052 0.049629268989891825 0.7112700682352517 123 127 120 0.61
391 0.2985899339225701 0.06035919738903246 0.820848932807053 137 153 166 0.48
392 0.12436164898045234 -0.1873847149773885 0.7634480331281814 132 157 180 0.78
393 0.14431544973004748 -0.0013252322488074885 0.738716387035591 42 37 29 1.04
394 0.10964580328696423 -0.24381565432458666 0.7552132898888689 20 17 16 0.6
395 0.7709192115338348 -0.071423574031364 1.1202847461660603 206 216 222 0.49
396 0.21635520000225258 -0.21131593268907586 0.8084095925800348 55 65 80 0.58
397 0.4247426615831885 -0.1693651925316013 0.929295859657695 85 100 127 0.27
398 0.3300439440323671 0.12438502824118323 0.8160786700939592 31 21 24 0.4
399 0.10347946136443212 -0.1333396935212619 0.7449270655556266 36 33 35 0.82
400 0.6463394014670952 -0.15545691089598226 1.0660272334591587 86 106 115 0.26
401 0.14530587873104578 -0.11628178400315735 0.7615994200265748 83 115 127 1.04
402 0.34152646124259367 0.0681217532698191 0.8256693087047626 97 79 81 0.3
403 0.6731647376101196 -0.18814192208165276 1.0739638947132488 166 164 167 0.39
404 0.26578670240636015 0.05055032126030604 0.8080503816296144 136 160 168 0.43
405 0.17927285737434645 0.005396518974898514 0.7395746194058028 35 37 36 0.46
406 0.6521916223224542 -0.000444651731086682 0.6948997610738886 65 78 28 0.88
407 0.8094568822524192 -0.11358208827515039 1.1624815883180055 28 22 25 0.45
408 0.6774089291035115 -0.16605110580126517 1.0705714141557146 164 162 162 0.42
409 0.5782830463094587 -0.13497716724618022 1.0065878727514173 172 177 169 0.46
410 0.2942980195902279 0.03307465091915235 0.8254281022498935 139 153 162 0.26
411 0.2103448716070238 -0.17368469972217798 0.7983328476532374 157 158 158 0.37
412 0.6667398350584941 0.06233777839604448 0.7340180456978741 102 109 88 0.73
413 0.5413040657190735 0.15522555422142495 0.6501097738119742 24 33 32 0.56
414 0.6450813631202752 -0.11084055236729488 1.0585707414464256 57 79 90 0.34
415 0.3507703932773178 -0.21596336101611122 0.8875737200734803 140 134 131 0.25
416 0.14896578443919933 -0.02909342602320341 0.7430216964653813 127 115 117 1.12
417 0.29607180795476346 -0.14893601255215502 0.852724346906974 52 57 55 0.29
418 0.3793152874476848 -0.1806696063332496 0.8941573851293092 106 111 125 0.35
419 0.10498833660531985 -0.2160558929132527 0.7554382296447573 151 172 194 0.67
420 0.1729914313090101 0.021333239642874507 0.7327978588294756 130 126 121 0.54
421 0.5571319572083528 -0.27653319956039063 0.9904279246240664 102 106 129 0.42
422 0.4208609245781659 -0.1245043589138724 0.9132655682506144 74 75 85 0.4
423 0.2575785339709999 -0.1509437849330551 0.8307742751105494 40 42 43 0.21
424 0.197787853550235 -0.03920361226733132 0.7618103965342244 149 150 145 0.47
425 0.12258208588479523 -0.047450862367132515 0.7267154845897038 116 114 113 0.49
426 0.550213756859665 0.0776431190240998 0.7525451746659119 98 99 92 0.91
427 0.5459987455310199 0.0635322542786172 0.7316766985290782 35 42 20 1.01
428 0.814411526959753 -0.09402136691623884 1.163505198735917 122 138 155 0.47
429 0.6140759548943612 -0.24275827622703444 1.0498785393773171 106 93 97 0.37
430 0.329246192102511 0.06952879619005947 0.8246264135594756 48 32 32 0.32
431 0.5408238709374695 0.08755112513575525 0.7550089164604415 30 41 22 1.45
432 0.41840350786090774 0.012579147230267146 0.8762037929261277 73 71 78 0.52
433 0.20001391862239576 -0.14539205306643185 0.7867844911127518 59 51 59 0.54
434 0.6086070300593062 0.007468430389441857 0.6869337458094309 128 140 118 0.7
435 0.502430422544812 -0.2075080737160569 0.9739753457018784 168 170 175 0.3
436 0.8140876793923022 -0.091850451048711 1.163034329692424 44 60 72 0.5
437 0.4471876779843821 0.024449445308785955 0.9094386995026424 80 90 95 0.54
438 0.6201798314697955 0.047055566795682284 0.6910995011641872 106 105 106 0.75
439 0.44856580938132273 0.12046727203353776 0.8963656574355884 137 151 162 0.78
440 0.5543665530652186 0.05313362692544154 0.7015562936869583 90 100 79 0.49
441 0.6610167829012407 0.08714098807290441 0.7016770625836217 84 98 79 0.77
442 0.5042963842387318 -0.2280276969656312 0.9785396312732844 153 153 156 0.27
443 0.345488581659339 -0.02117380184607181 0.8458521085913426 125 124 127 0.48
444 0.8432818948928956 -0.13206414346462542 1.1709665363546737 59 66 77 0.35
445 0.4184091747735441 -0.22299766557973474 0.9271407409373139 98 91 97 0.35
446 0.8399395307128269 -0.04738738417652019 1.1474420107856558 117 110 109 0.54
447 0.6729950541789971 0.08970604924086892 0.7633987241504921 50 65 39 0.51
448 0.37294210223463214 -0.014924497512138599 0.8601514949660148 169 172 174 0.54
449 0.6643254530644952 0.03975551276374653 0.7399543804370986 73 95 83 1.06
450 0.25699478626374217 -0.08412620930443737 0.8038104794304856 107 111 112 0.55
451 0.39791521800870916 0.13731204191602847 0.8467647832206827 124 116 109 0.5
452 0.6453274841124033 0.030620509830988317 0.7246823226373603 153 162 151 0.7
453 0.4176506988659933 0.16150633530502065 0.6247319497562581 28 36 22 0.74
454 0.8083679046866687 -0.09248450220634136 1.1612087141532847 27 28 29 0.53
455 0.30982088359988985 -0.0987179638583991 0.8505516192833876 162 182 201 0.32
456 0.4122491695034918 -0.2537872882474612 0.9270984420060542 93 86 85 0.4
457 0.2958103057886934 0.033195920074338095 0.8261212458038143 141 153 163 0.33
458 0.628662456508476 0.04898082428594707 0.6861260482453446 127 125 120 0.77
459 0.6300008933598737 -0.1352197610007276 1.0542922600033777 178 193 210 0.24
460 0.912474373279353 -0.0007060372865913788 1.1840627891593989 129 128 132 0.56
461 0.7048762233424742 0.16514499679796799 0.6848082813599476 61 72 38 0.9
462 0.32297496491295646 0.09588201898444394 0.8235178714755529 154 165 177 0.36
463 0.432339568365218 0.1506251675424057 0.8677892207120462 41 36 38 0.63
464 0.8237648272001774 -0.06436966052490203 1.1521474004278942 97 86 103 0.33
465 0.6145683904345045 0.10728955095158997 0.7451507163613997 32 32 26 0.72
466 0.3196761554339124 -0.07887011347476396 0.8376038099881394 37 31 29 0.4
467 0.5493401214255842 0.07751329707504277 0.7519459269382723 127 126 125 1.11
468 0.6260579079642384 -0.10513343292911931 1.0483507413176438 81 95 114 0.32
469 0.164606607236658 0.014964132133893205 0.7310075447874531 111 109 106 0.58
470 0.3150110152274185 -0.19940842841688322 0.8689638684330067 145 165 192 0.33
471 0.28687717369747134 0.032691415713711744 0.822057510019531 117 135 141 0.2
472 0.5507610844915958 -0.2640269004143201 0.9937476789702551 85 83 90 0.38
473 0.634978183313848 -0.24598275123901084 1.0626163859253412 98 93 96 0.47
474 0.43673289989766767 -0.09512039198306359 0.9283741130821226 66 67 66 0.42
475 0.43621526445229686 -0.01687173762131442 0.8969190787417929 106 105 113 0.4
476 0.8075700852788366 -0.1807707743646134 1.1746241558581725 75 102 134 0.39
477 0.14765226577301668 -0.23259615139684633 0.773160485657488 52 55 53 0.49
478 0.15219349037334606 -0.23917623807246643 0.7749080658555267 65 41 39 0.5
479 0.8206332819629685 -0.20086955907348586 1.17541886916293 26 22 23 0.43
480 0.5056464421803001 0.1357887532883474 0.5794216063279063 55 66 49 1.51
481 0.7291878180931977 0.12955538597872415 0.7634166819847732 36 46 38 0.7
482 0.12245835077442854 -0.16255843383629037 0.7615609833780727 161 185 204 0.96
483 0.6194699456020588 -0.13208309148089692 1.0423709345302694 147 171 190 0.26
484 0.7339820919283951 0.1649915430805699 0.7164386407643656 32 41 32 1.26
485 0.28468870181890993 -0.2595486993972566 0.8543178330194495 94 78 78 0.45
486 0.5504651365533906 0.015338442701181178 0.7190960022915865 49 49 39 1.14
487 0.1474352164919503 -0.1580991398708118 0.7669631560631075 91 104 119 0.7
488 0.29666543210053126 0.02043349601827328 0.8275733890754412 103 117 129 0.26
489 0.4314718845060699 0.11838670127088437 0.8735859934697816 62 56 60 0.46
490 0.3210990118199691 -0.007614261123314945 0.8276643051306585 138 135 136 0.19
491 0.25919251034943414 0.0004228671932931186 0.7929589280435678 22 15 12 0.22
492 0.14585470196213443 -0.10982958342619661 0.762783277322616 116 115 124 1.13
493 0.4197918539659575 -0.19273904332232597 0.9249015056099783 70 69 88 0.23
494 0.8064013307302128 -0.18949855727922366 1.173989299845897 132 147 158 0.5
495 0.8131505198743535 -0.17392194640597194 1.176515156623297 92 99 110 0.44
496 0.3260639915582213 0.06330694302490379 0.826921395081052 41 36 41 0.26
497 0.5188596871306528 0.08759245698879871 0.7448469344894517 77 93 69 1.57
498 0.7169016247850647 -0.0006922093510977293 1.0628509317461063 162 159 159 0.16
499 0.9104943644705115 -0.06289880854399166 1.1938480418509057 109 106 93 0.59
500 0.4765824029805709 -0.14780649434804125 0.96034145314185 78 104 122 0.33
501 0.25550362511721064 -0.08070242589583827 0.8012424630998299 45 35 26 0.29
502 0.4678097958251189 0.13413663078980448 0.9102049365379796 118 130 144 0.45
503 0.31669497662582236 -0.2556246706449153 0.8704620288253737 107 93 83 0.48
504 0.6298821171273632 0.1321841387212341 0.6057280301689284 50 58 45 1.1
505 0.770112155171004 -0.1608633993065933 1.138493414147656 68 90 116 0.45
506 0.4667247316807457 0.027124342503505955 0.9197858728162526 81 87 94 0.64
507 0.0985502989929147 -0.1695915067017053 0.747077283325255 35 45 48 0.84
508 0.7709735160820806 -0.11721898505493586 1.1277125760036437 31 28 30 0.53
509 0.589089950196919 0.0583721307168752 0.7158728297186697 38 44 26 0.72
510 0.2490797810528813 -0.051656396299325086 0.7960576482662628 153 149 147 0.52
511 0.6849040142731735 0.10502788149927018 0.7689187665904443 122 132 111 1.0
512 0.31791484413241583 -0.17432473383079122 0.8632787256855347 90 105 132 0.4
513 0.8677484180874131 -0.13671044521529013 1.1876435527075566 139 140 142 0.48
514 0.7469564948696314 0.1701721076427967 0.714116834674693 23 21 19 2.25
515 0.6447862634400857 -0.09894019859417272 1.056407947953291 56 73 82 0.31
516 0.44761817852615865 0.14379505168227563 0.8971102115658431 130 145 158 0.6
517 0.5677914334782642 0.036374515068715856 0.719680447118618 113 113 110 1.4
518 0.6657984966276981 0.0504926748680931 0.7275043541001609 135 124 69 0.64
519 0.34917021113921254 0.12492476979004838 0.8206125974926406 105 100 102 0.63
520 0.20114029271345032 -0.1485562349672525 0.7878276345745296 149 139 138 0.58
521 0.6247602974006411 -0.20828202473249322 1.0615133167171753 64 70 73 0.41
522 0.31732810587041044 -0.0675474703450213 0.8381324436436225 115 102 92 0.49
523 0.1399151665204977 -0.2686002503184503 0.7731448600632632 75 70 71 0.68
524 0.2533031698651309 -0.2048440187283056 0.8405196012336766 79 110 137 0.33
525 0.45706950939292124 -0.09525751420845442 0.9418303094684317 62 64 65 0.3
526 0.6822266841393506 0.05816183893767122 0.7542233069446787 160 161 152 0.42
527 0.48292588634369066 -0.12985017970738902 0.9589513151084136 164 181 198 0.47
528 0.265993377263976 0.0330391400027267 0.8111490141848878 92 100 110 0.21
529 0.48545059475781327 -0.22198012048439011 0.9682515015375524 42 38 46 0.38
530 0.5349189723926759 0.04952185786146464 0.7155969718962909 87 105 83 1.0
531 0.26211812083191693 -0.170602147514342 0.8419205704845416 128 175 219 0.31
532 0.45898310296180045 -0.11623406183212669 0.9481596168395244 156 173 191 0.54
533 0.18754928187110473 0.10793165277917884 0.4215312521103237 89 102 51 0.85
534 0.24412016276583037 -0.016972417776639128 0.4770497524198711 82 103 62 0.59
535 0.21546262660962517 0.10725974994665166 0.4271928329555117 147 158 104 0.73
536 0.5924286883436432 -0.07691718016472004 1.0012729357180592 191 195 205 0.57
537 0.3231151563103951 0.14150036746975436 0.8126931426094359 148 155 166 1.2
538 0.30123395554668797 0.18094079682909978 0.43648787682083273 53 61 11 1.1
539 0.24431669671966708 0.16876650489535658 0.41457768559829755 58 48 39 0.45
540 0.5976286619920815 -0.17975632688673518 1.0286055494846498 134 152 164 0.37
541 0.2550132292184802 -0.1743787019471885 0.8208530075366124 138 156 162 0.5
542 0.4862063955520991 -0.1389040881293143 0.9612803707476109 66 49 59 0.64
543 0.26287420242359355 0.02808011889825164 0.4135511360037355 139 154 50 1.5
544 0.19299810772968956 0.08458449764660395 0.4528149041918502 50 49 35 0.81
545 0.17084838892954066 0.018275100985322305 0.34262684173242247 214 214 200 0.61
546 0.1870114117704547 0.001118829487898528 0.3380037414954152 117 133 60 0.67
547 0.13131266168565614 0.16806106706810978 0.49372801271950506 14 15 10 0.8
548 0.63287995921804 -0.24674302446138766 1.058455577012889 109 99 102 0.36
549 0.11111111678803345 -0.2700394020068713 0.7584774668029093 142 130 126 0.59
550 0.19652213448775668 0.0042676297968143205 0.3291071694044741 69 74 20 0.78
551 0.20880537390230006 0.16436756249897824 0.47120910141057326 86 95 39 1.41
552 0.21964810301013168 0.11843095424450671 0.38856635922567995 121 120 88 1.95
553 0.31506997845265117 -0.22955271786736411 0.8690155202993101 36 30 32 0.41
554 0.26512313317798963 0.16290727854635434 0.4391302854832054 138 161 118 0.44
555 0.6765215059772299 -0.16372281689382137 1.0745579779995584 134 129 141 0.46
556 0.3547307950791134 -0.11717416790542266 0.8651983765069233 193 194 197 0.59
557 0.12329431450471605 0.11455584835434098 0.4295692739922014 97 107 57 0.79
558 0.5409711565230046 -0.022221142039983228 0.7807085375968493 144 149 103 1.89
559 0.474553300405857 -0.21556148831247998 0.9691772851906348 100 109 111 0.8
560 0.1912251928784992 0.10702775654295615 0.427758032243459 72 90 41 0.86
561 0.48312496147396616 -0.2192889472035828 0.9680667770411838 35 27 30 0.67
562 0.16342255606362593 0.014634051579458756 0.33973299730339124 69 84 31 0.53
563 0.25941459174864 -0.015805788042213584 0.48617414539665926 96 122 54 1.01
564 0.5918228410345997 -0.21589859218254343 1.0304056470033067 67 47 50 0.33
565 -0.09860095847568462 -0.18770032023738098 0.6245535201847122 147 149 152 0.67
566 0.25787888027079986 0.13151601095605361 0.4242889695174367 189 190 139 1.07
567 0.5717240457311897 -0.1455872290980216 1.0023543250432456 101 104 118 0.56
568 0.11599591252990198 -0.03302891055617466 0.45006130933020305 46 65 23 0.94
569 0.13579731401104822 0.028913977391957207 0.34105077182563703 167 193 161 0.43
570 0.20458734303321705 0.030184361803512305 0.3373042197438476 139 137 76 0.84
571 -0.06775921883200092 -0.17162756090564982 0.6547319516188803 176 204 227 0.53
572 0.4259864426464403 -0.11204248086367562 0.911204907101237 145 156 171 0.42
573 -0.02289301919742417 0.016819277281410246 0.6380168364179195 76 80 75 0.74
574 0.1716303331995942 0.019104536505675195 0.3428616227053371 120 131 86 0.58
575 0.10661696554778033 -0.28331168438566906 0.753478056322754 89 97 104 0.45
576 0.24849439878713947 -0.031229799489913897 0.4569050796999101 208 208 49 1.43
577 -0.0972034289505586 -0.11977931107168945 0.6173660014162127 50 47 54 0.6
578 0.1654779665678472 0.08147414065159607 0.4507231996091906 69 71 59 0.47
579 0.19760742266576778 -0.027757798352770757 0.45048771878446775 104 127 42 0.55
580 0.292868792578039 0.15080326240030487 0.5935320295886722 60 78 40 0.39
581 0.4818609169395487 0.12398794143072855 0.9198808894310397 88 101 112 0.9
582 0.23500163197986135 0.11904753195484045 0.4037948472633567 104 127 78 1.25
583 0.1481758711319135 0.01227625915883689 0.34214293289982234 204 213 185 0.61
584 0.22224569443392203 0.11302680311910968 0.41087653560639875 149 159 120 1.03
585 0.22436029760969114 -0.23634994891812214 0.8156818388860104 186 189 194 0.36
586 -0.2002937287018936 -0.1015885029335685 0.5676242854203213 130 122 121 1.64
587 0.2074661502458976 0.04210745312166474 0.35151468922714385 180 191 159 0.35
588 0.15408949220082355 0.007518559447344442 0.3468397060165258 171 184 123 0.69
589 0.26380817537036344 0.16356452442187375 0.42099079500133424 108 133 50 0.54
590 0.2539303934765046 -0.1999273671210378 0.8276117190416356 124 140 153 0.62
591 0.5145963228455521 -0.21136937632158 0.9821366288757151 194 188 182 0.58
592 0.22671678193274156 0.10852423792731503 0.4428891280647134 180 174 57 0.67
593 0.27098116284682744 -0.229064398699387 0.8493058229446729 119 113 107 0.44
594 0.18396534926204933 0.029920389869620645 0.3353289099888792 206 214 84 0.74
595 -0.05125622890872158 -0.04466442547308097 0.6268899891271578 146 146 147 1.18
596 0.19078597701230596 0.0837960788994514 0.4538027125918778 171 187 145 0.92
597 0.12447708476149666 -0.06252972538814622 0.4438057596079233 193 201 196 1.12
598 0.1408278769432814 0.044202864790762894 0.36554293946108524 80 88 45 0.94
599 0.5991461539180316 -0.21487448150216698 1.0363695750324853 53 44 48 0.36
600 0.2833148544810855 -0.0782827529092142 0.8145002928564598 63 52 43 0.65
601 -0.08146321854983371 -0.19278334697218483 0.6448154528002793 40 48 50 0.58
602 0.6761750587174195 -0.18501965968202144 1.0785413888437527 147 155 169 0.43
603 0.04651771437141259 -0.031609804777365656 0.6719482144923736 122 122 116 0.88
604 0.16509438170550367 0.17187115320390967 0.43872849694994276 98 81 64 0.88
605 -0.04566728274563465 0.014710404801314704 0.6350907258149744 117 126 131 1.04
606 0.28106368837965534 0.16773797208902508 0.4429803477814009 107 125 93 0.36
607 -0.03829135709161209 -0.16426203073113635 0.6643213145721196 58 72 81 0.31
608 -0.04345073735803483 -0.0008478071752250845 0.6351090514911794 86 93 90 0.46
609 0.720023191360422 -0.27444402365073683 1.0951539311158676 49 43 49 0.76
610 0.1798552218003535 -0.03536380797118228 0.46077226378476716 182 196 50 0.6
611 0.21657879058080162 -0.2529723791019058 0.8139952074904171 165 152 152 0.28
612 0.42637699984169253 -0.06897214805522836 0.8998402346804191 85 75 69 0.7
613 0.25456404568273033 0.16392718909627027 0.43261846675347765 183 198 183 0.35
614 -0.06438954082257746 0.016414226876541493 0.625081018818078 112 127 139 1.26
615 0.1596793821177823 0.03929027874184339 0.3436908993098869 162 179 127 0.66
616 0.19115104115048498 0.11107072195866975 0.41414664785193717 65 70 38 0.8
617 0.11414194603234076 -0.05005161133156812 0.4484508414924776 82 82 80 0.4
618 0.21341638517368822 0.10932525942159187 0.42259351787226646 46 57 21 0.71
619 0.309868054086022 -0.1744173898443978 0.8634175918478888 95 116 126 0.57
620 0.03622374449484815 -0.22583095401604092 0.708938973169242 170 160 149 0.84
621 0.48223178022213087 -0.14125738592691595 0.9619389679610247 205 218 239 0.74
622 -0.16248204192761875 -0.1683535865201056 0.5811310192932065 134 135 139 0.75
623 0.256022049225479 0.1708874853059632 0.41164859323944125 189 205 175 0.46
624 0.6586772821351254 -0.2159498852144644 1.0721781461710358 73 76 79 0.42
625 0.25693602386507486 0.19056543319634345 0.5385930312244914 22 21 17 0.43
626 -0.08515042219695784 -0.1430558317226743 0.6364512573332328 145 179 208 0.65
627 0.2995390666246706 0.12956791195286618 0.6051514262642671 69 98 56 1.08
628 0.11457684617044904 -0.011681817610620945 0.39280596859909983 105 128 97 1.33
629 0.1946084135404049 0.032823559501341755 0.33630510281210746 127 140 92 0.43
630 0.2035980120224649 0.03504745167105358 0.3421690984497905 101 126 40 0.34
631 0.1761213948321299 0.025254443809668535 0.3402896846621748 101 114 46 0.44
632 0.12047470168467612 -0.2365350383548489 0.7673761726011392 135 141 150 0.78
633 0.2933637320009144 -0.15412491946656937 0.853735665933166 201 216 234 0.52
634 0.22620928747359775 -0.002255394211173681 0.46684545899486746 65 85 34 0.93
635 0.28981555680373555 0.16986350855783344 0.4354227517716115 52 48 32 0.64
636 0.45474501556588925 -0.11427146457913573 0.9454741944367172 139 162 185 0.73
637 0.041740885588632745 -0.2481776499458978 0.7170379257553297 178 178 179 0.74
638 0.44275285583941787 0.06735893530715532 0.9015283505814642 149 167 185 0.82
639 0.09342585887084767 0.00028021241079371405 0.3849540358308433 82 99 64 0.69
640 0.5459053992621343 -0.2168608906602982 0.9985409386347622 61 48 48 0.39
641 0.3076850858811534 0.1767503450220487 0.4333507000798393 54 47 39 1.26
642 -0.05508239203776448 -0.07256445886525452 0.6282300176828935 145 141 135 0.51
643 0.21347679242525952 -0.04372696739210005 0.4554804473641171 167 166 97 0.64
644 -0.026729891310013416 -0.24936804065747675 0.6819627732967372 28 25 26 0.44
645 -0.027354493145892396 -0.11870951316091838 0.662173191968799 137 143 156 0.57
646 -0.010533323013857662 0.12726862346796888 0.6211981782402107 28 20 20 0.75
647 0.47404304619954757 -0.10842994502853909 0.9554757210853426 65 78 88 0.76
648 0.2725365973806093 -0.20406379071299363 0.8517863063676536 175 188 209 0.47
649 0.30384414549696104 0.1707142464068156 0.46785676148761807 69 89 51 0.73
650 0.2199885204782033 0.11832406804379673 0.39054363376853596 154 156 125 1.48
651 0.6529242391274712 -0.21625573759200722 1.0698188605287307 58 46 46 0.34
652 -0.10776260919984182 0.03503651880368193 0.45060237456122276 154 131 121 0.36
653 -0.20845062989594274 -0.10726221291573429 0.549426104103255 38 29 19 1.27
654 0.1489901792442723 -0.21779081836327774 0.7742632979037956 85 74 89 0.55
655 0.3230077385851439 0.17107712466396244 0.4589523486382493 119 144 133 0.74
656 0.35266996462702055 -0.11520748252652142 0.8641667123540892 137 144 158 0.54
657 0.23844438837353799 0.11410576255587897 0.45350594044706244 202 194 65 0.69
658 0.46428771382623374 -0.1655360632232849 0.9590593065863044 125 142 161 0.77
659 0.2536842088613533 0.19124752167293368 0.5176163194377708 170 167 166 0.3
660 0.17037104322856753 0.10561786155964151 0.43591618668385373 56 79 31 0.86
661 0.2061636591856835 0.15816218690402278 0.4598961252839618 153 171 59 0.84
662 0.0823794561842993 -0.21118870605338597 0.7315099305490358 151 153 165 0.54
663 -0.08671459851086943 -0.19469934397993596 0.6390724958539781 165 188 213 0.64
664 0.14807825714902492 0.027769632878737627 0.35026501735184223 81 100 50 0.36
665 0.49247249643575697 0.011316098167720836 0.9260106607301788 72 75 78 0.89
666 0.10128822956287431 -0.23670562838042927 0.7549842057823974 116 123 132 0.55
667 0.28859472560212646 -0.258923981186793 0.8577938776800933 155 149 148 0.38
668 0.12270597094398544 -0.027282889786830408 0.4612731867849472 84 110 77 1.13
669 0.19229399069829026 0.02873754398950462 0.3292441497583624 172 172 151 0.43
670 0.23941426311181885 -0.0032457681821006054 0.47012791192990533 141 155 115 0.83
671 0.28075074444844594 0.1723805915081973 0.5589035438463262 159 166 158 1.68
672 0.24969690101447214 0.02368270872314984 0.4026780767976859 185 203 60 1.02
673 0.22352178389065067 0.032041284426728184 0.37173664413694546 209 225 198 0.36
674 0.5603861551952971 -0.2661705634408188 0.993757020297161 67 64 74 0.43
675 0.4558943754768216 -0.22324513181409084 0.9539188837056982 51 39 40 0.53
676 0.26287185602376695 0.044549344240208774 0.37652534737538557 187 202 190 1.63
677 0.20075365298415662 0.1708558952843048 0.41910668913252536 82 71 64 0.39
678 -0.1948088101666737 -0.03477534239208975 0.5328170154686256 95 79 79 1.44
679 -0.12198103668663568 0.03440935437946551 0.5424399577398568 128 125 121 0.13
680 -0.1378575023232636 0.0065050331866376545 0.5538425683309064 68 63 67 0.92
681 0.049502476671722216 0.13743820685447328 0.5732922153117574 46 48 33 0.5
682 0.47798476560168274 -0.16630860776217465 0.965072134662218 134 152 169 0.76
683 -0.1930415509793212 -0.12067241899949324 0.571222328783973 110 130 150 0.92
684 0.629938726776774 -0.06154439464014977 1.01729081452783 126 128 125 0.52
685 -0.19847328517573862 -0.02445195907836396 0.5294115778058426 26 19 16 0.95
686 -0.0304577998633853 0.056797465374534256 0.6290695435273523 107 120 118 1.08
687 0.485552358186935 0.09662574772636025 0.9178597817471139 116 114 128 1.14
688 0.16562611184542994 0.08730261592439705 0.44806136181803013 49 49 40 0.42
689 -0.20206784355409896 -0.09844667040976693 0.5660455270822445 79 52 48 1.48
690 0.2700228899609453 -0.2037527485278564 0.8500261630925721 147 172 190 0.59
691 0.18553824219681 0.00815593120117202 0.3448299885737081 222 232 219 0.87
692 0.2719697233806417 0.1644147620960643 0.42715512517546894 38 52 31 0.35
693 0.4728755778902265 0.10262229981475393 0.910197072536482 48 52 49 1.37
694 0.2091803797750557 0.10697791703974152 0.43927498109981805 114 131 63 0.85
695 0.33019902923888217 0.12576532794299367 0.8188776101955835 47 34 35 1.12
696 0.10257187861350371 -0.017284486848539206 0.38690330037957227 140 163 145 0.75
697 0.486058419588295 -0.009345385227512912 0.9246772599287162 171 172 176 0.42
698 0.3073409708286398 0.160116012022943 0.5296049977690032 18 24 17 0.68
699 0.46094006868423265 -0.1604123664799779 0.9561311691985043 140 169 191 0.77
700 -0.021724502409486656 -0.16494803336816813 0.6703435502244666 83 85 102 0.37
701 -0.04643817091838319 -0.01863425631913139 0.6216231491854092 35 29 23 1.01
702 -0.0656588244035603 0.0036228154664317645 0.628387766439287 92 103 105 1.13
703 -0.016394999691285786 0.0940101587795305 0.6257259339690844 114 123 132 1.17
704 -0.02559366788900656 -0.11522352231712574 0.6619016887954268 172 190 207 0.5
705 0.030614593664190514 0.12399589970751532 0.6226245953105474 27 28 28 1.25
706 -0.0916482060884483 -0.10085425040122882 0.6162448462334026 110 106 102 0.46
707 -0.08674920658405218 -0.17345128896453238 0.6405015486693892 169 190 215 0.57
708 0.29906893470146323 0.17089124374459636 0.4595786793076991 167 185 177 0.38
709 0.4802391537868481 -0.16646673528045314 0.96585910635426 179 202 222 0.83
710 0.3023072950299296 0.0877323282773687 0.8241067152324903 107 116 124 1.61
711 0.32479818947377065 -0.08037427813462443 0.8406385359017087 155 161 109 0.45
712 0.3171664927805934 -0.23363409159310894 0.8691298712554698 49 42 43 0.37
713 0.022872839048139793 -0.2837823105761182 0.6950574851465335 47 51 54 0.63
714 0.27605639150773337 0.13816205423697034 0.6031959389636901 52 65 42 0.6
715 -0.057791725470407555 -0.01944937400634255 0.6128621432313057 60 54 52 0.69
716 0.3791314310986438 0.14561586825031583 0.8263628118192496 99 121 78 1.32
717 0.09370961921227103 -0.024814733794498122 0.37590355382117097 150 159 119 1.22
718 0.04201371806179142 0.12099240442485436 0.39079441503016604 150 145 137 0.67
719 0.21396768429122381 0.11968591090763052 0.39207581045002193 126 140 98 1.62
720 0.6104409068189103 -0.026473925463410156 0.9990878383070437 126 115 126 0.53
721 -0.056351856205391695 -0.07101863654135247 0.6270756906862608 113 102 100 0.55
722 0.22668412241872382 -0.08413445465988963 0.48990203734522464 154 178 147 0.9
723 0.09434950386810598 0.027469684657611664 0.4178263401036635 71 90 34 0.47
724 0.3161525093545413 0.1210695883781522 0.6383544117246835 83 90 72 0.07
725 0.1759224382842808 0.017014895547336963 0.3466805287004118 87 98 53 1.03
726 0.6547294596606483 -0.2344228833451778 1.073450324640902 127 92 93 0.45
727 -0.0689683373767477 -0.1697692590980076 0.6534462989052807 81 87 89 0.44
728 0.24966313087454242 0.020008642616168415 0.4022930633798546 143 164 118 1.09
729 0.16923711362312627 0.13197493548567665 0.43957893222090927 29 25 19 0.91
730 -0.15500779341925108 -0.12527652580288973 0.5858296664996857 126 132 137 0.76
731 0.07075974574967674 0.13358140857412748 0.6360730162800419 102 113 99 0.52
732 0.28075074444844594 0.1723805915081973 0.5589035438463262 159 166 158 1.68
733 0.0987497205985482 -0.022621710035710785 0.37516236392050134 114 138 100 1.28
734 0.21001609223176793 0.026746748376671275 0.35521171625919956 44 59 27 0.62
735 0.026546744794432534 -0.15312048365753408 0.681298138817771 58 60 81 0.78
736 0.2000057067448545 0.04608395430378645 0.3689343362446384 97 102 82 0.48
737 -0.021235455397941697 -0.22987531199186925 0.680373940090355 134 77 59 0.42
738 0.3496749580878092 0.09054613022131079 0.8228488177128449 146 142 150 0.65
739 0.3507357893488849 0.13209577824019259 0.8193878961490838 131 115 119 1.11
740 -0.017670128975633383 0.04450524992906949 0.461287160512648 61 78 40 0.31
741 0.23513591227938213 0.18261616520601368 0.47828158392546927 121 112 108 0.33
742 0.16290421086082232 0.08166930420733892 0.45071951238671876 73 69 65 0.78
743 -0.046902136747298755 0.016394541386684364 0.6348275975562871 72 82 78 1.05
744 0.47117191007195053 -0.1978726477168486 0.9674154554825618 76 82 85 0.69
745 0.23628107089266995 0.1118090262074475 0.4517726280866449 30 38 21 0.49
746 0.04089378962311588 0.1420483407645628 0.621509375670933 31 31 33 0.41
747 0.18818401095472254 0.023585152359842976 0.3347694928554026 107 122 92 0.47
748 0.2943180072916824 0.1729564351317922 0.43222427004616887 160 184 144 0.86
749 0.47558980107953025 -0.09456620469408429 0.9540861049918141 36 32 34 0.71
750 0.47454942876528955 -0.11995279176507931 0.9566472873661712 53 68 76 0.83
751 0.027259483552356745 -0.09877829749485385 0.6694531636462768 98 105 86 0.67
752 -0.07992221652991914 0.037081602645070134 0.5928904201007561 49 33 35 0.7
753 0.47657655612121674 -0.11068483428841991 0.9557657908934216 57 77 90 0.83
754 0.4822641584687951 -0.1390541791622175 0.9614402448403907 185 206 229 0.77
755 0.20629065163490387 0.10742680190933337 0.44033102577477923 153 168 128 0.92
756 0.20877470405683035 0.033718988480500374 0.34376935346682264 220 202 140 0.85
757 -0.0008529664731117451 0.1434296626752875 0.6128133488913575 63 62 52 0.26
758 0.46085487343086384 -0.1144842529912267 0.9494123404923361 170 192 213 0.71
759 -0.15903167779505792 -0.06416954229381716 0.5684257162076758 69 72 75 0.49
760 0.08988855581861492 -0.24508790481336465 0.7442974980669667 46 40 44 0.46
761 0.21954222333930487 -0.21229789262189158 0.8128921497789238 121 135 155 0.53
762 -0.08847545441733824 -0.14632704801970253 0.6298290928588185 70 61 73 0.71
763 0.17695326165705713 0.004456769857125844 0.34003697954734746 122 130 86 0.59
764 0.32317728702661125 -0.12312844652937636 0.854181035276508 91 80 88 0.51
765 0.17930354424638895 0.1183781173034702 0.42459149544364533 75 88 44 1.05
766 0.23796170752914797 -0.015865891168169107 0.47465752968943986 59 78 20 1.24
767 0.12332706133684723 -0.05264042026431748 0.4401298792456547 69 88 65 0.95
768 0.2624446207682188 0.16266669213052792 0.42843869978282023 119 132 103 0.44
769 -0.04302740373547129 0.04227135518743872 0.6266585074432829 122 134 140 0.56
770 0.5512412157584518 0.05070301618312796 0.7205877884669927 111 117 103 1.85
771 0.7029960559736692 -0.20597745366917564 1.098377514426006 136 122 124 0.56
772 0.6531280832516894 -0.2114418940666429 1.0706416223345383 36 29 34 0.29
773 0.207388185150097 0.10774809849190688 0.4353655431080879 83 90 48 0.97
774 0.5838650740628077 0.0010348549265808877 0.9824785548272936 136 122 123 0.62
775 0.21532460800462108 0.18792876301365027 0.498422403482778 130 117 116 0.65
776 0.2856153474842364 0.16822242812164864 0.4374235212075128 77 88 41 0.6
777 0.11175775193731649 -0.090127798173792 0.4786016556246984 90 121 40 0.81
778 0.4948749032491908 0.011445979111406528 0.9266341019461183 76 83 89 0.85
779 -0.18058252373691483 -0.027499835463795603 0.5426631417742015 93 79 82 1.02
780 0.3027082873531255 0.17002485681788243 0.46845390202082715 162 176 160 1.13
781 0.3047032284275412 -0.261062661048973 0.8660219604576549 124 115 116 0.45
782 0.16385418799475365 0.08036080449398204 0.4504311406181818 143 152 158 0.6
783 0.3316913864708458 -0.08032126372282514 0.8434472453114455 139 134 144 0.32
784 0.32265923686903974 -0.09418479458482627 0.8494786797371999 72 58 68 0.45
785 0.3131991472993512 0.14810595685724337 0.5217408447331005 44 51 51 1.04
786 0.024685593284287228 -0.16041294851228874 0.6821169952978003 67 73 72 0.99
787 0.28548114164766825 0.13716310953481275 0.8162273455706084 153 183 194 1.37
788 0.20939447386259835 0.04697411846351978 0.36494343036301913 174 183 142 0.43
789 0.3754166844611313 -0.14572586027977155 0.8842009286170541 173 177 185 0.47
790 -0.06970089072662738 -0.1678545144352837 0.6521051591080845 50 61 65 0.42
791 0.30317411866692545 0.17057760730662855 0.45000861172417744 171 188 181 0.63
792 0.42658467643376713 0.03509325071251976 0.8825679199418582 79 83 76 1.02
793 0.800721975443044 -0.09349388392043192 1.1510136262643238 157 174 196 0.43
794 0.8304279609183541 0.13480600301609988 0.7847146807544884 17 26 18 1.73
795 0.7979021129885706 0.09026774298821821 0.8207952207771291 37 52 52 0.55
796 0.08221673668135067 -0.24726165617847112 0.7383424440185798 27 29 32 0.85
797 0.488238798446835 -0.222568212209451 0.9689013692843405 63 55 55 0.42
798 0.08560744708897554 -0.24317973624641936 0.7432846461230102 19 17 18 0.74
799 0.6456426064721138 0.005102039404671387 0.7206770073881035 103 114 76 1.3
800 0.02787692198432815 -0.2822286284573243 0.6989220908049849 22 23 26 1.04
801 0.09786772084920049 -0.1341173636164411 0.7438279317751819 59 65 73 1.25
802 0.6198082185951324 -0.09038266000603819 1.0364424311754314 110 156 185 0.58
803 0.8222947999098473 -0.1947583286615475 1.1723601578175424 108 108 112 0.43
804 0.8844952140775604 -0.10132059762725529 1.1862945864956764 158 157 157 0.44
805 0.7706564918477619 -0.11772905346351112 1.128259516492648 34 39 50 0.7
806 0.49225603863518663 0.01140956390829539 0.9256482264443011 76 76 76 0.45
807 0.440899054040812 -0.25226383612733244 0.9454677939802146 107 100 97 0.38
808 0.8001040397771269 -0.16467657481152706 1.1707263234789917 218 222 216 0.36
809 0.8275070318528288 -0.10428721139319884 1.1605831519990215 75 72 84 0.63
810 0.4357821398255304 -0.01679871399691286 0.8976569944686702 89 88 93 0.69
811 0.8637466435202196 -0.16713720502137738 1.1863476833869067 143 141 141 0.33
812 0.8542678730991711 0.02052596715840526 1.1469770382514377 139 137 138 0.45
813 0.5872408598731504 -0.12283206762116489 1.0130923345694907 150 150 152 0.43
814 0.7328053283532299 0.020188034588571966 1.0672786557140626 122 122 106 0.73
815 0.27134130341500046 -0.1539857956303028 0.8419890127559595 162 186 204 0.6
816 0.5741991202965281 -0.16440514326056896 1.0086130155849398 111 63 55 0.47
817 0.8806385519564485 -0.0006824546374786923 1.1640972175038753 86 80 85 0.46
818 0.9569917052173258 0.11954755579756556 0.9385193318378438 18 23 20 0.26
819 0.9383374561560202 0.13875922157723067 0.9765660339283485 23 30 28 0.8
820 0.27147852073807155 -0.12684441619115092 0.8386359255550822 130 152 168 0.84
821 0.635778308063485 0.016396958055004907 0.7029341451934179 70 75 67 1.38
822 0.8550604874866437 0.014203516594558032 1.1476047045325104 137 134 135 0.39
823 0.764527813270343 -0.06910925140330271 1.1114205184294745 63 63 72 0.6
824 0.6247399754011165 0.022966641976144606 0.7540985607374029 66 72 69 0.75
825 0.8543876195889927 -0.1121813608483002 1.1702297765350862 148 141 140 0.3
826 0.4682856394997081 -0.24979630394290409 0.9627258495771147 99 86 87 0.44
827 -0.062194108946805014 -0.04037497141601247 0.6193657709651091 107 105 107 1.63
828 0.5934514366488285 0.0276021182545547 0.9839635421808564 151 154 157 0.65
829 0.42911522660085766 0.04149176307690128 0.8935137022647046 112 125 141 1.13
830 0.5981057028002857 -0.10205105428123817 1.0264462540737005 48 67 77 0.63
831 -0.09330169225794346 -0.10549411401749481 0.6104101069546908 80 85 86 1.47
832 0.30805971086813366 -0.25485814369538246 0.8668528927984783 101 88 85 0.71
833 0.7691464593188845 0.029461688490553535 1.089284538489371 24 24 25 0.56
834 0.6371683519883719 -0.23655328377210197 1.0596070473674744 109 94 93 0.41
835 0.5923720199221422 -0.21513409803802744 1.0334235936410525 21 19 23 0.44
836 0.8249390874033448 -0.028804100722363026 1.1337360908326202 149 148 147 0.17
837 0.6315392512273988 -0.18348368400852738 1.0598496146275143 117 133 155 0.53
838 0.8152550038303333 -0.1480740548374442 1.1701783461082385 133 155 182 0.57
839 0.8613687239109024 0.08830206820795251 0.8227250613873907 73 90 52 0.85
840 0.49699744102134286 -0.07880132294974261 0.94556820036451 132 123 120 0.47
841 0.7712607888361761 -0.08584312807355153 1.1281728744232513 97 141 199 0.68
842 0.6095539209406117 -0.0034182236821038367 0.8323352212022258 115 122 100 1.44
843 0.5578951338380714 -0.2765887341653895 0.9896221473789318 49 50 65 0.55
844 0.41392625700428465 -0.11630061576254083 0.9044061503013651 166 172 175 0.54
845 0.7638278678340318 -0.12587785395637782 1.1260771384949186 179 198 216 0.81
846 0.7528740389803479 -0.14163268960874975 1.112789437911057 160 160 160 0.36
847 0.48512234854614356 -0.025058924158750627 0.9275404249978015 140 138 135 0.48
848 0.7103352616709561 0.1514370956969543 0.7264151884580443 58 85 54 0.93
849 0.45108314821105705 -0.1404021661817821 0.9421321332762026 102 118 138 0.27
850 0.8083843286701679 0.023054850267659695 1.3777792122678723 96 87 79 1.34
851 0.633955118332483 -0.10496222671531714 1.0462378822507923 167 191 213 0.44
852 0.9264788357734267 0.1528241612445333 1.1460388305962037 67 73 72 1.75
853 0.7731555367010073 -0.08338500424725424 1.1282475255992297 98 138 197 0.69
854 -0.01357910479108063 -0.29705970372017304 0.6669896059392458 91 92 84 0.94
855 0.9561921547036039 0.157044625480372 0.9946333679746879 58 76 61 0.4
856 0.7836696858847249 -0.005862594184153546 1.1060432554600088 161 160 160 0.32
857 0.9104933312244085 -0.032371752610370334 1.1897814179209139 150 150 154 0.47
858 0.836092167621836 -0.07798374814312181 1.156064360640301 143 144 146 0.32
859 0.8405701103151326 -0.15786148696669855 1.1728594948407318 131 124 122 0.55
860 0.6784190128563277 0.017093014142364762 1.0382677437613357 122 124 122 0.35
861 -0.03879473836178883 -0.2351923571760217 0.6733622381870938 179 214 255 1.7
862 0.8431350707951154 -0.13058762197319063 1.1681727634952486 62 64 76 0.55
863 0.7817653009561668 -0.20979513051807855 1.1434103680279373 88 81 82 0.66
864 0.618927245429889 -0.10083541677652319 1.0389335050407322 67 93 103 0.32
865 0.2864770708443635 -0.2568509490236446 0.854122359431781 112 103 100 0.61
866 0.7762003024416927 -0.23779041791950595 1.1427937302517837 82 76 78 0.55
867 0.6724770228233279 -0.18500576399498211 1.0719384299025776 111 114 124 0.6
868 0.3791133496866995 -0.1803851320881952 0.892929270714566 137 148 152 0.61
869 0.780499484624241 -0.11891923423406 1.138063582674434 30 31 36 0.24
870 0.46456807174119535 -0.21638114981224732 0.9591905514225223 83 90 91 0.39
871 0.6572556976242317 -0.1273637467734314 1.05663458392129 100 105 115 0.46
872 0.777817948138677 -0.1990633849553149 1.1539987832055618 73 76 82 0.23
873 0.9064135011532128 0.08462843572708201 1.1635989708168797 142 144 151 0.71
874 0.6317390734434875 -0.007428504055180575 1.0135800013849119 123 122 126 0.36
875 0.6918086535612173 -0.0978359361700592 1.0655428693144526 102 105 111 0.75
876 0.5941426613767194 -0.1075883941181081 1.0250143358851656 143 163 182 0.45
877 0.9039949784255357 0.10901481908256397 1.1461393437932128 113 114 117 0.72
878 0.6517089618343851 -0.003581100367132553 1.0201034557884774 137 137 139 0.49
879 0.43855209159779746 -0.16903889528658783 0.94012679338778 106 124 139 0.49
880 0.9116031311964417 0.09582241502931838 1.1534916010491558 95 105 107 0.76
881 0.8261861722653304 -0.08860457159421516 1.1563678512290103 164 173 194 0.29
882 0.431408968619849 -0.09469757481706514 0.9221062435637116 21 21 24 0.93
883 -0.021895354684888017 -0.25802037517791476 0.6765723147849466 77 63 64 1.53
884 0.6317999213224698 -0.205211271338525 1.0619280166231413 95 105 121 0.36
885 0.8057800141614594 -0.06793345265971658 1.142205994008122 178 196 218 0.13
886 0.6099593844794281 -0.13577099871034462 1.0412214300320035 189 209 227 0.49
887 0.7656082324349558 -0.057527143880394725 1.101394581273044 108 109 108 0.52
888 0.6495199011617683 -0.2116338129920016 1.0664312433634253 31 27 31 0.39
889 0.5634127407202701 -0.22350850250283927 1.013385032358499 145 144 144 0.45
890 0.883604769608455 -0.0455049168639814 1.1729743561200758 145 143 144 0.28
891 0.8908494574638935 0.059170586027297516 1.156984354830274 107 108 111 0.47
892 0.6734740025868985 0.08961294358841959 0.7447169158211591 60 43 36 0.96
893 0.6357826733924657 0.008429765600123979 0.6756235279114671 56 63 38 2.09
894 0.8181972468092702 -0.19670583756445467 1.1718905276160627 87 83 83 0.41
895 0.09315015174326419 -0.2154807079290096 0.7556594312507556 112 131 146 1.19
896 0.7015653774315858 -0.2033240530571344 1.0906960148694096 94 82 79 0.72
897 -0.03625947263748363 -0.18138197470194167 0.6520988163086398 65 67 72 0.29
898 0.6249633332528736 -0.05094581906803684 1.0166067835145118 153 154 154 0.63
899 0.9145469102861742 0.14134116105528544 0.8477475315090466 33 43 29 0.34
900 0.6018611670804807 -0.06892167394438091 1.004659572241074 115 116 123 0.57
901 -0.016245077429716627 -0.017817775767435897 0.6382809628409253 61 52 47 1.34
902 0.662418600728586 -0.07240352290801468 1.0447642078711152 122 131 155 0.4
903 -0.03508343424653179 -0.22414546522961684 0.6714756861126356 165 203 241 1.48
904 0.9111423002190232 -0.02885822149032006 1.1897540385743683 136 140 145 0.51
905 0.6795707223801405 0.059080600469650225 0.7549226488772912 89 91 61 1.38
906 0.8456747305585247 -0.06969832731294498 1.1584240417816933 97 100 106 0.39
907 -0.057558265023780544 -0.3074058688813667 0.6316344982319041 40 39 39 0.83
908 0.2925417637236616 -0.12458389129363436 0.8455233502447799 99 120 136 0.86
909 0.5686100398299572 0.03523466842918679 0.9666754164471208 143 145 145 0.84
910 0.667467031307556 -0.05524963947063786 1.0439957114595027 90 83 81 0.55
911 0.256625770328161 -0.1549925271575047 0.8289981669410709 154 179 204 0.76
912 0.13311043097943573 -0.1835008685390564 0.7645687358808138 126 126 124 1.21
913 0.9480841338669251 0.10417870129082724 0.8923675719830928 120 142 141 0.34
914 0.675244030087815 -0.16665324451404528 1.0694609996329851 156 157 155 0.67
915 0.931703080091212 0.09903746671733252 1.0068705683176087 56 70 74 0.64
916 -0.027250399572918832 -0.19610042075312775 0.661761410580676 177 213 245 0.41
917 0.6314917931083353 -0.10540907074312755 1.0452111859155309 146 175 197 0.47
918 0.905214173571545 0.01712783357403813 1.1775290481041532 145 144 150 0.69
919 0.6706183226163633 0.03886576664122065 0.7419198881613808 84 93 67 1.04
920 0.6860965954491237 0.020330136260476556 1.0431390578470507 131 133 131 0.28
921 0.8935627288039466 0.12862382958606713 0.8786497338892428 16 20 19 0.71
922 0.03164976268905636 -0.2996818183798876 0.6936797129694933 57 57 52 0.87
923 0.27550534961589634 -0.22678501689902322 0.8505737457476805 57 64 65 0.41
924 0.4601573941487364 -0.16811433789747401 0.9523515854776564 125 142 157 0.32
925 0.7959741443914399 -0.1499993204250744 1.1585986526536007 140 163 193 0.49
926 0.3530004604205077 -0.11582365475295679 0.8645777940373598 110 121 126 0.54
927 0.8621003870189318 0.03512987831122198 1.1503441225976594 109 106 107 0.46
928 0.8125754590905776 -0.15723517701462283 1.1726875136825399 100 140 193 0.56
929 0.9087448625614342 -0.2388959497243372 1.218894912862033 86 92 94 1.15
930 0.6018780846005943 -0.16065189531363003 1.0428823582122344 116 143 148 0.74
931 0.4909668184799616 -0.08501321617573016 0.9455878780957382 148 152 155 0.36
932 0.667381994257006 0.09762058314177947 0.7516884632440298 109 138 164 1.19
933 0.6417885180082705 -0.006329555158252338 0.8016348842609468 73 91 49 0.41
934 0.8958429290688208 0.13050986618889315 0.8933409522395988 16 19 18 0.7
935 0.552496955324219 -0.26774775339290635 0.9903452351771123 42 40 45 0.53
936 0.8153084595831817 -0.20959757019108688 1.1659240994099034 109 83 83 0.42
937 0.6432041671154166 0.07488581278890902 0.7378638526959106 78 79 73 1.74
938 0.8232052653793834 -0.20385584836441445 1.1717091287925236 36 32 36 0.42
939 0.30946254643296556 -0.20197922178577052 0.8640331173804147 120 137 143 0.51
940 0.4906287134395338 -0.18683799296259979 0.9628306899620127 152 153 156 0.36
941 0.9288619997009617 0.1052283328852266 0.8805704075694465 50 67 52 1.17
942 0.7101449996590636 -0.22996839299870686 1.099840839504453 125 112 109 0.53
943 0.9657458167842323 0.1016394513904825 0.9372369186656117 63 78 70 0.83
944 0.920999492149483 0.13572488662795085 1.1641070901838928 94 85 80 1.0
945 0.6304458862794055 -0.005585210978539874 1.0115901743808287 104 105 107 0.36
946 0.41964961056454975 -0.22832622198620692 0.9291291001729584 27 25 27 0.58
947 0.5893930702026383 -0.16216574592218108 1.0312850134435587 147 163 184 0.4
948 0.8422152081624853 -0.08625061274717111 1.159085938507686 152 153 154 0.23
949 0.6402396752070724 -0.09064838523534036 1.0454123373751505 176 215 241 0.56
950 0.8261576858547616 -0.20853655353690925 1.1728070996388273 87 74 78 0.48
951 0.6665279101302064 0.07653329504688976 0.7699407671036381 61 58 59 1.4
952 0.11012524874907346 -0.1364586908620953 0.7561560800610498 98 113 126 1.31
953 0.7818106626292431 -0.12423350607400124 1.1407214956272604 189 212 232 0.34
954 0.6718542875993674 -0.034190834385134095 1.0390072768854632 77 75 81 0.8
955 0.25301820207021714 -0.15306638126980315 0.8215028841165418 45 35 43 0.61
956 0.933268050302566 0.09032480652562183 0.9824213992826383 86 94 89 0.54
957 -0.04245453347389662 -0.1040045050962864 0.6201148919324114 88 92 94 0.23
958 0.6267933694538378 -0.016376872675830708 0.8392221331859037 96 115 85 0.83
959 0.6030734436404456 0.022668829081394528 0.9899758874772806 16 16 17 0.44
960 0.9132524405533159 0.0692678608264017 1.175495666108195 135 137 138 0.97
961 0.8802750107997117 0.13299973510194038 0.8360393385684876 16 19 16 0.94
962 0.7973449436991213 0.003867813922656179 1.1103682322691497 152 151 148 0.37
963 0.49225603863518663 0.01140956390829539 0.9256482264443011 76 76 76 0.45
964 0.80400986360757 -0.16269759534028716 1.1739621130973932 255 255 230 0.5
965 0.5891577674217547 -0.2421269416727144 1.0319728217092552 99 84 81 0.35
966 0.4447172628705879 -0.22539181424787819 0.9481950143024321 34 31 32 0.46
967 0.6744487053521887 0.0466666966698664 0.7904056759098288 95 105 71 1.12
968 0.8395103408407787 0.16452991637961936 0.7514872939006974 44 42 34 2.02
969 0.6242116501791035 -0.10570526522521909 1.041907715297564 129 148 167 0.39
970 0.6102209323440032 -0.25222748162055136 1.0461356614060648 64 56 56 0.44
971 0.7608476752451272 -0.15112289812763208 1.1347680470542272 161 175 191 0.25
972 0.09196778456330928 -0.1433734286836096 0.7408628069697231 31 44 53 1.15
973 0.8320143696043638 -0.04794313172280219 1.1432875051182012 42 36 31 0.16
974 -0.0708794172389422 -0.011181392342911949 0.6153095888345471 23 21 16 1.61
975 0.8825005784533679 -0.022841277151079784 1.1703838380691562 134 133 134 0.36
976 0.2801490408425038 -0.2307562701841662 0.8501401541480452 48 41 38 0.39
977 0.46440266390289237 -0.09685682963393565 0.9430102739002226 80 102 109 0.43
978 0.7573856021618782 -0.09589788945389034 1.1094743915040663 154 150 149 0.44
979 0.14235839450037302 -0.26802147673357046 0.7743606296756473 99 88 86 1.26
980 0.6049643642539562 -0.18860090237186516 1.0489842376949992 163 188 213 0.68
981 0.31044848694210736 -0.17113149085717225 0.8589157360036082 86 115 128 0.69
982 0.32330046284609204 -0.09424421113309572 0.8437773047336308 133 147 161 0.82
983 0.9015288329868509 0.069993271256202 1.1607143582709498 131 130 134 0.58
984 0.7964913791281755 -0.22448873676547518 1.155162717349227 143 130 127 0.4
985 0.4304537582647075 -0.09230280859747478 0.9200916111569081 63 85 104 0.83
986 0.4208164647729368 0.01039010955363209 0.878207921347878 120 124 126 0.76
987 0.9254443555964191 0.15212653320776623 1.1497859460106172 51 57 49 1.79
988 0.4698392170021183 -0.11380906802430121 0.9462078503279533 127 146 163 0.34
989 0.43110562434256344 -0.11210711626951786 0.9268597154824558 51 68 76 0.95
990 0.6538277933296573 0.06285076157696966 0.7332335631911543 75 88 83 1.58
991 0.6200671419533645 -0.012060549949963858 0.8406438794642197 109 116 84 1.51
992 -0.023378724509692125 0.06449191251280918 0.6041676813617464 64 64 72 0.58
993 0.8834555479880072 0.0098768017270671 1.1646268832594062 140 139 140 0.55
994 0.6680937165014823 -0.060908154049228946 1.0450116813813348 105 104 110 0.66
995 0.707539735078171 0.018722239563073083 1.055593585137111 66 80 75 0.62
996 0.5875124712687959 -0.13146756908229676 1.0163275468478696 84 84 91 0.32
997 0.5981050276244073 -0.08076875100430478 1.0169000280678375 166 185 202 0.48
998 0.6699330661352824 0.01390626050784066 1.0327819674386154 128 135 130 0.28
999 0.8767343130276039 0.1541843297132699 0.8168322683792211 19 34 31 0.59
1000 0.8480736253148125 -0.05689892985289265 1.157120320526598 118 118 122 0.25
1001 0.5536720734674827 -0.03594389028972873 0.966658339969494 47 46 57 0.61
1002 0.3230957759906588 -0.09692624494360404 0.8447821969814733 58 61 59 0.95
1003 0.4611300028187177 -0.19212794864063648 0.9572397770636081 145 160 176 0.45
1004 0.8832517866476387 -0.0981976710391292 1.1840262261001708 114 107 111 0.36
1005 0.4461864273820519 -0.09106666978105356 0.9319444433012777 131 149 165 0.52
1006 0.25300480223101934 -0.09990757726654405 0.8128074649294101 61 55 60 0.99
1007 0.8977307913701921 0.049783859125644536 1.1625664292360958 120 122 126 0.49
1008 0.43611622753773177 -0.256622434585696 0.9423676984115731 105 103 100 0.38
1009 0.7880906512123891 -0.022874866229101 1.110322566157539 150 151 152 0.27
1010 0.9190486891067179 0.10311908139967409 1.189358329853288 54 69 41 1.84
1011 0.9118232261493082 -0.007605271141626497 1.1870776218304107 67 77 84 0.63
1012 0.5695179551560137 -0.14822785403727662 1.0055277604235837 72 71 79 0.4
1013 0.38185793028484794 -0.18219819819680216 0.8951031168705587 163 164 163 0.58
1014 0.11073085641746708 -0.2713360480486757 0.7574021327485685 103 102 97 1.34
1015 0.8408409439727752 -0.09028617007956803 1.1596304413680931 150 148 147 0.36
1016 0.6096132619547248 0.0017844708118469122 0.8266429260647554 122 124 122 0.71
1017 0.8427493173688463 -0.05322023871853488 1.1520874928849236 141 138 138 0.21
1018 0.7998546201286109 -0.2211373143764572 1.1571715222390264 131 116 114 0.41
1019 0.9609818784622205 0.09837361259065452 0.9546722987264659 77 75 48 1.2
1020 0.6178075241448847 -0.01825295354215924 1.0088036348896974 137 136 137 0.48
1021 0.8207318230542952 -0.17062857974484363 1.1702197623630426 180 200 224 0.38
1022 0.0953912199027953 -0.16390501147423733 0.748805604098731 140 162 181 0.79
1023 0.8875657424781085 0.05874807410411503 1.01657832705797 46 59 52 0.82
1024 0.4284312149674992 -0.2639817932123605 0.9351620331820218 95 107 111 0.58
1025 0.9135463925197433 0.07256283827289617 1.1764385929542422 151 153 151 1.12
1026 0.6853383868879082 0.052204721255033275 0.7793891722188875 73 78 68 1.17
1027 0.7728152155928368 0.03522392959951331 1.0921005779057416 16 15 15 0.6
1028 0.9117568419854475 0.0979931601629216 1.1481920052675845 40 56 45 0.75
1029 0.8981050340269456 0.13882045868632378 0.8374421043246307 22 30 28 0.8
1030 0.8978747400397273 0.03828854552562729 1.1690512392099606 140 142 149 0.83
1031 0.8107892180360636 -0.2181391693125989 1.164240611401725 109 87 86 0.33
1032 0.6080489126080535 -0.0005047620851566217 0.8307426341056118 54 68 33 1.46
1033 0.9089323590005494 -0.07688529639045531 1.1998356417709044 167 176 181 0.33
1034 0.48521665583710066 -0.22851498538513393 0.9676025556223837 85 76 82 0.41
1035 0.162324679729765 -0.27975994924595304 0.7826677846699834 69 80 83 1.37
1036 0.6421586606491289 -0.016049597039944807 0.8074819340541941 90 95 70 0.62
1037 0.7768045641706636 -0.17540166906229981 1.1511194499912907 142 162 180 0.32
1038 0.9135666055715416 0.05398535917787283 1.1773577688553492 135 136 135 0.77
1039 0.6716522901412788 0.08523223532504468 0.7565987939191523 101 117 94 1.54
1040 0.2556243262038677 -0.12748234221321986 0.8259197847312614 157 184 208 0.9
1041 0.8513452109996744 0.021531929612991302 1.145213235875527 129 125 126 0.48
1042 0.14622549969675003 -0.2416733514330709 0.7741255068863635 84 65 58 0.74
1043 0.8429458511931666 0.10128570379652439 0.8011255518750128 59 67 60 1.49
1044 0.8178717404259693 -0.16031747569905708 1.1707523351928895 153 184 219 0.51
1045 0.9961667215353297 0.16201976414800645 0.9432219590762645 29 36 26 1.35
1046 0.9901833346395552 0.15760694126593902 0.9299772362875058 22 26 21 0.74
1047 0.8473402717812873 -0.0727455252674967 1.1599233261938295 145 143 142 0.29
1048 0.7811427450552288 -0.22294057376650792 1.143361263136798 103 74 73 0.41
1049 0.9014770120965447 0.09918438762640369 1.1522924619069652 121 122 127 0.64
1050 0.9827052946921255 0.14656955553327683 0.9151647353358923 29 44 33 0.43
1051 0.8586022946723563 0.15276521323405237 1.1158853224224543 41 40 42 1.03
1052 0.7807159294939737 -0.09638846660909313 1.1378222109216884 127 148 176 0.5
1053 0.7701748584697835 -0.07866305138561658 1.1251373352072043 77 72 74 0.43
1054 0.7459837873409578 0.019631596213863838 1.0780504904848125 133 132 132 0.57
1055 0.8176528066856996 0.006611984591362227 1.361294013936224 110 114 115 1.43
1056 0.823081666799443 -0.11814135817977015 1.163344463606738 131 149 170 0.55
1057 0.8216200625966039 -0.14345240302456394 1.1677291276995556 180 197 221 0.42
1058 0.8910564829939727 -0.12164829673152427 1.193104299289961 160 162 168 0.24
1059 -0.017843475855338485 -0.2536446822345957 0.6790185547200275 102 89 85 1.27
1060 0.818783637489075 -0.11635587458602652 1.1623897847071016 35 35 35 0.54
1061 0.7784298041415298 -0.15092729812092076 1.147696572191694 158 178 200 0.17
1062 0.22545087629588828 -0.27375524504057597 0.8185331888873233 54 51 51 0.9
1063 0.6592737845668909 -0.10209773902376161 1.0510484015084725 157 183 203 0.46
1064 0.4401903494371941 0.01169954318012452 0.8960693059449057 22 19 18 0.79
1065 0.8519564336894275 -0.10072809326447071 1.1671569481814104 146 146 144 0.24
1066 0.8347505593345541 -0.15289815729441625 1.1704819619814064 144 138 136 0.52
