# Image list with two lines of data per image:
#   IMAGE_ID, QW, QX, QY, QZ, TX, TY, TZ, CAMERA_ID, NAME
#   POINTS2D[] as (X, Y, POINT3D_ID)
# Number of images: 76, mean observations per image: 565.605
416 0.942448782250523 -0.012426498903495595 -0.2957803588873027 0.1554022324954023 0.8157442174897382 0.05229000555334454 0.05250762136228687 416 image_000416.jpg

417 0.9990760698032999 0.04233449849229555 -0.0005366337997302494 -0.007383467366450773 -0.021373687974663155 0.017570943427725888 0.050180025778835576 417 image_000417.jpg

2 0.9999579276411996 -0.0060723079382137505 -0.006819871434970243 -0.000875823884961871 0.018997905421573126 -0.005814629306166377 0.4087622291647093 2 image_000002.jpg

98 0.997874115367922 -0.05956506173150267 -0.02585725757496836 0.005536104263988439 -0.008855879028652841 -0.0497606127386194 -0.08927348281257035 98 image_000098.jpg

196 0.9676811303682498 -0.21966182862704298 -0.10594923921605853 0.0641612435306023 0.34209528649011123 -0.5151245056522809 -0.39365733225025157 196 image_000196.jpg

197 0.9667566711503577 -0.2318528575923998 -0.09851385479420705 0.04382690138484575 0.31691136557469657 -0.5374790854383156 -0.38380589428937795 197 image_000197.jpg

198 0.9682387704980944 -0.22778732452371395 -0.0955233457720548 0.038754470332807274 0.30995392585904263 -0.537392063345359 -0.3899046907127371 198 image_000198.jpg

355 0.9984960423655873 -0.026559087667797753 0.04154104303711946 -0.023970923476201937 -0.08947159677245589 0.03767910359554343 0.06164540963368173 355 image_000355.jpg

233 0.5812183738022163 0.19110500051980195 -0.19128710044922 0.7675112161352262 -0.06765860671708844 0.728452621098702 0.09159887694201632 233 image_000233.jpg

299 0.9985419682823535 -0.05290073909143952 -0.009877569331886054 0.004229191214103376 -0.03526230677088189 -0.06164732926037765 -0.07097131844566805 299 image_000299.jpg

364 0.9745421461377244 -0.19684279933659782 -0.07306356235522078 0.07862714700305523 0.24401186736782526 -0.3675065793534431 -0.34096637513408273 364 image_000364.jpg

459 0.9199573017088593 -0.01222178137410708 -0.3672647223851597 0.13654963525154623 0.6113320034339704 0.12325273795461379 0.32260079923133783 459 image_000459.jpg

464 0.9448226560526348 0.06703638488434148 -0.29029377860430916 0.1361829912421489 0.7695573654072743 0.1850769609924655 0.36752907448407396 464 image_000464.jpg

337 0.9946527991812608 -0.06722122588487976 0.07443806977409631 -0.02461892686793748 -0.20121961662027102 -0.18026728932192665 -0.23330125217479558 337 image_000337.jpg

306 0.9724711735540872 -0.23055830160603474 -0.03233222255650795 0.009864216305116101 0.05186994696738411 -0.5006499626680185 -0.37961854446051313 306 image_000306.jpg

181 0.9122177273853672 -0.01557234214062938 -0.3715930717672753 0.17185726098845144 0.7849808620019724 0.11028664887481157 0.2239011440706506 181 image_000181.jpg

118 0.9818240604511086 0.04535754304498132 -0.17982564286341243 0.04033537108936018 0.3756861981904304 0.007907908856612751 0.10182398694921668 118 image_000118.jpg

507 0.9996301495637565 0.01425030058156238 -0.022198683654489765 0.0066114718104461215 0.024538278929795897 0.035608537475725635 0.12077519079119749 507 image_000507.jpg

248 0.9947575783609817 -0.09951721642582606 -0.02290632674720374 0.005383587600511604 0.03426027882462588 -0.3246048820726368 -0.44673961104777543 248 image_000248.jpg

371 0.9947264365249973 -0.034146598844484316 -0.06971304625352084 0.06703296041050677 0.2380164424574377 -0.18345832053175481 -0.3691978018469014 371 image_000371.jpg

119 0.9776669998435475 0.041349826141703516 -0.19278447212571947 0.07274323526194726 0.37573301095589395 0.01818791174531519 0.136216307865488 119 image_000119.jpg

524 0.997710417520406 -0.012146395630153982 0.052256131372947656 -0.0411786984995912 -0.17127372525882525 0.06069538560388478 0.041739471028540254 524 image_000524.jpg

162 0.9312018404986777 0.03683328440967328 -0.3424839987477691 0.11921057921892382 0.4369686926320774 0.09891893358786111 0.3298299815051766 162 image_000162.jpg

502 0.9254971858585462 0.0326851827111763 -0.35730179116879945 0.12133451418118735 0.42590045147068384 0.10129400265989214 0.36513613203739903 502 image_000502.jpg

195 0.995409608000247 0.03028023121409424 -0.080587701101945 0.041814292502423425 0.14588124078478912 0.004831536763763032 0.01550709119930212 195 image_000195.jpg

436 0.998047995534384 -0.016914108656315912 -0.05856158721817054 0.013588769907141278 0.02268333556635887 0.04913080160104635 0.06629406480462796 436 image_000436.jpg

103 0.9993709443841688 -0.03283990364041737 0.0020674424618640046 -0.01322806146790454 -0.07617414613438354 -0.11417863134117523 -0.20420143444948785 103 image_000103.jpg

492 0.9765360178936251 -0.21304030542634006 -0.028784742091644996 0.012754217915900257 0.024128756530867084 -0.3635706479798928 -0.29916038488928026 492 image_000492.jpg

101 0.8950425411610141 0.0006644166102815763 -0.44088886299792385 -0.06719687517226393 0.640082545435068 -0.1347995324030733 0.6910049308037033 101 image_000101.jpg

376 0.9669562282619251 -0.2546408941216974 0.01227587669621565 0.0017229173777233927 -0.04175159138341247 -0.6361911757636954 -0.4335217843681809 376 image_000376.jpg

377 0.9682301651970139 -0.24957807357847608 0.014205734451491495 0.0062717466060427385 -0.05784237123787147 -0.6276069004981786 -0.43186913621729034 377 image_000377.jpg

157 0.8551979135292643 0.06310197800662154 -0.47388976102267405 0.20020779472148753 0.5681096562663379 0.389625338202486 1.1214931970538213 157 image_000157.jpg

522 0.9747190481500857 0.05665280721381241 0.19017487032579133 -0.10269740809133657 -0.8956952000649056 0.17913253898615075 0.35089746468344685 522 image_000522.jpg

516 0.9543070084027285 -0.033283027016213294 0.2710365847501615 -0.12136529758492287 -0.7339658458792787 0.0027541516179334447 0.4844203914975477 516 image_000516.jpg

23 0.9956911913738449 -0.013176969079898567 -0.08929086045106487 0.021273627201253986 0.00821384543405257 0.04735531380563028 0.06842808663279853 23 image_000023.jpg

452 0.9687398207104015 0.019980501461674304 0.17857384698513998 -0.1710419204184557 -0.8823104787826469 0.22482712856214412 0.16642929325929687 452 image_000452.jpg

93 0.9520578241625959 -0.11235458803563377 0.23323130935950082 -0.1629892571136822 -0.7727311554467371 -0.060242318597826264 -0.10325284529629394 93 image_000093.jpg

178 0.9767604002389946 0.039713444551735 -0.2023950098936342 0.05829428546228657 0.381013305725227 0.05550421009964413 0.695561002696242 178 image_000178.jpg

380 0.9978486664958526 0.027552764793074887 0.05944885327403029 -0.002170782566424124 -0.247288400916583 -0.25056255045530074 -0.5544482718585918 380 image_000380.jpg

193 0.9965330491411661 -0.05457284874282449 -0.048953615606153404 0.03933483657060477 0.07141091793569823 0.04080862909104938 0.039995553166334734 193 image_000193.jpg

472 0.970376103282296 -0.24095659314695 -0.010741819498362877 0.013955569441334003 0.005250969488799934 -0.4272775155734527 -0.31173145078059844 472 image_000472.jpg

21 0.9948366995059137 -0.10062387053275604 0.005960342577514472 -0.011800789662950737 -0.044574909922894285 -0.29125788323108504 -0.2823685504107382 21 image_000021.jpg

213 0.9936702146209695 -0.014647749683546945 -0.05714062117314973 -0.09560281684442855 0.056564734768875795 0.019335336200669503 0.14444533544455523 213 image_000213.jpg

234 0.7514348047053375 -0.1677659777269298 -0.17764003278163892 -0.6128982554856973 -0.15864283582947022 -0.6913953192658258 -0.31227488285119476 234 image_000234.jpg

435 0.9952959336143731 0.08645068575905802 0.03425530470913485 -0.027182083821467275 -0.06014738054299148 0.019007473538527164 0.736653449111815 435 image_000435.jpg

4 0.9481835405822191 0.043700026048815045 0.2828170170569702 -0.13803192212677734 -1.0741195424677215 0.2366888661691396 0.5394039263661243 4 image_000004.jpg

418 0.9813828710754647 -0.06690273828579504 0.14795312976196778 -0.1025745968075605 -0.44421443021755475 -0.09775456353561571 -0.234179008758202 418 image_000418.jpg

338 0.6532290537802921 0.010417650072584201 0.21446655974709336 -0.7260767668945743 -0.36906635636142937 0.4390980306874992 -0.3420518292961139 338 image_000338.jpg

42 0.9860104266958262 -0.1621919869469885 -0.03614191461722752 0.013074850461000907 0.046265244247022996 -0.4237087341431518 -0.6483838426981096 42 image_000042.jpg

316 0.9693467399645004 -0.08050178206778351 0.22446661386297492 -0.05917015908056705 -0.42227577566600694 0.009237908448880592 -0.020468955401110683 316 image_000316.jpg

70 0.9235382825310168 -0.196700469966019 0.2645724589611755 -0.19592706480113325 -0.8336022752637318 -0.21064309685208188 -0.1633352883135352 70 image_000070.jpg

419 0.9323817374982974 -0.13325475315812332 0.27828780410973636 -0.1883171832525479 -0.7850348313651354 -0.15530231661246766 -0.17715874299209072 419 image_000419.jpg

441 0.9329774918031543 -0.16402227371653788 0.2519549663447647 -0.19791002320153578 -0.8432265614484704 -0.1295990538444085 -0.1479238122664576 441 image_000441.jpg

317 -0.4701751865823168 -0.2468734407744263 -0.29743784581146665 0.7934226240843153 0.22263072263999006 1.0445229781316567 0.31474360810470325 317 image_000317.jpg

295 0.9096433548082674 -0.0381165280603189 0.3646998963777763 -0.19516684309322008 -0.9436523752416489 0.2805970377346326 0.5306621802688553 295 image_000295.jpg

442 0.9360538578699199 -0.21288960436170143 0.21764778032038934 -0.1763821233321481 -0.8517031348368393 -0.22266788428411002 -0.1789125956967221 442 image_000442.jpg

379 0.9948394414512812 -0.07885189673379175 0.06359677591173563 -0.005683914970007095 -0.25518385943215843 -0.3668623068255884 -0.25376706606563254 379 image_000379.jpg

335 0.9527512623510374 -0.13347130218198935 0.02071616282142259 0.2720685358519021 -0.022082138654217834 -0.3248488330145164 0.21000446557251848 335 image_000335.jpg

378 0.9578956643395197 -0.28578671534722977 -0.009594258177681001 0.025881071233919462 -0.01095883149115576 -0.6503060655052495 -0.16493648992947835 378 image_000378.jpg

402 0.5807736295259623 0.040983473574169225 0.8111505457243183 -0.05529157472279923 -0.8556346161035123 -0.04465204500862044 1.463229405600565 402 image_000402.jpg

