# 3D point list with one line of data per point:
#   POINT3D_ID, X, Y, Z, R, G, B, ERROR, TRACK[] as (IMAGE_ID, POINT2D_IDX)
# Number of points: 1000, mean track length: 7.17
0 -0.13528332712237878 -0.1733799764002067 0.7154292636687479 75 74 65 0.1
1 0.49637417193707645 -0.20229270159006935 0.9768961047981206 142 142 131 0.23
2 0.4903307817443542 -0.16738804558291323 0.976163468068065 156 157 151 0.5
3 0.12860984497891156 -0.15963071350599262 0.9699399617030253 36 45 48 0.15
4 0.4854477959739562 -0.15182277744541003 0.975739861428089 98 100 100 0.12
5 0.49491301824288103 -0.13612122548115752 0.973051473850732 93 104 119 0.42
6 0.4284713340878428 -0.13689427263984638 1.0585562269348447 171 177 175 0.37
7 0.39392957259964373 -0.13544178094478532 1.1492353848159407 54 62 69 0.39
8 0.4347211332173174 -0.12249870639697437 1.044707436286859 51 55 50 0.18
9 0.4173036616450426 -0.11364004417152018 1.0632533781402311 50 50 49 0.43
10 0.4096372435464346 -0.11292497830991842 1.0852362517769822 83 88 95 0.29
11 0.4832648347480502 -0.09503062176000932 0.9627995356375411 151 144 128 0.32
12 0.4793452168472651 -0.09388003946834801 0.9668248281499713 142 139 129 0.32
13 0.48765729127610363 -0.08801834355678097 0.9591285545929673 36 34 24 0.16
14 0.32919518811263826 -0.10705351028727314 1.1900804035874157 202 209 210 0.25
15 0.4666968256036498 -0.08969924141959153 0.9841989805854859 149 145 134 0.32
16 0.45456400055553375 -0.08864085679732824 1.0003292023849863 74 71 64 0.3
17 0.45555727064286605 -0.08553112617111785 0.9999798351102266 147 144 134 0.24
18 0.4490736942597169 -0.08352552655101406 1.0072288342865787 151 146 137 0.22
19 0.44089021113886656 -0.08357746176794788 1.019832481479724 78 75 65 0.27
20 0.4452560827680951 -0.08247885814139623 1.013021808271555 142 136 120 0.3
21 0.43575012440235744 -0.0821043804834902 1.0274942207825077 91 88 81 0.16
22 0.44209168442550506 -0.08103680479258457 1.0168277618340655 164 161 149 0.21
23 0.43920449705743436 -0.08014963034848571 1.0211662152624295 161 156 144 0.19
24 0.43548386899847125 -0.07866850335190612 1.0259630284634595 143 138 128 0.22
25 0.3550179018052349 -0.08328596057587642 1.1545181432942182 66 82 95 0.23
26 0.4273573180833391 -0.07604781786697122 1.0402235880941164 146 141 128 0.37
27 0.32689716554905657 -0.08330415934181684 1.1889857723903872 115 117 114 0.29
28 0.412063090203555 -0.07430670470185242 1.058228511934458 84 82 70 0.37
29 0.41886081201730446 -0.07337451927144158 1.0447393800016171 114 109 94 0.28
30 0.4161770715787068 -0.07255964569821882 1.0514766047439965 117 113 97 0.14
31 0.40880318956422507 -0.0727650984068732 1.0631863339990486 79 73 58 0.21
32 0.4058079200523056 -0.07204005063930279 1.0672428562266143 92 88 75 0.35
33 0.41421960108326544 -0.07164279338156256 1.0559072943112633 136 130 117 0.25
34 0.4106136683762266 -0.07073441347853278 1.059865615109444 137 131 115 0.26
35 0.17833802311073274 -0.06391857111091569 0.9883325492435221 197 185 171 0.39
36 0.40592567310549715 -0.06888187688390818 1.0676353504025222 136 126 111 0.4
37 0.1498483546399484 -0.06057054252523533 0.959217713463814 97 94 91 0.14
38 0.3918186678222197 -0.06705030253710237 1.0861748084944702 82 76 62 0.2
39 0.3893573617974545 -0.06643364814034128 1.090916967858161 74 70 58 0.1
40 0.39407928063861847 -0.06463127524850072 1.085167273614875 138 130 113 0.36
41 0.383220466732003 -0.06420836876499494 1.0973871720744457 78 72 57 0.32
42 0.3240674130672656 -0.06765393143378318 1.1881635083386755 143 140 141 0.42
43 0.31907288240948545 -0.06798381109742146 1.2041291603417086 208 212 216 0.35
44 0.43276294232107443 -0.058357514822331605 1.034406087462537 92 90 86 0.16
45 0.37762800939853836 -0.062084547143282785 1.1050612749702209 78 73 61 0.28
46 0.4476079237316935 -0.05584126012594534 1.001555186031159 154 151 143 0.25
47 0.3673392117055575 -0.0584719184876054 1.1190803707670274 87 82 72 0.36
48 0.3315791548704327 -0.05912830809267889 1.1701855694133718 65 64 60 0.24
49 0.4330615434453268 -0.05248455685171659 1.0339093885735982 119 111 102 0.18
50 0.3688294591817276 -0.05574541788398563 1.1174194288278871 141 134 118 0.26
51 0.32739835393515015 -0.05737317253677376 1.1734625334493067 63 61 56 0.27
52 0.3470213531125771 -0.04932687376901879 1.1509932291495333 95 95 91 0.31
53 0.4329348276109575 -0.04502896806797356 1.0311274393836685 107 108 97 0.28
54 0.34335199289517543 -0.04816653801496046 1.1567355366061765 114 114 111 0.4
55 0.3502566568812044 -0.047577931789007065 1.1520110881928414 124 126 126 0.25
56 0.4348663684872387 -0.042802715735367855 1.0282648541070845 38 38 36 0.06
57 0.33762710441584326 -0.04339489544898671 1.161371105242863 142 142 141 0.32
58 0.4318795787432676 -0.03970666298295779 1.0275706395531476 131 132 126 0.18
59 0.3166333072940537 -0.042880324609549894 1.1967957674391732 106 114 120 0.16
60 0.35839742702186766 -0.041418137148550506 1.135651177518296 118 117 118 0.23
61 0.3226614392215713 -0.040823462188711114 1.1844781803816564 108 108 106 0.13
62 0.32613003801970686 -0.0393356250794863 1.1762113796279212 141 144 146 0.2
63 0.3066873299775568 -0.038521419230874175 1.2119939515216454 56 65 76 0.14
64 0.32312943465049027 -0.037881463369328745 1.179341003971579 82 83 82 0.25
65 0.33040581021924487 -0.03766111643750075 1.1785855409735713 41 46 47 0.22
66 0.3109609716661159 -0.037164906126278714 1.2027931882852014 68 68 69 0.17
67 0.4590082036685672 -0.0308915241068308 0.9857870420147284 129 122 106 0.11
68 0.21839888367850357 -0.028896215613104154 1.0129906316162909 131 133 126 0.27
69 0.4253621646477688 -0.03023302661683123 1.0326006883453538 162 160 146 0.4
70 0.3778821653915994 -0.02985918049756201 1.1053629642717406 121 121 119 0.24
71 0.2212597449173156 -0.025930121531126758 1.0177191045644112 57 57 52 0.2
72 0.45829484722559605 -0.025439559975464168 0.9841231868345456 134 130 116 0.16
73 0.42625362164247427 -0.025873856071098034 1.033456491453323 164 163 150 0.2
74 0.318218962229272 -0.02795487989501354 1.1847543118460533 107 111 116 0.26
75 0.3259861320241523 -0.0257311460790348 1.1742723947127423 88 90 87 0.27
76 0.3773653473903072 -0.024965831986161872 1.1028258476586386 112 115 104 0.07
77 0.34276028900384 -0.02443534678851717 1.1512157944956094 116 120 118 0.34
78 0.32011512082749993 -0.02384802819163558 1.1901461793585548 44 47 52 0.17
79 0.30980733321432624 -0.01773173364915451 1.2058774140632624 122 124 122 0.4
80 0.48174673021976594 -0.01454992145131941 0.9481120189920754 62 58 41 0.31
81 0.4528453393185875 -0.01246479829103469 0.9890655549867401 183 178 161 0.33
82 0.4715465454988343 -0.010428493947288826 0.966560639618905 118 116 105 0.17
83 0.4178958606980925 -0.008374861123408718 1.0424382961847838 93 99 104 0.2
84 0.4084225426521656 -0.0075518317147510354 1.0597864707607583 50 51 52 0.33
85 0.37861117232406843 -0.006619719126117786 1.100609369046976 132 130 121 0.22
86 0.4106320438661974 -0.005768897336793667 1.053834340927549 115 116 114 0.19
87 0.3509545910588927 -0.0026142078312228634 1.1413913812232677 71 70 65 0.37
88 0.35686357305717176 -0.0015909975219886186 1.136154162442868 32 34 36 0.15
89 0.3627420723381854 0.0014083754650711735 1.1173302966587728 137 129 113 0.29
90 0.3252122491614812 0.0016239209816228497 1.17102696675536 54 47 38 0.15
91 0.43855946671052204 0.0008653540735690436 1.01256577433405 90 83 74 0.22
92 0.31490161007820155 0.006624564866032051 1.1712442928231181 62 56 50 0.13
93 0.2171102281754952 0.0077547728611912356 1.000551119538448 210 207 194 0.28
94 0.4056645495082536 0.008937593912485355 1.0573419357822769 141 140 131 0.34
95 0.43301241860357653 0.013176751503916737 1.0159421206804362 107 106 96 0.3
96 0.2307438578233891 0.015349046904289764 1.0159029221461693 140 144 139 0.44
97 0.36725831476937415 0.017470621692548635 1.1010548651886245 141 136 129 0.3
98 0.19612933934027885 0.02656182419962481 0.978622975077032 59 61 63 0.14
99 0.36819685630959825 0.03387204303403245 1.0991222624791823 143 136 123 0.32
100 0.306763208262742 0.039969439780854654 1.1896071719248291 69 67 58 0.26
101 0.3785962801836441 0.03925917345805127 1.0870803980000852 122 122 112 0.32
102 0.3701755954799612 0.04168557565952987 1.1027010158678245 178 168 134 0.15
103 0.3590493210032936 0.04386487473989941 1.1066066230507372 126 126 121 0.28
104 0.3666531427599181 0.045081065476196204 1.0984331562290486 48 42 27 0.28
105 0.3589773970658364 0.045728178175394804 1.0981870882478963 34 34 31 0.4
106 0.23525407581626795 0.05010999190217369 1.0185122560283175 150 147 131 0.48
107 0.38020986043919297 0.059320449667250176 1.0852832916176143 138 141 134 0.09
108 0.23190170574866933 0.05791093060014828 1.005940120293563 154 152 146 0.13
109 0.36311209660368793 0.06841908907129785 1.1003105261225754 95 85 64 0.29
110 0.42403694456799174 0.07552568508353244 1.0010170281680166 119 118 116 0.23
111 0.47637549095460757 0.06974398706855674 0.934757348756601 117 119 115 0.19
112 0.4475079582220424 0.07804348439002454 0.9783441622354642 33 35 38 0.13
113 0.41631683105047973 0.08435893908277128 1.0207673015348684 92 65 22 0.29
114 0.4146884299076238 0.0854516225780814 1.0239754718306193 130 111 82 0.19
115 0.41421756829639667 0.08900329459496877 1.0255255203689102 63 49 21 0.31
116 0.4413867597715604 0.09092242807658467 0.9813206776832221 54 52 43 0.22
117 0.4377534968911156 0.09234004029817942 0.989673261770338 77 76 68 0.15
118 0.36459143159884017 0.10496829578983481 1.0864917189321532 56 57 54 0.35
119 0.4423270600302586 0.0949367534553488 0.9876452298908267 70 71 68 0.09
120 0.3728148230225769 0.11285487258197222 1.0683639098286968 59 55 44 0.35
121 0.3860672039254659 0.11348306750211258 1.0604008511113596 60 66 63 0.16
122 0.36270250633539003 0.11817751105883606 1.0886283151686638 80 78 65 0.24
123 0.37548163210361984 0.11559262142231838 1.0665910682774848 100 96 83 0.12
124 0.45339796232476803 0.10376812484318622 0.9573850732083251 108 102 81 0.33
125 0.3656846637823073 0.11845794523580343 1.0771080334437728 104 101 91 0.34
126 0.45464536652041093 0.10580996167160213 0.9552842809671438 143 137 115 0.23
127 0.39826033250028403 0.11614777217960015 1.033477182407158 129 125 114 0.38
128 0.4533656747417 0.10734803714727457 0.9573921920493962 108 101 80 0.21
129 0.4513300629238596 0.10830393562235845 0.9589749858035893 147 140 113 0.38
130 0.15667250253905501 0.10805333367899911 0.9249414176599442 170 171 174 0.5
131 0.42339765963677783 0.1162744576149279 0.9988100131139933 145 138 118 0.4
132 0.425888025405895 0.11880634665119437 0.9957964514843687 131 125 104 0.15
133 0.45172975485410477 0.11593248870551855 0.957542961383044 140 136 118 0.17
134 0.45375811905731717 0.11697502926749888 0.9548089139651997 97 89 71 0.21
135 0.34384807472618867 0.140222391169603 1.1052220524860983 58 61 55 0.33
136 0.4529695961776041 0.12239433748010742 0.9540378269757145 115 116 102 0.27
137 0.3397110562383715 0.1449611346741277 1.1068478115366838 69 71 70 0.14
138 0.4513986110190931 0.12467301905578151 0.9551970581017357 145 146 128 0.17
139 0.448608771481277 0.12901745290840938 0.9599000369461935 138 131 118 0.23
140 0.35703326039232275 0.1538101046145755 1.0860414130154348 48 46 44 0.18
141 0.4525145540379515 0.13461183693956835 0.9536879116704479 117 116 114 0.27
142 0.4236472145306754 0.14191032346296004 0.9837035222348204 99 101 99 0.18
143 0.4201239309510497 0.146454240200086 0.9925579810644368 118 114 103 0.36
144 0.4253269563866325 0.148268420096666 0.9874501334107035 104 106 101 0.22
145 0.4290397820022608 0.14809599323689032 0.977604274570851 39 37 25 0.15
146 0.3936833106150688 0.16213084166708486 1.0287385544286447 118 115 103 0.22
147 0.3804860737904421 0.17063693857561113 1.054347759705478 76 74 69 0.17
148 0.33994534059065074 0.18351774091699147 1.1124495837641004 33 34 34 0.16
149 0.3495514984470344 0.18953543331133632 1.0963670081573735 76 76 70 0.23
150 0.36420900892855446 0.1948464780582467 1.0869505245192204 9 9 10 0.21
151 -0.1961791153889453 -0.1518300960883517 0.6544180966802187 98 88 76 0.47
152 -0.1975691645966147 -0.14866106703116636 0.652421128926189 157 154 143 0.21
153 0.05138476160997588 -0.17474379132500817 0.8994601955106176 111 115 120 0.09
154 0.4920904920325576 -0.18195914139332198 0.9688697521176025 88 88 84 0.3
155 0.40455296759833825 -0.16937851968891382 1.0817494802095653 209 215 228 0.18
156 0.3996172331741641 -0.15833963977779933 1.0931120644293706 68 78 79 0.14
157 0.4046831092502434 -0.1374389798471583 1.084977856388733 140 140 138 0.29
158 0.40784651452062964 -0.13081126970157697 1.081766009608208 83 79 73 0.36
159 0.4180197846899058 -0.12155535239363238 1.0624191659185964 143 146 147 0.36
160 0.48584595451714324 -0.09629053721520418 0.9589236634804333 147 144 136 0.36
161 0.41065828470424465 -0.10692553397882229 1.0823689516993942 71 76 83 0.33
162 0.47271139574371923 -0.09449241041841744 0.9758512026658037 70 69 66 0.2
163 0.09605770028917471 -0.08576761625505228 0.9129522299408454 179 176 171 0.39
164 0.47542160317626514 -0.09255086633993358 0.9734437609301735 163 158 148 0.33
165 0.4603154845706965 -0.09445078467319792 0.9961895092886656 107 104 96 0.27
166 0.4711754905236087 -0.09124114339779366 0.9795489666815302 158 155 147 0.37
167 0.46246328094418976 -0.088424366191094 0.9900986585850993 143 141 130 0.26
168 0.447888402981655 -0.08654610478203496 1.0096067302922946 74 69 69 0.4
169 -0.13428781544014334 -0.0569512001981112 0.6824324157027376 204 195 184 0.12
170 0.3260789867590898 -0.09622666480882147 1.1930085537880943 203 212 217 0.27
171 0.32369870956424357 -0.0932868442837612 1.1973949922745541 95 101 106 0.25
172 0.4198035721148564 -0.08062589994208032 1.0495489898991022 139 138 127 0.19
173 0.4284282622737129 -0.07976889264705853 1.038380625711432 95 88 77 0.36
174 0.33030283025584656 -0.08864032204568602 1.1801523707205286 144 141 139 0.18
175 0.363855783943535 -0.08506865463644471 1.1327141498796174 96 104 112 0.21
176 0.4316057771397416 -0.07754804753950821 1.0317787325319139 148 144 132 0.35
177 0.4413950001740148 -0.0758598592780913 1.0172607774763325 103 102 95 0.31
178 0.35980729298282216 -0.08275388338519347 1.135029247673884 192 218 224 0.4
179 0.3212037588399131 -0.08446611269337428 1.1922049598608282 66 71 75 0.4
180 0.4013205187246223 -0.07433792820652106 1.0755824078947087 125 120 111 0.32
181 0.48291883598456814 -0.06619301264159419 0.9604429536340524 98 87 71 0.15
182 0.4812816391244791 -0.0657494696164014 0.9632517251550369 87 72 62 0.16
183 0.3222881160288109 -0.07913924904112282 1.1958254635359027 211 224 232 0.32
184 0.3929531546375291 -0.0714240447290606 1.088172075004548 110 108 102 0.24
185 0.3880274515411343 -0.06985147429718946 1.0936243114849487 129 123 115 0.32
186 0.4148282341414537 -0.06610109255622845 1.0538130302188422 109 105 92 0.27
187 0.3797599663367662 -0.06683427088173859 1.106988979044639 130 123 110 0.45
188 0.4813294881202517 -0.056655619777365725 0.9594079347363743 173 164 142 0.45
189 0.17783624361547457 -0.05569594081417812 0.9836261738307214 108 103 100 0.39
190 0.38348761915137003 -0.0608927170837775 1.0972784107653268 153 147 131 0.27
191 0.18447523459505913 -0.05437863946286822 0.9896354178846716 110 105 102 0.28
192 0.40041254142738797 -0.058055175538885145 1.0707571098985817 119 105 74 0.26
193 0.1931608938787221 -0.052647619520066774 0.9990516232267478 63 62 59 0.28
194 0.3750880192539272 -0.05849748021999329 1.106802554182877 138 133 122 0.45
195 0.32465973337873133 -0.05904972183399268 1.180896924162304 137 139 135 0.31
196 0.36999521313871875 -0.051872458986501294 1.1146660158454638 101 88 66 0.73
197 0.37260690996731544 -0.04921822450076178 1.1076762706130694 138 124 92 0.29
198 0.32995803173240396 -0.05024090729599361 1.1760872554247015 32 35 37 0.31
199 0.3635650124185542 -0.04613834412162328 1.1185510502299587 153 132 90 0.25
200 0.3478546370083021 -0.04490987388401147 1.1505173943562363 136 139 136 0.29
201 0.34399256851002213 -0.04450646805534719 1.1555945492277713 72 73 72 0.3
202 0.3419509872053286 -0.04422691814886451 1.1588840409991255 71 75 73 0.2
203 -0.03986787709651914 -0.028144505551810587 0.7657178185411654 216 211 199 0.37
204 0.35346402545817335 -0.041128310916473704 1.1438507558358437 35 39 42 0.28
205 0.30892186919811454 -0.04050901040281295 1.2028011479044303 199 212 215 0.18
206 0.04601499907257733 -0.026338809386016286 0.8525619540185618 191 184 171 0.17
207 0.402518486415749 -0.035145809715602334 1.0732943368519303 148 146 129 0.19
208 0.39435531820140385 -0.034600500671635 1.0858900408886139 44 42 38 0.22
209 0.2096810109441907 -0.03053138841941534 1.0081215439996536 172 168 164 0.26
210 0.35061282824884177 -0.03443521152313391 1.1489487949121953 30 33 33 0.29
211 0.3301573185420046 -0.031568106480570145 1.1745742806757393 35 39 42 0.2
212 0.38092607352696983 -0.03053957659043264 1.1043848722431444 41 39 36 0.15
213 -0.03803800221788553 -0.01879188257036528 0.7662619738848541 67 63 52 0.13
214 0.45298090530039803 -0.02532887787498099 0.9875900158596372 140 138 128 0.25
215 0.3410015095648565 -0.020025698261642137 1.149205695407777 34 37 42 0.18
216 0.3233293710059314 -0.018665793415642565 1.170980676639285 139 141 140 0.25
217 0.3814552527543272 -0.013555574216046409 1.1000546851343111 47 47 46 0.18
218 0.3777544003759013 -0.012308285549837861 1.1002036050766795 129 129 125 0.19
219 0.44010452646206083 -0.00896351118620268 1.007748047224599 103 96 77 0.1
220 0.20684449648959768 -0.007046500733381388 0.9990254234440665 83 74 66 0.33
221 0.11231871125591285 -0.005353150707845203 0.9109342139757951 153 147 140 0.15
222 0.4821932167989663 -0.006679798187526483 0.9460536790320468 168 162 142 0.31
223 0.35936808940634346 -0.003403539134858276 1.1271846528844114 42 40 37 0.21
224 0.3515047991187528 0.001221771293940156 1.144651166496357 30 29 28 0.31
225 0.3300581325016528 0.0026995046228835773 1.1642677894133218 69 65 58 0.08
226 -0.03427100748683881 0.0030298736608679135 0.7605562465840712 204 188 145 0.25
227 0.3192515037428404 0.003341579132645306 1.1792514994084777 70 65 57 0.16
228 0.34158536120862676 0.0031615805662655303 1.1520026613979177 47 41 33 0.32
229 0.23469709994878393 0.005288779037861698 1.0196302913453235 113 111 106 0.44
230 0.3624578668885271 0.008125818442146847 1.1142395944933936 138 135 123 0.25
231 0.421082307965744 0.009905270422887217 1.0336079609384434 36 34 33 0.3
232 0.19226833590934206 0.010546415104039168 0.9804601314537186 129 129 125 0.14
233 0.3226861301716356 0.01461289646468361 1.1675639303650887 121 108 91 0.13
234 0.37545317025559277 0.013382464926683007 1.0952326190306818 115 116 107 0.32
235 0.204358191539742 0.015566120535471706 0.9903971857942232 74 67 60 0.32
236 0.15826244078120835 0.016324933058472376 0.9480965727456669 156 152 148 0.22
237 0.3784733721922624 0.019049534370289594 1.0921192737109524 125 120 106 0.24
238 0.39379584335816015 0.034376995772229725 1.0644261661910985 50 51 50 0.18
239 0.3050400290838279 0.053903237703047766 1.1779659899112875 66 63 50 0.05
240 0.3335747959816566 0.0687837151185008 1.13634569372119 110 109 103 0.58
241 0.37934261962065924 0.06576523773832764 1.0816902776441977 113 113 105 0.32
242 0.38322284209519275 0.06646558416789569 1.0821776446474514 24 25 27 0.3
243 0.34086879087122307 0.07430858314492521 1.1254165867055625 118 113 103 0.1
244 0.36334740545907335 0.07475004832019326 1.0993530843005015 116 111 101 0.27
245 0.3217548968256462 0.0782916745362482 1.150861159138025 103 98 94 0.29
246 0.4106597847820957 0.07960921012426769 1.0339113006945906 86 78 66 0.08
247 0.42609686241856765 0.0775626895324534 0.9990552024277846 74 75 75 0.21
248 0.4072382998426476 0.08302432179306322 1.034483360455065 76 66 43 0.21
249 0.3989947063583296 0.08694248724667307 1.0358700379970387 59 59 55 0.13
250 0.4511191350765084 0.08650091320193225 0.9605384100886136 70 66 56 0.26
251 0.38865466019560047 0.10342031628752114 1.0600679952603338 45 45 38 0.23
252 0.3841876626852746 0.10409071530152557 1.05977581857864 47 50 46 0.42
253 0.3836129572928526 0.10508891095927554 1.0668333418800189 46 46 38 0.2
254 0.3789583637007029 0.10571393636372274 1.067778209741015 48 49 43 0.53
255 0.3890448181954697 0.10299656740756022 1.0365031531223785 96 95 91 0.09
256 0.3875652057366239 0.10640855032374832 1.0533286906656636 80 82 78 0.08
257 0.38058576139108 0.10879638270378454 1.0639341071019746 100 100 92 0.16
258 0.05772513628349984 0.08772077630114729 0.8299631034541983 162 157 151 0.31
259 0.37869280525119 0.11323996831665917 1.0668847258614855 38 36 31 0.26
260 -0.008414256782660385 0.08151291915050221 0.7511547919044479 81 63 47 0.21
261 -0.005222897387611603 0.08365439580751488 0.7512433913264418 164 145 129 0.14
262 0.37581284048933133 0.1217650859426952 1.0650744689134357 112 113 104 0.28
263 -0.06413513818350682 0.08372340165627808 0.7059175404163205 203 188 174 0.17
264 0.4534647416692227 0.11259917736428046 0.9559030293884256 98 93 76 0.17
265 0.3402562823996739 0.13575535391975854 1.108481273409664 71 70 69 0.49
266 0.36462687248928793 0.135269735576514 1.0778014411039318 57 51 41 0.42
267 0.38975125252816184 0.13856486560056633 1.0465740400466168 94 96 90 0.41
268 0.4639053745944112 0.12585313092140607 0.9471333582832853 124 115 103 0.2
269 0.34043567931062285 0.14830593481899265 1.1041816209048536 25 30 32 0.56
270 0.391154213368711 0.13930152486162456 1.0378591347686124 65 62 53 0.25
271 0.4188672314046427 0.135697515896475 1.0092200363562556 120 113 95 0.37
272 0.3831612484932114 0.14211783629772512 1.0577485175940526 101 104 98 0.42
273 0.4569304135781842 0.1279013209953065 0.948331554825247 107 102 99 0.28
274 0.36445645451534203 0.1473269359679633 1.0748147495029214 39 31 22 0.2
275 0.36960819406969747 0.14964315928139588 1.0694782814573307 103 98 85 0.52
276 0.3630231069380767 0.15383474735954633 1.0792889088818223 63 57 48 0.22
277 0.3934590101648248 0.1474421565381313 1.03202935191625 118 111 97 0.44
278 0.3714895635113403 0.1564524410085618 1.0645203148508744 129 122 111 0.23
279 0.4355915560177725 0.1461780005425693 0.9586768648576218 64 65 64 0.29
280 0.42608374030142915 0.1547302338983612 0.9873389518813379 115 116 111 0.61
281 0.44817337708044436 0.14894931198373215 0.9543958516033986 94 91 85 0.4
282 0.4226969090928975 0.15625013716423627 0.9886800957301013 89 87 75 0.42
283 0.4132004005937627 0.1457677946214907 0.917950050894927 67 72 73 0.31
284 0.3624226054856025 0.174174154963309 1.0751055830084912 66 65 62 0.19
285 0.34615542166572244 0.1900812962075672 1.104016440232175 83 85 82 0.33
286 0.3502007142761639 0.19490168859267754 1.0956937864610385 80 81 75 0.37
287 0.36594029420420315 0.19467936471285532 1.0622718394144737 109 110 104 0.26
288 0.3718642197225024 0.20322185579924637 1.0582723787127646 118 122 109 0.23
289 -0.01518404660283086 -0.17932549768852207 0.8273856901347975 68 65 60 0.24
290 -0.022433104083739254 -0.1746430689708547 0.8211817889705603 219 206 197 0.27
291 0.13673397459286107 -0.1507497142509832 0.9685146797524635 191 183 167 0.51
292 0.47982473717440355 -0.1541829164490053 0.9852029053088166 103 108 113 0.27
293 0.40733422151946586 -0.1661507265721622 1.0812109290672076 84 87 84 0.23
294 0.05665074217065168 -0.12866425021399186 0.8902314985652744 191 183 176 0.08
295 0.4924610503208451 -0.12857482067309944 0.9719273232695727 108 110 113 0.34
296 0.41348642932048774 -0.12746621567101513 1.0719991914785951 158 157 152 0.3
297 0.4088174458572113 -0.12694688845407245 1.0746587466591782 169 168 163 0.27
298 0.4765586672938293 -0.1117710457115451 0.9673206384600717 77 68 62 0.31
299 0.39342349074325983 -0.10732993525881605 1.0977664835540588 64 69 68 0.2
300 0.36349104380690794 -0.10148914751726346 1.1302307336054183 216 228 241 0.42
301 0.4472101191706802 -0.07394911045898207 1.0115081256971659 143 132 89 0.23
302 0.10286727481767903 -0.05992823139237489 0.9131120114830915 165 169 164 0.23
303 0.42293227728864674 -0.07032704997340684 1.0434345218178547 103 95 78 0.33
304 0.1601956740619983 -0.06399244937696795 0.9739664520440438 154 151 146 0.51
305 0.3744746760917462 -0.07033977170157608 1.1097234219931447 84 75 64 0.17
306 0.10346525083007344 -0.05208783870814598 0.9120317457825007 171 168 149 0.21
307 0.34913975579398 -0.06541101793807362 1.1583487054213886 108 109 107 0.29
308 0.43512649115072205 -0.0488541884630802 1.0292021292594984 37 35 31 0.25
309 0.340947881682168 -0.0540907465695858 1.1612629503821725 59 60 58 0.29
310 0.3213456950116418 -0.05254059690315032 1.187757215587747 131 130 128 0.32
311 0.3132479730043705 -0.04506353900184847 1.2050741342348603 50 57 56 0.25
312 0.3299258397669969 -0.04363360988108225 1.1770933874971707 41 45 47 0.16
313 0.19669191761612534 -0.032047507690123885 0.9987395063130006 31 30 29 0.14
314 0.4326130020551705 -0.03325751049967021 1.0293323576285922 135 129 116 0.17
315 0.3157253226638748 -0.03710832969035199 1.1926222403141296 124 124 125 0.57
316 0.32620123640670423 -0.03493440193286322 1.178602545473515 130 134 133 0.24
317 0.051467058597735614 -0.01924236781611468 0.857908346340626 151 148 144 0.2
318 0.47320232820052444 -0.022678574690109553 0.9665774664199341 181 162 128 0.38
319 0.4657269414096243 -0.020574494780778663 0.9778227857191037 136 126 91 0.39
320 -0.009696087382774894 -0.014621268251636682 0.7774761500227052 61 51 40 0.08
321 0.36455042090616574 -0.02075167560351706 1.1148462656596092 37 35 30 0.08
322 0.4721165535666275 -0.018556201746140005 0.9681020373211116 87 72 46 0.35
323 0.18729574987723288 -0.01707416175105421 0.9855217390238069 29 31 34 0.21
324 0.1970329082857164 -0.015450833131490448 0.9944505013911543 38 32 29 0.18
325 0.3246748021110422 -0.013492002263003275 1.1742768409511228 47 47 44 0.33
326 0.3874018830617455 -0.011291518238134688 1.0967509973629757 97 94 96 0.22
327 0.4785263518181752 -0.010730553058535425 0.9505344574721197 124 120 106 0.52
328 0.22383990712568252 0.00029023513673199537 1.0133416472704706 138 138 134 0.46
329 0.361710026330096 0.004486783722849683 1.1285484319001766 57 57 55 0.57
330 0.19737715403760855 0.007892139264653092 0.9869320550569498 54 55 53 0.4
331 0.3300496676888161 0.008093096831711602 1.1696699624618778 27 24 23 0.19
332 0.3609799076739527 0.011495367641247445 1.1243234347617737 49 47 48 0.45
333 0.20293584107519536 0.010638440725309797 0.9917663093757241 195 193 185 0.36
334 0.4085193681423605 0.014791514477761013 1.052791978173186 31 32 27 0.21
335 0.2149630649903652 0.015933057457794577 1.0007586995979698 30 32 29 0.23
336 0.3605846788093604 0.01907795084689208 1.1191150278015976 62 61 64 0.38
337 0.3939882174389106 0.018722574709964405 1.07107666412258 30 30 28 0.17
338 0.23651943143926737 0.01988209153080883 1.0196536385264352 23 22 20 0.11
339 0.21523958662097253 0.027052759499739707 0.9998436534078123 31 32 33 0.28
340 0.36388048809233425 0.034297058682080696 1.1153281732467886 108 96 77 0.35
341 0.19786979371265181 0.03277111411603617 0.9821169617393541 39 41 43 0.19
342 0.3659470037800433 0.03852066586557029 1.1019464488186124 69 58 46 0.43
343 0.3620833488581738 0.04205655872020008 1.1068546120549376 109 109 100 0.4
344 0.3691964662988845 0.05277332396071223 1.0939512266646358 146 126 87 0.42
345 0.3221781271388591 0.05618892220296684 1.1596238868482052 96 93 89 0.32
346 0.3619498888483683 0.055828137109838444 1.1022326115812067 52 47 40 0.15
347 -0.031377000641192254 0.045001139510914535 0.7492507830845464 111 108 99 0.26
348 0.36698232019969335 0.0757614748304809 1.0951476515789549 59 47 34 0.29
349 0.32232591599666743 0.08446227998847951 1.149806880249146 78 77 72 0.6
350 0.45417162801198413 0.06962667116922781 0.9649360316053177 48 51 48 0.18
351 0.4150135589421204 0.07812120098844626 1.0264588420186112 93 82 64 0.21
352 0.39199711958691813 0.08311868264567657 1.0469986353692529 95 89 82 0.18
353 0.0859505268816061 0.07185886947931831 0.8581637100608173 164 156 143 0.54
354 0.43021668426292825 0.0848636563967387 0.9972177531605999 87 91 92 0.09
355 0.4264237677213305 0.08787497940789211 0.9973750680368774 57 54 48 0.19
356 0.45975710660631386 0.08577980104930427 0.9557998627419436 52 53 52 0.05
357 -0.06411115828861967 0.06906035578931687 0.7103874717075519 221 210 199 0.12
358 0.20070948051956852 0.10053567656382975 0.9721987481398933 72 63 57 0.19
359 0.21655382937836518 0.10711750933670922 0.9795543569823383 30 28 21 0.4
360 0.20308788614547876 0.1094722534034727 0.979760560969075 83 79 73 0.2
361 -0.06677134529749201 0.08126843410063368 0.7060739751286415 76 61 44 0.2
362 0.39389524296317624 0.1175699503199587 1.038958722123761 112 106 94 0.32
363 0.42626500126434436 0.11498002125135406 0.992804044411448 134 130 112 0.24
364 -0.06667882565403269 0.0862540779412512 0.7055910415345918 84 70 52 0.17
365 0.34858494115513844 0.13564224785680842 1.1074219253724535 125 127 123 0.41
366 -0.06643463588710154 0.09322449291543937 0.7034848295761638 87 69 52 0.23
367 0.41315718827844605 0.1314716306866461 1.0150765187384618 117 116 113 0.17
368 0.4087905540764007 0.1335865170007467 1.0212448863010823 115 113 106 0.33
369 0.3938367056419809 0.1392451301655705 1.0329841658590773 125 123 108 0.36
370 0.43592378410561583 0.1342503368198196 0.9860254481682168 119 117 111 0.53
371 0.41846852436769705 0.1379504997232565 0.9995761076278918 77 72 59 0.36
372 0.38391008537379445 0.15000590926836285 1.0574966865703772 121 122 114 0.32
373 0.45082976418725507 0.13838236365452417 0.9517173658283515 38 38 36 0.23
374 0.3892424943643268 0.15362400801873966 1.0424539194653126 88 86 79 0.47
375 -0.010661678063294709 0.11228440308707759 0.7346793101832679 70 59 41 0.24
376 0.4449410352376525 0.1443142497331774 0.959809747117212 73 70 59 0.2
377 0.14451712929053023 0.14268657507653237 0.9007353306613043 124 107 83 0.25
378 0.21684338890843452 0.15700251076839053 0.9658844826786561 130 128 122 0.36
379 0.3998446869636911 0.16527963734370016 1.0217986681864875 80 79 73 0.21
380 0.20707746023800752 0.16016675886329426 0.9616147410381357 137 137 132 0.26
381 0.36399323555562035 0.1773941904921838 1.0697197698461576 28 27 24 0.34
382 0.3513243580898156 0.18315542881114355 1.0938601293544519 9 13 12 0.14
383 0.34173990130788773 0.18636837080728927 1.1051150118266853 20 20 18 0.27
384 0.4285706439310348 0.18482542699216126 0.9773371804371696 108 106 98 0.21
385 -0.21773161506930616 -0.1931687026899479 0.6456675797476346 56 46 41 0.47
386 -0.14655022634162818 -0.17930388098219238 0.7065895074152397 204 195 183 0.24
387 -0.11080283693918654 -0.18685575380019465 0.7393617357996402 80 61 41 0.21
388 -0.13672998981106238 -0.1771227634011628 0.7140543062866369 196 192 181 0.51
389 -0.1341623989280106 -0.16650220295614337 0.7127055629327148 12 18 18 0.4
390 0.15025713475034383 -0.18998670403010176 0.9957959718518471 87 88 91 0.26
391 0.1495457713140964 -0.15395129695061605 0.9829453887777068 88 81 67 0.41
392 0.4882008113895408 -0.14979397579090115 0.9721363733510455 133 137 135 0.28
393 0.41064460326047697 -0.13303379218399944 1.0740816493476317 55 54 46 0.23
394 0.04334138412749951 -0.07117020991013875 0.8624006403817603 200 189 178 0.17
395 0.0643059098955755 -0.05313614039583093 0.8764189357436244 22 21 14 0.22
396 0.41644702248154863 -0.06188152383328704 1.0517035067850908 24 18 15 0.44
397 0.11524362873953403 -0.04724484131199423 0.9237754227257622 24 27 25 0.22
398 0.31731297367013916 -0.062062980921813185 1.204170664556822 72 78 81 0.28
399 0.3479105731681482 -0.03927601871199861 1.150974154090521 132 134 129 0.36
400 -0.028758354414246096 -0.024084871053356074 0.7714899981345225 158 160 155 0.36
401 0.20254061835912282 -0.03129045265228861 1.0013226263972899 185 183 175 0.42
402 0.36416398797930505 -0.03427702792579281 1.1212961844993146 69 61 51 0.38
403 0.36113279816425226 -0.029851786245765736 1.1279986934850426 131 133 131 0.25
404 -0.010804341141414237 -0.018725930979058066 0.7781871032048021 182 177 169 0.09
405 0.34679272153025253 -0.02477772976039141 1.1504355528428278 125 128 126 0.23
406 0.4807620610004471 -0.018118247657225996 0.9521662023614693 151 147 133 0.62
407 0.03754842248594337 -0.012949230449227531 0.8407796103506581 181 181 177 0.14
408 0.11634905841307974 -0.008601727005956053 0.9132173709597167 40 38 33 0.54
409 0.22225141689685418 -0.010147429555978903 1.015731267892705 138 138 134 0.25
410 0.3926801570311071 -0.004144411848913576 1.0755032474791353 50 49 48 0.38
411 0.37748109275569763 -0.0009593966644436945 1.1009292033288496 121 123 115 0.21
412 0.43595554522509256 0.005173412894696736 1.016624586642685 31 32 30 0.32
413 0.4235934777786019 0.008365823507036393 1.0275882743233686 152 149 138 0.21
414 0.38748230176550863 0.0209871660105477 1.082058188530971 21 22 18 0.17
415 0.38156515486968845 0.023584924299962142 1.0894945883768095 27 27 26 0.2
416 -0.13221419757453007 0.025059039786919774 0.6621970517806146 204 199 185 0.3
417 0.2284343851602809 0.04984199621544428 1.004735459919628 131 130 123 0.44
418 0.3662509771400042 0.05949940005449176 1.0992841253441918 56 46 37 0.39
419 0.33148504254710565 0.06434444307530755 1.1375343372495168 110 107 97 0.35
420 0.36952979466908287 0.07025922629916784 1.0888358069473707 132 117 78 0.45
421 0.45037624397165377 0.06233047194390004 0.9649861022290188 64 62 66 0.18
422 0.376902034085013 0.10129031884401868 1.072824016793072 100 103 106 0.76
423 0.11804086259585578 0.10032217751078762 0.8864583960437521 27 23 20 0.23
424 0.14267420988880178 0.10527164585167526 0.9113152368758759 26 22 18 0.47
425 0.19022148518667517 0.11464676472978247 0.9532539644815767 20 19 20 0.21
426 0.36057556152951503 0.13050058043574936 1.0856562386604875 107 104 94 0.27
427 0.32525849627394576 0.14004247103201628 1.1424992318702285 22 24 23 0.23
428 -0.0630425797311358 0.08926071975774494 0.7048732910414238 198 184 169 0.1
429 0.4446943384483383 0.12075148048459522 0.9708750179305128 94 83 64 0.36
430 0.41691447587055536 0.1440229873044417 1.0067851588043844 106 104 96 0.19
431 0.4181992470080007 0.14788660210381896 0.9976419905490043 20 20 17 0.39
432 0.4601689682092417 0.13777492263268928 0.9388617874732857 82 82 77 0.17
433 0.10655568202110827 0.1318197585022221 0.86655456404174 184 171 155 0.36
434 0.3905699906748551 0.15693697212828622 1.0330869106113565 17 21 20 0.15
435 0.04762095551569833 0.12513869828987256 0.8094284933942196 176 172 161 0.24
436 0.44457750336744567 0.14865739419740684 0.9558248659189301 13 12 13 0.4
437 0.39487899836732593 0.17077482434233737 1.0257380080522522 106 107 100 0.11
438 0.4028401335143906 0.1945668226215419 1.0003717665113598 85 90 83 0.24
439 -0.2121794227506621 -0.16933769666814538 0.6432586697304795 196 183 170 0.19
440 0.40112414828514 -0.15669216108786355 1.1019428240547866 98 97 98 0.6
441 -0.05288132223688962 -0.08217236335733528 0.7662358313285061 145 136 130 0.07
442 -0.10916361215965328 -0.07569249729922597 0.7104265520093626 126 108 86 0.48
443 -0.07146913975960383 -0.07572655224914074 0.747130812586642 71 58 39 0.42
444 0.406941300913204 -0.10987303523291346 1.0842566698250156 40 42 44 0.44
445 0.47058476857931614 -0.08113034657368084 0.9740795008907195 45 42 40 0.53
446 -0.13710097763146117 -0.051957383904911815 0.6786683340828115 65 63 52 0.24
447 -0.11208740003104772 -0.05357072933298771 0.7031072528200208 207 197 175 0.5
448 0.34329111466903084 -0.08962204679913885 1.1677162789893156 71 74 79 0.36
449 0.4391308837788478 -0.07843546970580548 1.016036147292576 106 106 99 0.4
450 0.3504575629438522 -0.08304950658730859 1.1629650481001137 207 217 227 0.29
451 0.33176710656718444 -0.07509849511064927 1.177977438741736 40 41 47 0.26
452 -0.11136122542698741 -0.0424341911852488 0.7000103983693048 197 190 177 0.29
453 0.4084272963422199 -0.06624227331177837 1.061979012022879 108 103 95 0.56
454 -0.10352915591586845 -0.04142103034889026 0.7070972484542813 180 183 176 0.3
455 0.03708951795048868 -0.049595735003830965 0.8488492539074225 185 180 167 0.32
456 0.38228656671127736 -0.058973034545607185 1.0989486778200066 112 109 98 0.22
457 0.34832772189539396 -0.0575615202327642 1.1523125394990301 73 74 74 0.27
458 0.312882229794552 -0.05457470766087101 1.210929689560373 192 217 228 0.17
459 0.35229959975415354 -0.05088007887656484 1.1484582754618193 116 117 115 0.46
460 -0.0488916317711696 -0.028112446410021936 0.7567999276359297 62 55 43 0.24
461 0.02096226637347608 -0.018776235888233777 0.8248475208801879 211 206 193 0.28
462 0.3632109303334984 -0.02231337748405808 1.1169763378708222 44 41 38 0.3
463 0.3451994216599074 -0.01579311132394997 1.1438603737255706 39 37 29 0.37
464 0.42012427077077574 -0.016253920111771125 1.0406980137455162 53 49 46 0.43
465 0.4237987354464777 -0.0010227160094608348 1.028110401549739 162 160 151 0.32
466 0.3455928799164962 0.010827867578520957 1.142297080928337 104 103 90 0.29
467 0.03747119155053537 0.011333323411871331 0.8334533328404637 198 196 186 0.46
468 0.3767637496699767 0.02817682826410186 1.0919304026373284 134 134 124 0.33
469 0.39487329610119887 0.028786590686608632 1.0726822548063943 48 48 45 0.09
470 0.39325542498800187 0.040993660961334284 1.0644697582303206 44 37 30 0.23
471 0.22003269861530916 0.04868898816917982 1.0004213539149092 136 136 131 0.46
472 -0.17402756378272422 0.03314294486358771 0.6193147458800446 57 52 44 0.07
473 0.05334219277171711 0.05276196495799844 0.8387216758805265 44 39 37 0.22
474 0.32859630538820267 0.08804036467597755 1.143802019473579 15 14 10 0.39
475 0.40175318834896656 0.07993061074653184 1.037174687859833 111 111 108 0.42
476 -0.04644045419711666 0.06097382973736914 0.7310529877770103 131 129 123 0.19
477 0.3762857876783028 0.08915591073587478 1.0759103467233169 108 111 114 0.36
478 -0.07661272773001235 0.059667689581532304 0.7049351750136893 50 39 30 0.19
479 0.04033274817619132 0.07007121467707675 0.817830549068321 187 183 177 0.41
480 0.45723937468063564 0.093131053375345 0.9570908459402315 100 96 88 0.45
481 0.411099978457524 0.10170643542063475 1.0244024846014312 76 77 67 0.4
482 0.06366211231611815 0.0876088456276814 0.8368147685404701 35 33 21 0.2
483 0.45702921547259756 0.10229348498428477 0.9534749624827776 125 124 110 0.45
484 0.0536481115548192 0.09345974410118925 0.827502285858873 44 42 38 0.38
485 0.060521320936746746 0.0999928979027423 0.8310467449123087 168 165 156 0.17
486 0.4494650651066789 0.11510198560660606 0.9605002952702546 124 119 104 0.28
487 0.18274398220180393 0.11570327811809232 0.946641517632961 185 184 180 0.17
488 0.4584045482947795 0.12967366108141987 0.9405142682112427 59 57 58 0.45
489 0.35503186264302594 0.17565357285357971 1.0907387797716699 72 72 68 0.23
490 -0.14087011734497656 -0.1812923387632222 0.7096272710116998 44 42 39 0.03
491 -0.13324441033877243 -0.09445883560282173 0.6914417362177713 196 193 172 0.2
492 -0.10405007859109683 -0.09757059718272615 0.7159116563238228 144 135 116 0.39
493 -0.11455749926644222 -0.09309518499626375 0.7116558868361837 192 179 158 0.41
494 -0.09882514498297801 -0.08941245288634996 0.7240432636000763 182 169 145 0.33
495 0.37626384218547015 -0.1131666410668761 1.1238390585769023 196 226 244 0.35
496 0.33459707838634534 -0.11257667918823713 1.188515856662618 77 81 87 0.33
497 0.46235809595574767 -0.08606160739371875 0.9890548359555854 105 100 86 0.14
498 0.14259221056294608 -0.07202317442461556 0.952993118283981 62 62 62 0.73
499 0.45914761576209623 -0.07630848849068794 0.9909799403600548 40 41 38 0.32
500 0.1675191388942238 -0.0671453427690034 0.9793710476407625 76 75 73 0.32
501 0.11449939542893367 -0.05968466831903795 0.921693366719953 164 165 163 0.43
502 0.4342565494354422 -0.0672766579182497 1.032474060018704 39 36 33 0.36
503 0.3210959427876178 -0.07546580324878033 1.201025894470287 225 233 238 0.28
504 0.41486986687560024 -0.06090358334494297 1.0550682955586042 31 28 25 0.28
505 0.3382674908817119 -0.06536749978008119 1.1702091074229033 149 149 150 0.37
506 0.4067913338870587 -0.05796275890645305 1.0683196379224222 29 27 24 0.32
507 0.3881706939995868 -0.0517121279331328 1.0941851128377995 36 37 36 0.34
508 0.3786125154280513 -0.04877540663036539 1.104191322658826 34 33 30 0.39
509 0.33168851623666 -0.04747075337873132 1.1707857267823845 57 60 61 0.56
510 0.36049464326350045 -0.04047510095250927 1.1305212978080734 134 134 128 0.49
511 0.01969961444206508 -0.026427703665636487 0.8293888837811159 57 50 39 0.33
512 -0.026434878761397433 -0.018725683508010033 0.7680527316106563 51 46 44 0.32
513 0.35043427284841694 -0.00856421861751329 1.1350217806479033 95 88 75 0.44
514 -0.042818311074631396 0.011256323656137782 0.7565700811268312 38 34 32 0.43
515 0.16610651977405566 0.015239562050398857 0.9554208197716105 159 164 163 0.44
516 0.3454816124205214 0.023138625421885817 1.1377058688468205 117 120 113 0.21
517 0.2062335673683992 0.023035203509791217 0.9944228201989772 156 149 142 0.75
518 0.205563596332917 0.03598743712946722 0.9872963309877575 154 152 146 0.43
519 0.3463089061386219 0.045633130548123964 1.1335734918891172 109 105 94 0.61
520 -0.15118888011301596 0.03740048464189102 0.6393569172945718 57 48 40 0.12
521 0.08385321682026774 0.06513095291933278 0.8614319423851948 193 191 174 0.24
522 -0.01307488166628519 0.060042029980635514 0.7356524518990492 194 184 169 0.2
523 0.20686804685122015 0.07950331546555192 0.9774136443272989 175 165 152 0.55
524 0.23154200780874093 0.09801428793090296 0.9937679004033874 138 134 122 0.12
525 0.38399342406594034 0.10964547838541223 1.059399131800165 80 78 70 0.34
526 0.35029418080077973 0.14147793136010886 1.1055169494391386 82 84 82 0.6
527 0.3619154523869179 0.14570049573808702 1.0751145963265634 32 30 26 0.31
528 0.3490297517459364 0.15266435571328915 1.1089977756583262 22 24 22 0.74
529 -0.07107505008112767 0.10027747410954119 0.699521085374712 186 173 153 0.3
530 0.4087542611277506 0.15338888969630676 1.0124630650296371 20 22 22 0.63
531 0.3660746022546009 0.1913319729867452 1.0764589867303243 20 19 18 0.28
532 0.4030029070436609 -0.12039044656163485 1.0940134813027027 162 167 155 0.3
533 -0.04362347899542074 -0.07224831438640643 0.7748277640540538 31 27 23 0.33
534 0.15467378861008307 -0.08870435484687321 0.9696108414353407 194 185 172 0.81
535 0.05333868023753027 -0.07634372650994385 0.8702734965096721 44 38 30 0.25
536 0.3229530596154399 -0.1042813522732137 1.194650214653125 224 236 242 0.44
537 -0.1433937796843428 -0.048881450103058915 0.6745393680236232 213 209 199 0.69
538 0.15590565205683982 -0.0697737166862579 0.9700171937468679 160 155 148 0.52
539 -0.07451083123879457 -0.03895189627040021 0.7371112019744415 208 206 198 0.43
540 0.09376359749765843 -0.04545694440811201 0.9040460846012776 43 41 32 0.6
541 0.14315589986427543 -0.04089152644237915 0.9486826046127328 94 93 92 0.25
542 0.10473955131478872 -0.03383119132319663 0.9099661759380092 166 168 167 0.38
543 0.16815556454742225 -0.036651878502292935 0.973526475735234 96 95 97 0.36
544 0.19149247307079484 -0.03121987665204716 0.9931994755979154 85 84 85 0.25
545 0.35336715536478597 -0.03517440918658348 1.1417682040269144 37 38 42 0.34
546 -0.06386240757203308 -0.02017703052487068 0.7385365919613485 183 182 172 0.24
547 0.32361786187028496 -0.028867359032056727 1.1813717507022017 102 108 112 0.29
548 0.19247273961548067 -0.01286711938893932 0.9910964398686526 98 96 94 0.49
549 0.19151644914134627 0.001262888532698099 0.9831824070023047 118 110 105 0.38
550 0.22087344225372388 0.004458708689773223 1.0148662083120645 146 148 143 0.29
551 0.09366183369551714 0.008983559360013538 0.890711010445385 53 57 57 0.24
552 0.10501133948935032 0.017710570083972317 0.8961089416150945 151 153 148 0.22
553 0.1698814915372665 0.026692644352515314 0.9582048489159442 26 27 31 0.35
554 0.19289198234445662 0.03265320456751644 0.9767555051654875 92 94 95 0.4
555 0.2163499104010814 0.03200522700876349 0.9873563931813352 115 112 109 0.61
556 0.10680537011039126 0.05195706488308961 0.8899629054754037 160 156 148 0.44
557 0.19406472366379932 0.05973757188763352 0.9724218809664524 90 92 92 0.42
558 0.20672150204250728 0.0649504825026857 0.9789352577556107 153 141 133 0.19
559 0.22185309869670475 0.07495845806696179 1.0002557284437195 71 72 72 0.25
560 0.16982766551049733 0.08284299400981351 0.9372403390185763 66 65 64 0.45
561 -0.07234583065875097 0.07412467388218631 0.7048785352213416 184 174 166 0.08
562 -0.07249625312246218 0.08687421643740811 0.7008900361020812 191 181 151 0.44
563 0.19444176683238507 0.11773319805701749 0.9539719236360075 109 109 106 0.31
564 0.4349407221904696 0.1291175098097638 0.9846323841935024 128 120 100 0.56
565 0.19509716134294444 0.136127167766226 0.9503765529274102 82 80 76 0.33
566 -0.0353474587225818 -0.12077981835516806 0.7861110977610024 68 51 39 0.68
567 -0.18311943681065662 -0.09848357779708543 0.6530399475226039 188 182 178 0.25
568 0.024229555460994902 -0.1032966090726737 0.8385011070177865 91 82 73 0.37
569 0.42373299351102583 -0.11526292640584357 1.0579949193578468 106 109 114 0.55
570 0.3985308677517434 -0.10947653734632484 1.0881458459357314 103 105 104 0.38
571 0.03964026957501437 -0.08118845288858728 0.8531967131927244 68 61 55 0.58
572 0.07878368909044488 -0.07176603938798573 0.8928908029973968 44 41 32 0.13
573 0.04618843469196811 -0.06678296024454626 0.8621032477175696 140 134 127 0.18
574 0.10249304874139484 -0.06750293138003854 0.9138098372605894 62 64 62 0.41
575 0.06669136616813655 -0.06308057001948293 0.883492455876411 157 149 139 0.33
576 0.09081885170842767 -0.058379238977197094 0.9062639206154836 154 147 138 0.31
577 0.11907592459457618 -0.04508185715705588 0.9274131940975002 91 96 92 0.46
578 0.04632509764258407 -0.03752139531897595 0.8559133386144473 136 135 131 0.25
579 0.3428494039792226 -0.034703672734889036 1.156975607397553 119 116 112 1.22
580 0.04649226728304062 -0.013064351322221265 0.8494867025827398 85 82 79 0.32
581 0.10417420557904064 -0.015289925639374357 0.9063822664416814 185 184 178 0.46
582 0.07003838700806081 -0.009625476577802421 0.8702684829040201 78 77 73 0.14
583 0.1200953899818354 0.019220480954710267 0.9099941447158267 83 82 81 0.65
584 0.08568427453048355 0.03569090491189081 0.8722715555647786 162 154 141 0.45
585 0.12149131479858603 0.04574556612125035 0.9080668791962357 82 81 80 0.46
586 0.09573339932573795 0.06331899451417944 0.8743892852653028 47 47 43 0.48
587 0.33396876320842506 0.08737987576287169 1.1366176564139148 22 22 22 0.5
588 0.17944070671562076 0.1013481530136289 0.9486221246791906 173 169 163 0.35
589 0.3999076599223017 0.11994741243044756 1.0320563081742868 82 84 76 0.21
590 0.03566363686227035 0.09919879289720265 0.8028182674746003 175 170 157 0.27
591 0.38424549147127207 0.14797892823678557 1.051464294447613 117 114 99 0.75
592 -0.03430467775631233 -0.09648535793474014 0.7804333529903437 61 49 39 0.32
593 0.4113109741617916 -0.11237238101785965 1.0741893540115104 34 34 42 0.35
594 0.42762028607457253 -0.0363426707443699 1.0353927485558934 154 148 133 0.39
595 0.2100204141191116 -0.016998182941668133 1.0047093401227287 135 138 132 0.33
596 0.3734084448070265 -0.017107077193169562 1.1079470779842284 146 142 129 0.45
597 -0.009194438239520385 0.01982441845743331 0.7656404756917929 49 44 36 0.32
598 0.38701353168557096 0.025152468072641748 1.0771204574803581 63 62 61 0.5
599 0.3572458391353228 0.03238431816581041 1.1249590118615171 30 32 35 0.43
600 0.10366598270579822 0.037375299909682774 0.8925784722007348 169 161 155 0.69
601 0.14044709344903128 0.09503045773698456 0.9209886794585146 178 165 154 0.74
602 0.42674417169159795 0.1132432329057821 0.9975193328564642 109 104 91 0.36
603 0.3725667051186797 0.13155470219442883 1.0700790542071572 113 110 99 0.51
604 0.41423338090896755 0.15684545930822522 1.006700976605728 24 25 24 0.59
605 -0.019577444773902792 -0.11205828809418479 0.8036619790360837 208 199 182 0.46
606 0.3343522766655946 -0.0933300445503086 1.1834122056937988 69 69 72 0.71
607 0.35392671268184267 -0.09311113320293507 1.145582005116132 211 226 237 0.36
608 0.44073167716863687 -0.031404052206014464 1.0124868022051443 50 48 47 0.89
609 0.4148948279041926 -0.022580661667485263 1.0518369638387275 51 47 47 0.5
610 0.3876398890474092 -0.012461620477238736 1.0874122415777974 50 48 47 0.71
611 0.4280655244184987 -0.008492645480099755 1.027043353516275 136 132 121 0.39
612 0.40074422828974504 0.004100761028631627 1.0648807965123104 144 139 122 0.4
613 0.37248791555098104 0.013289708514259452 1.100496422705376 142 137 123 0.63
614 0.037792781387976745 0.026353129752214308 0.826022523379889 194 188 174 0.47
615 0.44255386556205656 0.03479388653811819 0.9969078742024647 53 54 49 0.31
616 0.4398735401310294 0.10750333023013874 0.9781044955299067 30 33 32 0.53
617 0.41278923673767565 0.11599194175230496 1.0143602900497402 29 29 31 0.49
618 0.42751073063685147 0.12513487929563838 0.9928724065023851 124 120 105 0.64
619 0.3753088516037393 0.14910309620165202 1.062799876955863 115 113 101 0.58
620 0.3568195924956062 0.15478742478476085 1.0824283073696113 36 35 28 0.37
621 0.3872688344929501 0.16805288423052056 1.0423410781146052 23 25 23 0.5
622 0.44057395922170156 -0.05753777416724252 1.022050090203637 50 53 55 0.93
623 -0.08290721168275161 -0.023346442534972173 0.7290011279963886 42 41 33 0.38
624 0.4019791397654178 0.13906231199923405 1.0261223743900343 125 122 106 0.56
625 0.42058200095546383 -0.1270973654317815 1.053835759593238 63 64 67 0.35
626 0.4308853570295504 0.03349518926614945 1.0113397987401425 121 110 81 0.36
627 0.3542444334657096 0.13553670308248722 1.1041010017871273 49 47 40 0.24
628 0.35707534755939 0.1336033669926504 1.0894187045388475 46 46 40 0.25
629 0.4480251330014238 -0.12280375764133311 1.0224373723703517 62 66 72 0.5
630 0.3615852067403561 -0.0562358972112887 1.140157441526872 193 203 210 0.31
631 0.38344839244917966 0.013671909282257309 1.0860458627866958 115 94 65 0.14
632 0.41291357210319074 0.09095668599720196 1.0212208121015816 75 60 38 0.17
633 0.39546163699743253 0.17032405961837832 1.0255713880437534 75 76 63 0.15
634 0.379876535572911 -0.06415993705137048 1.095891858714903 105 100 91 0.41
635 0.40132878395548677 -0.023962011417951207 1.0722467071861743 149 144 129 0.39
636 0.41266476980326144 0.009931836561771743 1.040279706053875 44 45 45 0.6
637 0.4106361579787355 -0.17329171679813554 1.0873263481654913 135 130 122 0.3
638 0.44453830975568714 -0.08496099699987442 1.0165818852622093 79 72 54 0.08
639 -0.2143119424047489 -0.03425346674363988 0.6067465316163817 53 47 38 0.3
640 0.32775696115883973 -0.0046672864381709115 1.173284589536879 39 35 20 0.49
641 0.44408505244914065 -0.001249694750193537 1.0030151782399344 90 86 75 0.21
642 0.4334198730179765 0.0005662561411164828 1.018582933892209 138 130 114 0.11
643 0.3444061496808959 0.007418743547232292 1.143382175844316 141 136 110 0.22
644 0.4330381589737555 0.00726366340791963 1.0190732656020647 123 123 115 0.23
645 0.40603933842386536 0.01872433181584223 1.0547592065293774 120 112 99 0.33
646 0.33858626357308463 0.05191425280842281 1.1367303893759646 67 67 65 0.27
647 0.4465704843497802 0.08776191143349164 0.9655695731010547 65 61 51 0.13
648 0.40682808648059454 0.09954021017409524 1.0268729715781824 81 81 69 0.09
649 0.42646724811328013 0.09751779826204418 0.9972986935435006 86 84 76 0.08
650 0.4204292108802828 0.1523355462423417 0.9916437786902018 110 107 97 0.16
651 -0.21908887549358635 -0.16796181515048866 0.6359972976413751 89 77 60 0.36
652 -0.21511787572725558 -0.16731440472943662 0.6389296723709574 95 80 62 0.28
653 -0.21737627866224069 -0.165997821746936 0.6378307049464752 148 137 122 0.46
654 0.3322256955100386 -0.09336910935816414 1.1771777445541964 62 61 60 0.48
655 0.4137650841196431 -0.07829928024330572 1.0594324608521866 124 118 106 0.3
656 0.39213407936208894 -0.07631631337175679 1.087265880687917 84 78 64 0.35
657 -0.21433391236664182 -0.037240907189284425 0.6069736296654548 166 163 156 0.31
658 0.3675914518966647 -0.06261554704809827 1.1213686732711674 109 100 88 0.24
659 0.3237175779438944 -0.04798418050516431 1.184442874813449 61 58 52 0.2
660 0.3445221788872562 -0.03767459677419198 1.1566831557848938 81 82 81 0.25
661 -0.2373844866026534 -0.15876159328161213 0.6164659337489982 84 67 54 0.22
662 0.45383930704070696 -0.07647133093769727 0.9957029087287819 121 103 65 0.24
663 0.3598664411188793 -0.023868894986203308 1.1202190861273926 53 51 45 0.3
664 -0.024735228865890607 0.02542765024511555 0.7586512701814891 124 99 62 0.29
665 0.4479703977802289 0.0634007492490401 0.9732585136856869 98 99 93 0.15
666 0.4006817564092873 0.09770153982157193 1.0361859734930783 64 63 59 0.1
667 0.36382055489783716 0.19885515925539762 1.0551260831290308 101 98 94 0.41
668 0.214211422430881 -0.03576926245262904 1.0140467789552512 52 51 46 0.44
669 0.4520223855811664 -0.09761720458993955 1.0048322431501173 112 106 89 0.42
670 0.4013520538042793 0.172901187336204 1.02277327080669 78 79 70 1.22
671 0.3466167022648392 -0.09583559819360586 1.1685338338425557 208 219 234 0.25
672 0.40740179215624084 -0.07623811959936595 1.0662324810877437 121 117 108 0.3
673 0.392663936546778 0.007846355981216649 1.0694795927529444 109 95 72 0.34
674 0.34422292003570587 0.03480800958374456 1.1385389612764416 105 97 73 0.33
675 0.3684950901696618 0.042657979275399195 1.0965471818260817 123 109 82 0.66
676 0.3407960391627184 0.07428240090439817 1.1272355577880049 113 107 94 0.24
677 0.349026376726729 0.13546225597839112 1.1077175345216363 101 101 93 0.29
678 0.39409420452204463 0.15444082024896852 1.0306043626336792 103 98 88 0.24
679 0.3275848955234573 -0.09192821585521613 1.187920566532725 68 72 78 0.22
680 0.10287275469477186 -0.003976846194108725 0.8998094078498415 152 140 130 0.44
681 0.09356952358590037 -0.005080731521730793 0.8938723081398118 68 67 64 0.46
682 0.36932705012006617 0.027019755026083826 1.099583876747233 148 140 127 0.32
683 0.0934175238755734 0.047692928867563045 0.8770415263253183 62 59 55 0.55
684 0.17331237421099083 0.11237831431949472 0.9418532677045024 48 46 45 0.35
685 0.4020853947971123 0.16559075579167887 1.0140445725543124 120 112 96 0.19
686 0.4294067348030294 0.03071067846221359 1.1510624459366876 70 74 67 0.66
687 0.40245356087607914 -0.1634021752261672 1.0833515500675417 87 87 89 0.21
688 0.4504606378710814 -0.05600039956472392 1.0005411748368964 93 91 79 0.14
689 0.3751872703617379 -0.033322582871144785 1.1072955791105814 107 92 65 0.25
690 0.39492349831390844 0.00771766609283441 1.0653753984630205 146 138 120 0.19
691 0.3431680277805086 0.0778808262260823 1.1263992712381092 62 55 42 0.21
692 0.34029380824124394 0.0796841398917689 1.1259621811983094 77 76 65 0.25
693 0.4231107905503651 0.10779944164018726 1.0008799079713586 148 143 124 0.22
694 0.453596921340117 -0.14460431752490208 1.0217544879472966 201 195 178 0.44
695 0.3434341232566704 -0.09956373236079745 1.1719380742738301 109 120 136 0.17
696 0.3291467182646818 -0.06676809532637376 1.1802329413575785 114 116 117 0.21
697 0.3308712307828417 -0.06245893633723855 1.1730770282719516 124 125 121 0.2
698 0.337297167409224 -0.0455968054774465 1.1697705766611692 38 41 46 0.15
699 0.3366444706052942 -0.0398399540776366 1.166461055795939 56 58 65 0.32
700 0.35951588779517096 -0.03581587917942613 1.1324158330374978 139 138 133 0.32
701 0.39393424852308667 -0.03446648739790899 1.0753497591819174 141 138 119 0.27
702 0.4202580492894145 -0.009379212519560616 1.0391978759309046 83 85 80 0.11
703 0.34058130643088724 0.06175551746044119 1.1278816362152804 66 63 58 0.25
704 0.4215996887416893 0.07699573809382167 1.0052208913032068 109 110 101 0.12
705 0.35628986323046047 0.17375011536978877 1.0916259806907571 65 66 61 0.22
706 0.37058811016312887 -0.10658680994908525 1.1260219489667507 50 49 44 0.22
707 0.3574554050517167 -0.07671706461293205 1.1298029763829442 60 61 67 0.23
708 0.34967783793375745 -0.009328114629961018 1.1423571896091125 106 97 83 0.28
709 0.3781920332539162 -0.11225329502910877 1.134269956518547 213 219 224 0.73
710 0.3893281229571688 -0.052738559923848946 1.0876143082195864 24 19 15 0.26
711 0.3660435234211183 -0.040189644062076306 1.1216910347270241 77 55 26 0.38
712 0.3377057309143333 0.005591514174077094 1.1437883090526244 39 41 36 0.24
713 0.44142180516213114 0.002232221423248358 1.006265998064596 30 30 27 0.26
714 0.3897391559934504 -0.11654139312412064 1.1407437849347806 51 62 71 0.73
715 0.40088770664651663 0.11546529905272816 1.0275550964307947 118 114 100 0.28
716 0.35390166938085627 0.14155427699765522 1.0945209428895861 99 100 92 0.5
717 0.3872344653628439 0.1256548487265229 1.0535689815017786 21 25 25 0.43
718 0.45435537362372347 -0.1344208979464971 1.0152062462458342 52 54 54 0.28
719 0.3449978573305341 -0.0710073850116363 1.166489475532783 70 71 66 0.32
720 0.33678504670334625 -0.061788420812575705 1.166594630865847 135 133 127 0.35
721 0.33884990665738446 -0.023452435253778138 1.157256693045411 122 123 121 0.22
722 0.3898453480748134 0.008115841003726885 1.0777074703432692 146 124 82 0.36
723 0.36360512265411926 0.1564899136498023 1.0712081694083642 44 38 29 0.31
724 0.32883819022595046 -0.11530132280342632 1.1919939121578502 215 221 220 0.27
725 0.33810260077501547 -0.04798257682599748 1.1619958078194326 141 142 138 0.36
726 0.39322135660630025 0.01899796046337604 1.07056092938198 38 35 32 0.26
727 0.35020536555772236 0.16177519061197007 1.0809880925283017 15 17 17 0.45
728 0.3800912164616364 0.0614110028880657 1.0985766534111696 133 116 85 0.81
729 0.48031017661975467 -0.16975704942882344 0.9868873666032195 161 154 132 0.75
730 0.4507156148267 -0.13746038018808598 1.0157721770583008 184 177 150 0.38
731 0.3293491475395843 -0.08045666642798112 1.1849635865931474 117 118 103 0.41
732 0.32425072284947853 -0.07197591756430163 1.1943370689544484 116 119 119 0.45
733 0.4199040325643922 -0.07686121041264336 1.0484484266049632 82 79 65 0.3
734 0.333720194196186 -0.05315090381932522 1.173310603724057 26 25 23 0.48
735 0.4238198158170274 -0.07489464388303387 1.0433929774843083 149 144 128 0.28
736 0.3898116731918203 -0.06334633019450145 1.0867219020708587 126 118 104 0.32
737 0.34802068951166715 -0.022934158640792804 1.1487762722293597 104 104 101 0.14
738 0.4011205633146194 -0.014122042388027055 1.0627949147207985 170 161 138 0.21
739 0.43578776285675397 -0.001645147951561492 1.0116220196809746 100 83 47 0.21
740 0.4475576077704303 0.09599270083988912 0.966945010432348 119 116 102 0.33
741 0.428771855583438 0.150847625528941 0.9824640997028267 70 71 61 0.2
742 0.4496913169761149 -0.1333625607053988 1.0218488520881177 51 57 59 0.18
743 0.42491187753659826 -0.07825467409672761 1.042365218461989 84 79 65 0.2
744 0.4065487828884969 -0.063307091551026 1.0676405129636446 104 96 78 0.23
745 0.4097127217473256 -0.06440517059263848 1.0620625332234643 99 96 87 0.36
746 0.44795012456371275 -0.055765722376548754 1.0026709744396434 146 140 118 0.25
747 0.32587900358433736 0.039335158111786755 1.1647981244999512 65 51 35 0.13
748 0.3784556624788686 0.02583493865553739 1.092052625408979 108 108 93 0.24
749 0.36664234074166163 0.13897263340029498 1.0732304786845086 112 107 95 0.32
750 0.3611523620551168 0.14305923549096228 1.0783289984470599 30 31 28 0.75
751 0.3700820482654927 0.1905086657597976 1.0574419587739385 129 124 108 0.27
752 0.4316880995951782 -0.08424415151641168 1.035964143363147 135 128 117 0.49
753 0.34524272491506797 0.08033853559379031 1.1236219241650718 95 91 76 0.38
754 0.4170576613974332 0.10420708255490373 1.005891818697544 26 24 21 0.4
755 0.40038514267907227 0.15340940075866674 1.0208174392661524 92 85 72 0.26
756 0.36050646046242374 0.1377813800233379 1.0820580733929592 114 113 102 0.3
757 0.45213232607577825 -0.1233068972572618 1.0151887761436384 116 120 122 0.4
758 0.4023920634389113 0.052054385818083575 1.0530102074153909 148 130 86 0.3
759 0.1765662548486359 -0.12759045392210766 1.0045454516050298 208 200 197 0.74
760 0.17922430485973756 -0.1253829934115054 1.0063857484415928 105 93 83 0.76
761 0.4489363489224677 -0.1276311627616177 1.0268050978765837 51 50 37 0.27
762 0.39410768962332476 -0.10095202156813717 1.094273623992244 79 79 70 0.18
763 0.4390393556782834 -0.08302971019600384 1.0246272280761561 93 88 78 0.28
764 0.3659908829625847 -0.054801589734282674 1.1214803495859051 134 128 118 0.24
765 0.44720632416855194 -0.06766127905804709 1.0138546982906858 76 76 67 0.38
766 0.45435308840751704 -0.05853948602832597 0.9950287284146486 156 145 121 0.18
767 0.45330174673674917 -0.05683600173988168 0.9977240035331216 105 98 81 0.14
768 0.3582127843799516 -0.00967738030832435 1.121586005073658 62 53 38 0.21
769 0.4062795507005034 -0.00672670082342036 1.0618649556597826 127 123 112 0.31
770 0.43406575459928576 -0.016711634438575717 1.0259599241454933 102 100 90 0.41
771 0.4080088100054373 -0.004945409865301306 1.056262648651052 110 110 105 0.14
772 0.37236328599901886 0.03343048520173804 1.091747373288184 108 94 75 0.09
773 0.4167848675774164 0.08875011888407415 1.0239053484529808 67 49 16 0.22
774 0.42330046865682974 0.11186711304877302 0.9999472183944829 144 135 112 0.24
775 0.39191350119011464 0.1364101642712834 1.0376255517820925 60 54 49 0.12
776 0.4132269984627322 0.14047709021853325 1.012867019166584 115 105 87 0.28
777 0.41910544294552443 0.14109521495926705 0.9973653070568809 67 64 49 0.42
778 0.4338167792029243 0.15220303288415846 0.976787471593424 14 12 8 0.19
779 0.35530338652166127 -0.08355799845152867 1.1554894603806414 86 97 111 0.17
780 0.34684643082921324 -0.07860790190363644 1.1646529212177639 82 87 98 0.51
781 0.33591758143849854 -0.03366173137104429 1.1624461363887235 47 47 41 0.15
782 0.3574791753734008 -0.03713252987038646 1.13576911492769 46 46 47 0.35
783 0.33988875610658553 -0.02697865084129599 1.1535562182283223 67 66 60 0.57
784 0.424851691172622 -0.05543207470617923 1.038851257457497 141 110 58 0.15
785 0.4514670867986574 -0.06333683967631344 1.0008346950512006 158 129 75 0.24
786 0.3767777490883284 0.007707059088886659 1.0934004692886672 127 116 91 0.24
787 0.3922196019881166 0.001591142073331786 1.0710875009972687 111 104 85 0.26
788 0.4422356367483865 -0.013066477203299474 1.0072409474816924 80 62 28 0.22
789 0.42176852786973995 0.002247802438268099 1.033786029349481 56 53 50 0.31
790 0.3951364091908264 0.032113357855266936 1.0600813427119467 129 112 73 0.21
791 0.4429500796007049 0.023810367297553217 0.9982396040866289 29 26 18 0.44
792 0.4300415403787249 0.11922679440505454 0.9873921533757922 109 109 93 0.43
793 0.3680147190342488 -0.11037757672548124 1.1339734659697123 214 212 203 0.33
794 0.3585326602238226 -0.050968977540678764 1.1368860275576718 39 40 34 0.27
795 0.44531175786588756 -0.07358299351967063 1.0073007684901558 144 115 70 0.38
796 0.4441082958529178 -0.011248469605603023 1.0028711693921717 157 127 72 0.27
797 0.3952301187701837 0.01838476149097589 1.0633135346849396 125 123 112 0.47
798 0.437335186921194 0.02676049253972101 1.0135114500042741 38 35 31 0.22
799 0.41795778866844246 0.0762851640925527 1.0185495685180002 99 93 77 0.12
800 0.3640426883475615 0.1252713470304746 1.0802043883173618 33 30 25 0.32
801 0.4132586958250383 0.14702284417625627 1.0141443698706216 93 91 84 0.43
802 0.41409758490834747 -0.12290834311068043 1.0773071855266156 43 43 46 0.34
803 0.3799444103691219 -0.02960896321110791 1.1005860077472 46 44 48 0.36
804 0.3884962276616281 -0.0014890917603033987 1.089962427368453 48 40 34 0.23
805 0.3568737251778062 -0.07475503171984084 1.157324651381283 67 68 82 0.73
806 0.36617575070821 -0.06659563807816613 1.1319731730189673 77 71 57 0.34
807 0.44264013995220586 -0.07164180644089843 1.0131277213873175 33 26 22 0.34
808 0.40357630766498137 -0.01630230027322249 1.0628832616513788 156 149 132 0.19
809 0.4224088523501992 0.03143526018104815 1.0294906855796133 47 39 32 0.34
810 0.351735646413593 0.14706830658821513 1.0839604611822167 20 20 16 0.36
811 0.44353125435875707 -0.07019505027230569 1.025103301932895 24 20 19 0.31
812 0.3883346496095855 0.0990811469287595 1.072937950541837 32 35 34 0.6
813 0.3623963541873422 -0.06661518351584061 1.1448539110612586 209 218 219 0.47
814 0.3490177530430871 -0.0530335425549272 1.1456865606389097 123 120 115 0.29
815 0.3632764640123064 0.1131494105865991 1.0795157901167463 69 68 64 0.34
816 0.42274501918235335 0.15506487404840893 0.9890570035436849 76 64 49 0.41
817 0.358610775365373 -0.05892341604496855 1.1455305596972765 30 42 58 0.24
818 0.42123142288344084 -0.0058756237113457834 1.035306659169919 62 60 58 0.35
819 0.3646038468600699 0.11796387958469373 1.083329919752259 30 29 22 0.2
820 0.39426949870457983 0.11607518256618474 1.0410870033810344 80 82 68 0.35
821 0.3418052887225286 -0.11026053011402541 1.1815001850365112 215 219 224 0.46
822 0.3946259903703255 -0.11734385468533677 1.0913100525667294 52 53 55 0.31
823 0.3286924728106542 -0.054090475162364024 1.175700424727079 82 83 77 0.26
824 0.3352413335891384 -0.05358862758898626 1.1644656948229646 102 104 99 0.28
825 0.3412639922782547 -0.03496788275043919 1.1538230061300419 104 107 104 0.27
826 0.3676505689644727 -0.02737208221345438 1.1147565807092337 111 107 98 0.14
827 0.3693774481572081 -0.02801989879263028 1.1118436761458732 81 78 57 0.09
828 0.32848490399926833 -0.0026503152302160284 1.1677477496866 67 61 45 0.13
829 0.3485404712203156 0.02171160796097175 1.1376249641364278 74 67 60 0.11
830 0.39158911385917305 0.01639951603495049 1.0768917325117175 66 62 53 0.24
831 0.4282262988629376 0.03353297059814635 1.015693527767135 120 106 75 0.35
832 0.4344454747078799 0.054377389328904395 1.0074656246257032 102 99 87 0.19
833 0.41819044246016485 0.09359169533084925 1.0010061125250787 93 94 84 0.08
834 0.4190582788791298 0.09873058099860213 0.9982354817304998 90 90 76 0.23
835 0.36588476176518403 0.12529250809246856 1.0766589849680497 75 71 67 0.2
836 0.36280407280154403 0.16054491688911018 1.0742274706374062 59 57 44 0.26
837 0.32809755574710076 -0.08427373596260626 1.1797430905634532 83 82 78 0.22
838 0.4159793290229588 -0.07534117205136148 1.0555506204134713 91 89 74 0.48
839 0.4030463860869219 -0.06809557683624345 1.0729012004506606 128 124 106 0.16
840 0.3992739237406128 -0.06660794048222889 1.0775276272044594 110 104 92 0.27
841 0.32867109188725013 -0.021942848103595033 1.1707592716445965 44 48 48 0.27
842 0.32751349741446845 -0.0063703697179971295 1.179557571884859 64 62 49 0.32
843 0.44571039416541947 0.006271462201448795 1.0089373309800527 71 71 68 0.22
844 0.39569846386462354 0.02470188202582818 1.0623166724698858 97 90 87 0.13
845 0.3365844525651304 0.06457598719821202 1.1372634976657594 60 60 56 0.34
846 0.3282672051117872 -0.10240520713245019 1.1914517717704656 95 103 108 0.26
847 0.40705771694452964 -0.10165421139275459 1.0770255347362558 50 56 61 0.17
848 0.3376807945462071 -0.029953494732578047 1.157546491951451 119 115 109 0.22
849 0.4270301176497786 0.1471893320538151 0.9845950918153293 20 23 14 0.45
850 0.32704911827701333 -0.04379852027109032 1.1814931798215085 108 110 102 0.24
851 0.3375575480089361 -0.018441824377669676 1.1482588872989632 52 52 56 0.31
852 0.41492853105077254 -0.1400941562525033 1.0695969657177637 86 92 96 0.38
853 0.42526346820519345 0.011407319768588414 1.026647979849722 115 116 102 0.25
854 0.4288529750012526 0.14246436683391078 0.983427621253864 28 29 25 0.66
855 0.44606836179503784 0.132726958390212 0.9701679734357311 117 108 85 0.33
856 0.41642648824303635 0.012312943796369793 1.0469788726131282 22 20 16 0.23
857 0.35545825297921424 -0.01946072575055182 1.1288567962228562 41 41 37 0.19
858 0.4417861902535979 0.08250428180197945 0.988035291921407 55 61 62 0.16
859 0.3668751213064381 0.0496054508958215 1.1022743842718494 36 30 24 0.29
860 0.3806194423168494 0.12035224511190738 1.060153389527912 17 23 24 0.24
861 0.4192542290924749 -0.019085448502481853 1.0426582911635058 36 32 36 0.31
862 0.3478695615273308 0.08498588019926563 1.1282948265805899 70 71 59 0.66
863 0.3385451830893269 -0.0348810797431228 1.1485407581794898 73 74 69 0.73
864 0.3240810384357618 -0.063446796291831 1.1925461394279713 91 89 79 0.1
865 -0.01689932352398208 0.011929441495092412 0.7666407704699381 42 34 19 0.13
866 0.09528661719071958 0.04123459205262942 0.8819907969973733 132 129 120 0.28
867 0.41320776668241477 0.08243009176994207 1.0268651360049699 70 51 23 0.31
868 0.3938467814277997 -0.13007668371175857 1.1534234521748286 196 204 215 0.3
869 0.3777995910019133 -0.09804583083612235 1.1271318030445963 44 47 43 0.48
870 0.38489860622726313 0.007914486920669754 1.186847849545695 30 32 32 0.3
871 -0.13961943757912534 -0.01524540627346405 0.6605888811650779 170 149 121 0.43
872 0.0486044863193611 -0.16747334020144186 0.8972376879392086 227 235 238 0.14
873 0.003472478875917192 0.017390871449357317 0.7893306011590423 163 153 143 0.34
874 -0.11226939061414411 -0.08228131288476885 0.7079351231270636 163 147 129 0.42
875 -0.0805989523946634 -0.04058553064194571 0.7318099514393684 67 61 52 0.11
876 -0.056773180244912555 0.08393453622639124 0.7143964722361353 174 156 135 0.18
877 0.22688565241266012 -0.07095223030082656 1.0417092779581065 108 103 97 0.08
878 0.2310008823977025 -0.06355266251024369 1.0343926417407854 234 236 237 0.18
879 0.3525886464249333 0.04102225765306414 1.1279599901305077 26 27 26 0.5
880 0.36360605606127444 0.09466219359835867 1.06565979186273 67 67 65 0.26
881 0.1536186858643964 -0.08543613337461405 0.9684977469800531 186 183 173 0.31
882 0.115670106574272 0.007446976721173123 0.8991698003426171 150 148 143 0.6
883 0.21878896812005338 0.07298839561848755 0.9887389593000542 97 90 84 0.32
884 -0.13006633833347003 -0.19136393986702 0.7228433886675394 138 133 127 0.59
885 0.122048152639636 -0.02709935239766913 0.9317094376402347 82 80 83 0.24
886 -0.022724891431554827 -0.2445219564066026 0.8414299788202879 106 106 116 0.54
887 -0.21189257110870832 0.059427591465222494 0.5859858406064635 115 115 106 0.78
888 0.06354100260150868 -0.15861996595352912 0.9077251912294996 104 107 107 0.54
889 0.10667280785979741 -0.13540512093115004 0.948094289966805 229 233 234 0.3
890 0.16501989493903663 -0.12873485789158226 0.9913813918994541 156 151 139 0.21
891 0.16729331105749332 -0.06623065158855221 0.9790153070927055 81 72 59 0.21
892 0.2032303238130712 -0.041619717347622896 1.0046239364870126 188 184 173 0.33
893 0.36956401490836444 -0.0061706284946939855 1.1087707147022237 130 130 118 0.2
894 0.34053368361592884 0.05573796245064018 1.1312728458892667 42 40 36 0.45
895 0.10520056279427258 0.06677199269374814 0.8789734592800135 179 171 158 0.14
896 0.15699122468517165 -0.16534351532473315 0.9900155142374552 107 103 94 0.53
897 -0.18606047959890176 -0.12203816808644674 0.6494716127767995 79 68 55 0.35
898 0.22039226034363402 0.01689636516923119 1.0076564894217306 98 96 95 0.22
899 0.10649767268683422 0.020116949095333025 0.8977378188678303 164 153 142 0.38
900 0.22142516634954007 0.05876512107326646 0.9975956276071274 105 99 90 0.31
901 0.2292108931234163 0.09808041040314891 0.9890745842437968 154 150 138 0.24
902 0.18707393869270442 -0.10374155431712292 1.0053594478421792 103 102 103 0.32
903 0.07592011105126449 -0.0713171335764911 0.8842263151311077 126 117 104 0.29
904 0.08516421930152775 -0.014943869499775183 0.8849034710850572 201 191 171 0.13
905 0.167793891965199 -0.15380807960789483 1.0020533974292147 122 116 119 0.32
906 0.20951213999410984 -0.015422124873216776 1.0002661321061912 180 171 157 0.43
907 0.24355721936391442 0.10054281016020349 1.0110739475892876 107 98 77 0.43
908 0.15287071144529502 0.0950325931979562 0.9198902192675893 176 169 160 0.17
909 0.4000145426332417 -0.16075203653353184 1.0867532639911035 74 76 71 0.05
910 0.3214493436802019 -0.08943915581000632 1.1988068828109386 204 208 210 0.32
911 0.3645058396274788 -0.08789168471351205 1.1170578523901407 85 84 82 0.2
912 0.3224238652534589 -0.014410346696427013 1.173672254183208 33 33 28 0.43
913 0.3431548914628924 -0.0075887801523969204 1.145399208073072 98 86 70 0.16
914 0.40675370365122765 0.035004652866518125 1.0503720071869025 132 131 116 0.41
915 0.3803120715119088 0.04450323963225671 1.0893269574157456 112 105 84 0.1
916 0.3388370588123687 -0.12235464453391778 1.189647024165673 230 234 235 0.34
917 0.33583037486093636 -0.07657314607764645 1.172315439814324 136 137 139 0.39
918 0.4329645809597681 -0.1176626338842138 1.0522217428430247 53 56 57 0.5
919 0.45925200127493343 -0.1262232888298749 1.0115468242398462 80 83 81 0.27
920 0.4092778502322139 -0.010558953474125034 1.059080486971114 48 43 39 0.28
921 0.40970624645097775 0.15320796939859693 1.0163028736782476 16 19 15 0.14
922 0.3991255208237363 -0.09490298722980846 1.088763227790543 74 74 76 0.69
923 0.39464110510591427 -0.1579321322622054 1.0903946164616114 182 194 198 0.36
924 0.4176446824637351 -0.10856877323869175 1.064444818523936 94 98 103 0.56
925 0.4103257050792324 0.14885793917629078 1.0188673086003475 75 77 71 0.33
926 0.4355218096159906 -0.1286953588909014 1.0480901660995443 58 61 61 0.42
927 0.459407765207388 -0.09918814529204968 1.0008359092963122 74 63 49 0.31
928 0.3883068326222171 -0.06235845836821012 1.095073465423919 134 127 113 0.49
929 0.3436696949659615 -0.028727789264684323 1.1514147713938476 73 71 68 0.24
930 0.36774957924413404 0.11488226698729852 1.0747636881809766 64 64 56 0.13
931 0.3581381532566859 0.03903802601890276 1.1115106470123186 30 30 28 0.33
932 0.17950951459739506 -0.06316226199620666 0.9894188960541338 163 153 140 0.25
933 0.07810734242411685 -0.14687336134843293 0.9108846017526404 113 111 112 0.42
934 0.4456037970219011 0.12305063049553458 0.9724446608063873 98 85 58 0.37
935 0.3907997443390046 0.08824580963425582 1.0511903302982972 30 27 27 0.07
936 0.3590132223718991 -0.0822827378741404 1.1342893832326904 183 189 206 0.16
937 0.3644136569803253 0.08197866757773646 1.0849014334470672 99 88 68 0.06
938 0.4328205383268814 0.13875798635674902 0.9790881417356505 40 39 29 0.41
939 0.40931481394249347 -0.11046853429850169 1.0806686037522042 47 48 56 0.19
940 0.35808641759552057 -0.014788602083864955 1.1224950921714123 70 66 55 0.29
941 0.41316823749752085 -0.11857540489861061 1.0817850200326804 59 64 70 0.68
942 0.44336718717088947 -0.08821443362350902 1.0205940698171252 120 112 101 0.24
943 0.15116130391482127 -0.18251083363624301 0.9946459390919362 104 102 96 0.37
944 0.08606563268462375 -0.14810730123482282 0.9171949173466751 118 118 119 0.31
945 0.0829373344283545 -0.14131020794364518 0.9141791182586069 177 185 201 0.22
946 0.3666361414873027 -0.1057310045167962 1.1313491476378752 81 80 79 0.31
947 -0.031403321308431244 0.0732352417259945 0.742051373507176 106 70 43 0.36
948 -0.02067695960253974 0.07430856887683825 0.7379447595535858 86 68 53 0.15
949 0.14703077250127927 -0.15825898345998315 0.9780492437133065 157 154 140 0.23
950 0.4143524355042568 -0.10257220175810342 1.0729647258514516 54 60 62 0.14
951 0.3402479206106025 0.06695832565116383 1.1297412153025663 46 46 40 0.17
952 -0.01470492850139057 0.070146045606186 0.736547327482289 148 132 118 0.22
953 0.4229542796536886 -0.10373803047512924 1.0536477434191938 55 56 62 0.48
954 0.4503925085099149 -0.07179439463764216 1.0018525076327631 111 74 38 0.34
955 0.4312305583480985 0.07004168946089724 1.0029832583317482 98 96 96 0.04
956 0.4192010574754377 0.07891800980014688 1.022098719513525 99 78 52 0.2
957 0.43267191593867604 -0.14672576909490448 1.0863456172494903 33 36 33 0.18
958 0.43056958881706053 -0.13014476202726777 1.04986781404314 56 65 71 0.07
959 -0.03379489044560262 0.08896083307295778 0.7368729430421861 135 122 110 0.23
960 0.34525087686430544 0.056230528453157784 1.1303299575954522 38 37 34 0.29
961 -0.033616624303591976 0.08152032495673298 0.739033381557082 136 121 109 0.11
962 0.39163884051862285 0.09826323375100539 1.0348201193713196 87 84 76 0.4
963 -0.012488602020899587 -0.209796665883762 0.8285530440815128 239 241 244 0.26
964 0.37063310577810615 -0.11422416933675614 1.1330109634959569 150 149 140 0.22
965 0.4154989197125441 -0.10972802413795407 1.070679266734616 85 87 90 0.26
966 0.384099762201457 0.14368842098622758 1.052569273724552 87 88 76 0.17
967 0.38186036841118964 -0.12103007330802401 1.1413724498042679 190 206 226 0.44
968 0.4207670173642975 -0.11994019305296466 1.0795551184277874 82 86 88 0.68
969 0.34485602645092067 -0.0747274694291097 1.1628949879986292 94 95 92 0.42
970 0.3986744775820229 -0.13075434322613566 1.0965006406547109 77 79 74 0.43
971 0.07417830212974504 -0.009863121809838823 0.8745452169476097 45 40 35 0.06
972 0.38605779496007986 0.10965158476144427 1.0540915863546096 48 46 35 0.17
973 0.36131260821061667 -0.013390789388561405 1.1206648702746038 81 73 60 0.16
974 0.35748450986670904 -0.06787444268320941 1.152190892929116 76 90 104 0.34
975 0.4412719734787469 -0.016322517550966746 1.0057417097392571 76 63 38 0.29
976 0.4570232975596442 -0.12979271322400712 1.0144826397525737 68 70 69 0.36
977 0.3887839743434597 0.017294022635766754 1.0784114264675821 68 64 55 0.25
978 0.42479135987618194 0.11314120508520711 0.9977995609077828 102 94 76 0.11
979 0.3859003990603307 0.1519996390739085 1.0520512194129836 100 88 72 0.31
980 0.4181191038670387 0.087733481990202 1.0191044710962773 109 92 46 0.12
981 0.38727186538697067 0.002781882171934345 1.084948383115417 130 116 83 0.38
982 0.14798670372021983 -0.18650820075291216 0.9983351738945412 222 221 219 0.32
983 0.39678102840608087 -0.1503715347785038 1.0947450917625963 221 223 226 0.23
984 0.3258196851434033 -0.0678969549799092 1.1807167307086717 116 110 104 0.14
985 0.3773389528780657 -0.035620929970226624 1.106168349582289 123 110 94 0.16
986 0.4491667061769632 -0.0045465414459103 0.9966424197804032 129 121 105 0.16
987 0.36153399744988574 -0.04719939346515144 1.1303209303145691 143 143 135 0.23
988 0.4402030164708665 0.12586989032066911 0.979139327147063 56 43 16 0.34
989 0.43715801744827604 -0.009172129748213619 1.0139592420137065 111 91 67 0.2
990 0.3424309909954878 0.10328639950476934 1.1194741529393752 83 83 77 0.31
991 0.3665854854975649 0.14827063326685344 1.0713671210478828 92 85 72 0.34
992 0.18966116518961754 -0.09833433214875408 1.0060985228148487 217 215 213 0.1
993 0.22279722487960282 -0.009857537985135095 1.0164410199918397 137 132 122 0.18
994 0.43553083409295235 -0.01359688589615948 1.016580038581471 145 133 108 0.18
995 0.36407148395381556 -0.050100445295234546 1.12068107130224 86 73 52 0.35
996 0.4403873311317329 -0.014894980015267113 1.015338431089984 93 80 64 0.23
997 -0.007772323754329228 -0.1920722199946414 0.8357417504061438 96 90 90 0.32
998 -0.023523287461224788 -0.22242586767501665 0.8359908676431007 139 139 147 0.42
999 0.047214235897300894 -0.0240431592864769 0.8534997541466667 159 139 114 0.31
