# Image list with two lines of data per image:
#   IMAGE_ID, QW, QX, QY, QZ, TX, TY, TZ, CAMERA_ID, NAME
#   POINTS2D[] as (X, Y, POINT3D_ID)
# Number of images: 529, mean observations per image: 65.461
385 0.9172385735317434 0.08629745856722272 -0.36521079293985204 0.13359353612290661 0.6745303744857986 0.1928284350741425 0.6507952282247095 385 image_000385.jpg

156 0.8813345916827122 0.08737277091957298 -0.427195834156555 0.18198640606290617 0.5967427697472978 0.24695746623167797 0.7101154381220193 156 image_000156.jpg

332 0.8871581887680444 0.07446850829491504 -0.43186919752092906 0.14454680559285668 0.569253871499473 0.18457411789903438 0.7448236827680289 332 image_000332.jpg

233 0.5815977495773346 0.1887933693329632 -0.19929461877927065 0.7657563743453575 -0.0275451339615013 0.509302802059075 0.0634269587784202 233 image_000233.jpg

459 0.9194321695265641 -0.018723325249820018 -0.36925886773863736 0.13394700387377392 0.42297150213502926 0.06947732105023947 0.2296213452570227 459 image_000459.jpg

270 0.9148867292027807 0.011628815280691056 -0.37669314794054026 0.14473878521157002 0.430755839666946 0.1245565977862633 0.3321555913477611 270 image_000270.jpg

101 0.8950453135614407 -0.0069668183404461 -0.44033964005142184 -0.0703301921305686 0.4439489074910891 -0.10628214141103545 0.5059330388277681 101 image_000101.jpg

502 0.9254610769393901 0.026269126093710377 -0.3587636178717375 0.11882915396694825 0.2808073520614172 0.05563230486820712 0.26356749031252497 502 image_000502.jpg

162 0.9303017786899496 0.030315392648773008 -0.3462684385164458 0.11712283195633878 0.2915817388541938 0.05432142629655059 0.22771489039963555 162 image_000162.jpg

388 0.9386040006793892 0.09011914261434129 -0.30388742300382027 0.1362112270911002 0.6996236234597601 0.20375020770435032 0.5424781651070835 388 image_000388.jpg

464 0.9442608158179427 0.05878575654279139 -0.2946848628454203 0.13444915595373527 0.5423715831355055 0.11568888855321142 0.27989376404861976 464 image_000464.jpg

116 0.5289427478922697 0.31267358093056447 -0.21373109563197648 0.7594563902960186 -0.2297898597912673 0.5678254872298484 0.6118689349892866 116 image_000116.jpg

273 0.9183387556712608 -0.004258953145279189 -0.34765470424809797 0.18913491963090776 0.6393151798615094 0.02574341736928413 0.008641184300235694 273 image_000273.jpg

235 0.7853970773365382 -0.2776582669085865 -0.27027031100636156 -0.4827124139165148 0.07568112000924995 -0.689446811529117 0.04120058888479988 235 image_000235.jpg

181 0.9116289204561914 -0.021694571121607373 -0.3741055806499889 0.16884045521135185 0.5567674607123884 0.05618493903019299 0.15113780341465222 181 image_000181.jpg

226 0.9208218127984564 0.11903187961958994 -0.3508495250994891 0.12175057580110234 0.7308458883915958 0.15184832864789682 0.6220762433352893 226 image_000226.jpg

290 0.9309421824760672 0.07441398012346195 -0.33681652046345273 0.11984922692557154 0.741163341941214 0.17039288034191843 0.5697893800981061 290 image_000290.jpg

133 0.49583389488308494 0.26593697386972637 -0.2547030021430077 0.7864812134803493 -0.3511893687036468 0.6615385937271284 0.6034668605021727 133 image_000133.jpg

134 0.4979441379789063 0.2754192161062225 -0.2599884575672813 0.7801293842564184 -0.3373276278369405 0.6520827446391895 0.6206927586685081 134 image_000134.jpg

136 0.5040500610186507 0.2725114975953116 -0.26320561145054167 0.7761402300243022 -0.32581306462122894 0.6588778851641799 0.6152789133578019 136 image_000136.jpg

495 0.8781448411157758 0.030240873033787027 -0.4557314444076042 0.14232354308994316 0.5912041206132961 0.18929183867312244 0.7081103838948776 495 image_000495.jpg

209 0.9247389330627037 -0.01187912198786036 -0.3461726326528478 0.15773807464965311 0.774763682483532 0.19414964202746626 0.4212525093831454 209 image_000209.jpg

466 0.8942201234108467 0.07258316311848577 -0.40271537329103013 0.18144524932850484 0.6683744370430952 0.19550946021833962 0.5004931653601103 466 image_000466.jpg

180 0.8603896136908779 0.07431228655434344 -0.4740362488651798 0.17174706952499558 0.49502189839322114 0.2322048177677167 0.7853426224579623 180 image_000180.jpg

279 0.9089562475164413 0.09622265400923158 -0.3899279376234346 0.1117853481919427 0.6541429346696498 0.14418397556705947 0.702239600228135 279 image_000279.jpg

137 0.43027256169931705 0.3904646533686262 -0.33728587883328265 0.7407031963674875 -0.23839545806388632 0.9056383804244028 0.5935582574951725 137 image_000137.jpg

508 0.8243763017244565 0.036095506993105354 -0.5173083663645137 0.22692034428587957 0.9106505556598732 0.24823814792077992 0.6216024139243742 508 image_000508.jpg

108 0.9180980865654224 -0.042242140954387136 -0.3436547814336956 0.19290648803461033 0.6331557879355783 0.012294991826753185 0.018832663427688023 108 image_000108.jpg

155 0.754534862440813 -0.24470086055742027 -0.2944261187696969 -0.5330214886701059 0.026042170896541483 -0.694187370138688 0.03557723544576297 155 image_000155.jpg

252 0.9053494031692753 0.16085119443519602 -0.37676021219957995 0.11189754551822777 0.6697620215096934 0.09330066174380908 0.6800260159392378 252 image_000252.jpg

31 0.9196414200082366 0.04950524777113732 -0.35813816548871724 0.15344689972605 0.6526118651158413 0.20501286217490564 0.5345638497504646 31 image_000031.jpg

253 0.9154517163109946 0.09242259554385342 -0.3694694578940879 0.12999440035274576 0.6205453183697032 0.14013868510958485 0.5435414670759094 253 image_000253.jpg

207 0.8366420594271041 0.044407856706224984 -0.49933667605081644 0.22072801948979623 0.8782887381252263 0.2495868610356226 0.6109581499730516 207 image_000207.jpg

33 0.8455179840234055 0.039685948299903115 -0.4810684361444012 0.2282487201653237 0.7956520024746335 0.289229361680384 0.6020992326691482 33 image_000033.jpg

139 0.900604621071687 -0.03781767776423963 -0.3767287226341603 0.2134399935783746 0.6542376171331431 0.06982683486427668 0.0748789456132602 139 image_000139.jpg

403 0.8820767581307285 -0.014148407226153945 -0.4241754592144868 0.2044885928124585 0.7265944638841322 0.3026795307684048 0.5725992372982174 403 image_000403.jpg

10 0.8946030897817066 0.10415338578549968 -0.40794005172671544 0.14974082735422642 0.6722251805080192 0.19006629533197095 1.1666889027163219 10 image_000010.jpg

59 0.8993873839301628 -0.0051744136816549765 -0.3922862408157031 0.19283950380777817 0.6981349357534332 0.018001393700665308 0.27000852553390314 59 image_000059.jpg

357 0.9007797858369663 -0.0018676426332009909 -0.3907102730885073 0.18957259624987507 0.6994271736215542 0.013792017527967389 0.26557350992768475 357 image_000357.jpg

349 0.903838800835597 -0.00930235542000286 -0.38022567275804975 0.19600337767428408 0.6763142646418411 0.28735293491573866 0.5145744310400532 349 image_000349.jpg

468 0.905325853030966 -0.07441153316363852 -0.35899468199234763 0.2144081502680469 0.6776282047261277 0.29672893921019294 0.4202827385541769 468 image_000468.jpg

238 0.7207994266844959 -0.28717284148868283 -0.4241468927011962 -0.466989610892276 0.18152612593413656 -0.7915530259560513 0.636565125531812 238 image_000238.jpg

300 0.8035352328072023 -0.0011169626280779872 -0.5392599186467428 0.2520488690078116 0.749895073550616 0.33204915410636987 0.6484391575884878 300 image_000300.jpg

282 0.9573579310699267 -0.0746432408054978 -0.2518061954115857 0.12036539441233136 0.801234567233171 0.06141153109001698 0.13690361073374865 282 image_000282.jpg

475 0.7867307847256813 -0.31698945278952273 -0.24212651968819787 -0.4711126016480137 0.036620164227050236 -0.7083362602455191 0.07131905034713076 475 image_000475.jpg

24 0.9350524396429156 0.04968239726981795 -0.32840521211525925 0.1239298928085249 0.43916017141039954 0.17591593367122474 0.41317084503264284 24 image_000024.jpg

79 0.9221996660948765 -0.02306932556797732 -0.3546829167687332 0.15236666335853655 0.6982036354500887 -0.0016986996905774161 0.1084352662432696 79 image_000079.jpg

2 0.9999998062848857 0.00023518558199853246 0.0001398547008538438 -0.0005419984694902717 0.00038464365158356737 4.2667610970953866e-05 -0.00012513249385669785 2 image_000002.jpg

99 0.944970612926811 0.02305622130690987 -0.30272880593143914 0.12187790002520997 0.5516650575999571 0.0832592393930158 0.24335752714476688 99 image_000099.jpg

4 0.94191672702897 0.04590082663400887 0.30348241087631006 -0.136324702091922 -0.7912485431064936 0.1648889283193354 0.4595687390910588 4 image_000004.jpg

452 0.9688057037458683 0.02156102311623006 0.1829683015443631 -0.16575051721315637 -0.6417149207314287 0.14845302292628357 0.09646401246940267 452 image_000452.jpg

231 0.9083208315467262 0.023817962454175928 -0.37596814834774994 0.18175248684404302 0.683509143992135 0.04404400753656196 0.05761526180197657 231 image_000231.jpg

40 0.8566655187994939 0.047051749302950155 -0.45596694188023584 0.23665260126104584 0.7555827908762862 0.12487118141870882 0.1935138620112175 40 image_000040.jpg

232 0.33521266930701094 0.4557587856551668 -0.41165628439932406 0.7144617091643988 -0.30962656075807315 0.9368209853827572 0.7563410298627404 232 image_000232.jpg

522 0.9713943829363041 0.05800501133795349 0.20658511635836782 -0.1017396354389393 -0.6633338620546638 0.12325574580432073 0.2596000729268122 522 image_000522.jpg

336 0.8738375673905123 0.0482582382231793 0.4557337348005175 -0.16243697289430448 -0.5628558260087568 0.17126388222118444 0.5920262871458706 336 image_000336.jpg

86 0.8470226504000682 0.017810316961925997 -0.46785458765964194 0.2516893372464095 0.8618451856325636 0.24533308468112067 0.40576755042573187 86 image_000086.jpg

317 -0.47657663186963817 -0.2520483095552169 -0.3067324398403775 0.7843860910399013 0.14060514247141023 0.7550422994072817 0.22366940655227183 317 image_000317.jpg

