# Image list with two lines of data per image:
#   IMAGE_ID, QW, QX, QY, QZ, TX, TY, TZ, CAMERA_ID, NAME
#   POINTS2D[] as (X, Y, POINT3D_ID)
# Number of images: 79, mean observations per image: 1067.785
7 0.999976857126525 0.0002995534338042895 -0.006491477699007801 0.002016353316769384 0.008650469103149193 -0.0015470392553772483 -0.0009037935439681583 7 image_000007.jpg

46 0.9985431369499103 0.007520625570698579 -0.04577870109100472 0.02755639357816032 0.09075517375042316 0.15233028751801198 0.36504278288985814 46 image_000046.jpg

212 0.9940922325051734 0.05971071334746818 -0.08503389099414985 0.031376700396501075 0.12811642216040367 0.15448105891316058 0.5529756252195286 212 image_000212.jpg

116 0.9930376642900043 0.017204426630636135 -0.10998182083971496 0.038525396677360955 0.10194031970947304 0.11960248368611553 0.3128598342144392 116 image_000116.jpg

117 0.9276402651425197 -0.003075722696457538 -0.20290840941053662 0.31353190967824934 -0.15842081588601176 0.18726585235922 0.4059348231618769 117 image_000117.jpg

23 0.9616930072535002 0.11894633487966612 -0.23843081901908988 0.06441329812733229 0.0864442761072991 0.07962723175000662 0.4797986234034961 23 image_000023.jpg

24 0.9586183170273987 0.1183731592176607 -0.2476071915931782 0.07569278168505622 0.1480005542227314 0.08697750212915341 0.47809003586339904 24 image_000024.jpg

216 0.9920122564858767 0.07785589620313023 -0.09896435025963007 0.007496709687475182 0.06301254933697648 0.06285154936806295 0.22442262092399254 216 image_000216.jpg

72 0.9706938641960025 0.09553602758567718 -0.21211505096113822 0.060278530483447425 0.10869182846639769 0.09564248418068763 0.4855303499483085 72 image_000072.jpg

30 0.9652924677597008 0.16512156407287976 -0.19872141313752237 0.03814604754618117 -0.10020131780376387 0.02951427872776377 0.4553909376876793 30 image_000030.jpg

31 0.9299751236708474 0.1407374625879763 -0.32943359981847775 0.08253924445416702 0.05993479967191424 0.026912608192793452 0.244253407490089 31 image_000031.jpg

228 0.9819656514282334 0.18127061206724443 -0.05351676494768915 0.004515472879486073 0.08236113449644183 0.018058822628608084 0.45881335923035016 228 image_000228.jpg

173 0.9889735680175185 0.08189901681354479 -0.11177726978161871 0.05224632437116795 0.22080772573950366 0.1493956051617688 0.45037542981413226 173 image_000173.jpg

180 0.9828637488262416 0.10786825218488748 -0.147791455630057 0.022382388300154307 0.2169238525591706 0.05540841655594252 0.3463612858849499 180 image_000180.jpg

149 0.9954214071769767 -0.0620847247727648 -0.07110397334013155 0.01503116999240644 0.0708111854425107 -0.003929115677001287 -0.006294565414654311 149 image_000149.jpg

154 0.9901979675397569 0.09450463932133249 -0.10041124889055625 0.02223612462243689 0.14333473547284406 0.06993628439403943 0.2995097288909428 154 image_000154.jpg

161 0.995673571411642 0.07746864328183554 -0.051232585177490006 0.0028219738749521482 0.029310233937733927 0.07927262375849914 0.29626544080968364 161 image_000161.jpg

193 0.9947185109911104 0.07911468461069175 -0.06403282637399346 0.01325691643092043 0.1442184322766755 0.12585213680485774 0.4921993344790417 193 image_000193.jpg

151 0.9979609166133336 -0.005662211840606756 -0.06320959678147324 -0.0068196680369987175 0.1232410781958211 0.1921087633236733 0.4327705881696061 151 image_000151.jpg

94 0.9961298831607606 -0.03165874970831258 -0.0802674716019645 0.01673680452175801 0.1157836205885189 0.16607976048120393 0.3303128934778622 94 image_000094.jpg

8 0.9856662340173133 0.013176321668004292 -0.15859099177894326 0.05601212197747814 0.1303828458628817 0.16622525284900122 0.4301498566140766 8 image_000008.jpg

167 0.9848571753503207 0.12110480452445328 0.11929974463636883 -0.03402272410316349 0.35029661192273026 0.0664671173270738 0.38955993021300384 167 image_000167.jpg

218 0.9953794962450107 0.035967118557568 -0.07596094443862808 0.04643219164933724 0.17780231817578848 0.16154628203576252 0.4302637792684868 218 image_000218.jpg

171 0.9840188052316542 0.053710067004676315 -0.15264696600009464 0.07430432163731839 0.29092149437158366 -0.0037591843906761638 -0.06496990020026554 171 image_000171.jpg

45 0.9969449326610355 0.02377914925667751 0.07033634323455121 -0.024251839103207745 -0.1952558786810775 0.10396553537843414 0.2555562175035925 45 image_000045.jpg

18 0.988946854145979 -0.03252506535587865 -0.11961913993387041 0.08134803915584224 0.2995306339042456 0.04502383422972158 0.05257707742836637 18 image_000018.jpg

58 0.9857640498366018 0.06855578497163678 0.14248686013681927 -0.05715627758083995 0.27299986635852747 0.08924263524684894 0.336945123355295 58 image_000058.jpg

132 0.9996711248461555 0.021949480869075458 -0.006508343318777207 0.011554760524995105 0.05618008234125123 0.16996152706305967 0.4657877317539975 132 image_000132.jpg

205 0.9949012848304234 -0.012224640682840588 -0.09800108044120373 0.02043997290359445 -0.003215880346086414 0.1300269102189413 0.29447524602501396 205 image_000205.jpg

144 0.996988386884284 0.024666128343935962 -0.07295819393804821 0.00910118212725381 0.09761969512521101 0.1515982361487813 0.4095814074937663 144 image_000144.jpg

145 0.9904942491092994 0.11037378737260209 -0.08208608424903871 0.000803826716398055 0.10891787305753158 0.08390021947235668 0.4897246900008132 145 image_000145.jpg

125 0.9963731063976698 0.08460961803301471 -0.0018083843557045517 0.008864029104920719 0.17311670169917293 0.1348916782725375 0.49339008491847863 125 image_000125.jpg

86 0.999024018339796 -0.023870989838102832 -0.03666608557666574 0.006064570409949982 0.19908753016924768 0.24572887281326464 0.5017744917794442 86 image_000086.jpg

57 0.985016983778111 0.019752321535762632 -0.15750191462108487 0.06741328424265777 -0.00043030981023160775 0.15408257793561098 0.4141558902524769 57 image_000057.jpg

189 0.9805981888284901 0.012029420243119262 -0.18338116068950153 0.06821899633223659 -0.016369350143613015 0.19382989456161934 0.4623155150783373 189 image_000189.jpg

37 0.9990264731170938 0.02059843688480134 -0.038597515330884014 0.005660821231065588 0.06672596260501804 0.17921242036134674 0.46286202447243063 37 image_000037.jpg

90 0.9971022139488981 0.0006326478121417549 0.06790401948185641 -0.034290148935467064 -0.1781701426090161 0.11639111882176201 0.2548467332379136 90 image_000090.jpg

106 0.9181287866741318 0.1555325332536752 -0.34959660608277904 0.10310861919250094 -0.043338531680458536 0.06870383258983054 0.5422479673546804 106 image_000106.jpg

140 0.9706994854642244 0.11834534707270505 -0.19695735001359563 0.07031838526928662 -0.009092683371240001 0.09211298805838534 0.5154065831660342 140 image_000140.jpg

177 0.9496250751681506 0.10521750150801383 -0.2813464547992373 0.08936254313107211 -0.02757083678071201 0.09435292568856189 0.49929568010393666 177 image_000177.jpg

150 0.9609358889954284 0.1671575707860919 -0.21405309311812018 0.053308984490188 -0.09521220944589259 0.03636402814845929 0.4937646776712028 150 image_000150.jpg

183 0.9980202047625049 0.02587001944108473 -0.05121120155739449 0.0257650303102941 0.06266934388465305 0.15723707141929516 0.4172331643881226 183 image_000183.jpg

122 0.9881238681777144 -0.12450961830900831 -0.08994794859388501 -0.0042350288763154526 -0.06700056560301179 -0.2585528961603144 -0.3633393003487366 122 image_000122.jpg

166 0.9941759082941481 0.021203037101332218 -0.10155919719945175 0.029162056402400233 0.13760104745878976 0.21251391643075082 0.533654495178684 166 image_000166.jpg

55 0.9806292521107983 0.03162489708841459 -0.1834880350933345 0.06081340519695699 -0.039994103862505334 0.15904062409610384 0.4336885544203028 55 image_000055.jpg

210 0.9757073453685128 -0.1288889573943176 -0.15834014113191022 0.0794432085729637 0.1761557419254513 -0.1399992992005359 -0.18333176423272723 210 image_000210.jpg

226 0.9933349105231524 -0.01734169036643035 -0.11302920654867822 0.014470973806988897 0.1104171752824341 0.14905089625919576 0.35981591133999374 226 image_000226.jpg

99 0.9543493331143061 0.12745283899279541 -0.26150783113946846 0.06772580636514729 0.1781515286516497 0.008639269324290605 0.06885975238066463 99 image_000099.jpg

233 0.9787984269093174 0.16534054803596593 -0.11797657341654608 0.02641330628204786 -0.017261774631933156 0.00498074239048258 0.0620425345721386 233 image_000233.jpg

131 0.9910312705936548 0.03875233700952177 -0.12094286547879694 0.0415704443054647 0.1432463207072134 0.18725148108552525 0.5134701469579319 131 image_000131.jpg

139 0.9967522984750388 0.06776771889807065 -0.041649073026341736 0.012559709607326315 0.034461271757364687 0.1339109880365709 0.4213422501466546 139 image_000139.jpg

34 0.9977379260170283 0.024093812919639867 -0.05267305670938026 0.03411839054830009 0.09918748110783286 0.10647469014647389 0.2730445946038023 34 image_000034.jpg

211 0.9981442793230568 0.03793540703692083 -0.045331033140811744 0.014628867479530273 0.061147325215225125 0.15625293634410273 0.4696573093591609 211 image_000211.jpg

186 0.9981458744408555 0.00893197415518709 -0.051553493425363986 0.03110105832323499 0.05741413920302679 0.17444079935592186 0.4064784718124567 186 image_000186.jpg

215 0.9951449315029642 0.014723063060302702 -0.09191648123308595 0.03195562534005579 0.17157807140098538 0.2593715043454322 0.7960740342844167 215 image_000215.jpg

102 0.9877093618826347 -0.02303833236139772 -0.14633631814367462 0.049851075331055775 0.2057270100859287 0.08842929004648899 0.18111495589869778 102 image_000102.jpg

178 0.9952844052836509 0.003257561547034186 -0.09134895668534838 0.03246096681281068 0.20325301965316464 0.16567852136083477 0.4213002393277765 178 image_000178.jpg

225 0.9859158792672942 0.04286880597231218 -0.15743391796371584 0.036697555678409995 0.04430573965391002 0.1483669970210707 0.6013590264242089 225 image_000225.jpg

119 0.9965082759992384 0.034841809997644885 -0.07321249182274811 0.019930783655918324 0.08476282795546819 0.1545270985986774 0.4139802390076351 119 image_000119.jpg

68 0.9679970399970734 0.1334924868058336 -0.2068101387290281 0.048898437914310484 0.006012433168711199 0.00741029867470395 0.06007894745599571 68 image_000068.jpg

143 0.990691860799846 0.04847733144331758 -0.12269826478934034 0.03353681538370765 0.11491867391796987 0.15794069644086356 0.48496747672410795 143 image_000143.jpg

121 0.9796792483153021 0.18303528137668454 -0.08194801880702714 0.003343459067659769 0.155326802799001 -0.008003171300711584 -0.17664159632351575 121 image_000121.jpg

191 0.9941402688756824 0.029654258601862278 -0.1017641878194628 0.021208323883010072 0.0838356344316541 0.17887441443853971 0.4908989939571155 191 image_000191.jpg

153 0.9879389131887468 0.1321141622023367 0.0796087992867627 -0.013600710534724714 0.3969494800173978 0.08540683210747539 0.3509342341808893 153 image_000153.jpg

51 0.9698610605838643 0.14466296739685808 0.19186845553823786 -0.040356470790386643 0.3251118343279107 0.05069019057331972 0.36692753539748213 51 image_000051.jpg

137 0.993110095408444 0.06735012146582649 -0.09044268189381259 0.03188131608857159 0.025232604038687254 0.1469456647935366 0.48967325633576864 137 image_000137.jpg

59 0.9908816456249 0.08635710127232248 -0.09723648673639 0.035229089603039845 0.13037067083662235 0.1390913640511936 0.5642595941192428 59 image_000059.jpg

202 0.9853310025438679 0.08950179530669072 -0.13912685779958697 0.04190419013010295 0.044284010367884624 0.15750299440037357 0.7030737487233829 202 image_000202.jpg

48 0.9772640450914871 0.13647590427206338 0.15876207986653784 -0.03352469872491975 0.4364875940791334 0.0759634004332361 0.3202092658701796 48 image_000048.jpg

115 0.980217996299676 0.04695330164983312 -0.1791862079232361 0.06971632071584798 0.21718174852972671 0.2364570716511323 0.7633462201901754 115 image_000115.jpg

174 0.9951899783131923 0.08254265108413361 -0.050765296934432026 -0.01437069468101854 -0.027679317539702854 0.10591468941293297 0.353732782004705 174 image_000174.jpg

133 0.9958116441025522 0.03527119795307225 -0.07778351318087107 0.032631755192806186 0.1144594073649804 0.16722572282088502 0.4822705097583319 133 image_000133.jpg

168 0.9516302773740786 0.21489869632126796 -0.21648133388064 0.03679916569948457 0.10247122584055313 0.0038064250040485137 0.5475955361023626 168 image_000168.jpg

74 0.8045737235910732 0.10819692786883904 0.5632141234971579 -0.15409210373034926 -0.3306734262393459 0.06356828365092704 0.31747005531172895 74 image_000074.jpg

78 0.9513837477560407 0.07577967384318882 -0.27477051425425253 0.11673713907605594 -0.32130526428118433 -0.13457345184565678 -0.4512603110625331 78 image_000078.jpg

80 0.8978606551423539 0.11897023525221233 -0.4107004309442316 0.10496414671478825 0.18021740363550035 -0.0780332045879333 -0.399668406783616 80 image_000080.jpg

79 0.9839776829175589 0.08327338975511688 -0.14481360000257046 0.06230954280519915 -0.6249754321330621 -0.15654383481837797 -0.5302531587978425 79 image_000079.jpg

