# Image list with two lines of data per image:
#   IMAGE_ID, QW, QX, QY, QZ, TX, TY, TZ, CAMERA_ID, NAME
#   POINTS2D[] as (X, Y, POINT3D_ID)
# Number of images: 158, mean observations per image: 1243.905
0 0.9999861731300472 0.001392072317042151 -0.002894554518100625 0.004163800851295879 -0.002810866842886867 0.003723485490606812 -0.003603639783041943 0 image_000000.jpg

2 0.9779655114378175 -0.03708622445301658 0.2046082013416177 -0.01853521884782545 -0.2743336285490409 -0.02041646986511138 -0.1422439328231432 2 image_000002.jpg

3 0.9896901775060957 0.01221276173460493 0.1420642039279579 -0.01348936473976035 -0.1518039874762694 0.007292695665848727 0.1746713492891016 3 image_000003.jpg

142 0.8642440550459057 0.1240207860951541 0.4875442647113361 -0.001283698263584835 -0.7138987168125812 0.07371435296695047 0.3240746996285003 142 image_000142.jpg

17 0.9921775926650438 -0.003454606156466614 0.1246423009914799 -0.005998926008178848 -0.1207318733890773 0.005652892931676267 0.04932874773269048 17 image_000017.jpg

26 0.8947628514291057 -0.04030947779142887 0.4381740662010277 -0.0760136396411584 -0.3095016928380731 0.1329427922518037 0.641596152621819 26 image_000026.jpg

157 0.9917318551742655 -0.03637953555459293 0.1223958504333962 -0.01279502333438768 -0.0127296141721597 -0.01941237453420685 -0.1168673326680284 157 image_000157.jpg

43 0.9764098303924491 0.03312433651663834 0.2126019560076624 -0.01808396375348527 -0.2706153068821596 0.00661468846591255 0.2718214809741424 43 image_000043.jpg

172 0.9952354864331648 -0.01483734794296924 0.09537803119987033 -0.01375539220080187 -0.02823915883180575 -0.001806322324067746 -0.06469589003627901 172 image_000172.jpg

53 0.9938021282790372 -0.07319183793496095 0.08260652857763705 -0.01328330245497608 -0.09048006466155385 0.0216607930983583 0.08584554445986747 53 image_000053.jpg

61 0.9962185802519075 -0.04134183707985919 0.07558310872815112 -0.01125106851481206 0.004737430685540583 -0.003925084858324861 -0.03852037912276726 61 image_000061.jpg

65 0.9838907504578672 -0.1027704585998751 0.1442452482547896 -0.02430087155927965 -0.1647813364049991 0.08161415893420268 0.2428430095646845 65 image_000065.jpg

67 0.9864648503845136 0.003415425807388039 0.163842475262527 0.005574685844217431 -0.2603087262637541 0.008330164188396879 0.2118498588781643 67 image_000067.jpg

71 0.9575831471762734 -0.002133775481810389 0.286784864046546 -0.02800723120876035 -0.3005457300060317 0.0302870839365579 0.2966433847091974 71 image_000071.jpg

221 0.9808671526051921 -0.004003689306115247 0.193279136952028 -0.02295157143209033 -0.2199878593093473 0.007308627423042015 0.03498831297121124 221 image_000221.jpg

96 0.9600114084920296 -0.04712199805684742 0.2719424172879191 -0.04695673054933938 -0.2017732762278557 0.01059275461968462 0.02982800521691636 96 image_000096.jpg

227 0.9990584263486131 0.01047686504492897 0.0388044210679464 -0.01633134857398757 -0.05770423408240061 0.005709498180636342 0.04748311800434922 227 image_000227.jpg

232 0.9932999215353696 -0.0130407483041108 0.1138183877664787 -0.015184840062935 -0.1442809237674238 0.01498898508692589 0.09837006749262291 232 image_000232.jpg

118 0.9909191281888341 -0.04949917772070336 0.1220482798891986 -0.02708006961850763 -0.1124589768515289 0.01237706791306056 0.03244867017905315 118 image_000118.jpg

103 0.9865851422486107 -0.02836524592634847 0.1585923440158824 -0.02633701458735195 -0.2145416489833401 0.01002861928275095 0.02523517147701285 103 image_000103.jpg

219 0.9963689059439549 0.0267662937380686 0.07924507730712942 -0.01589926130866404 -0.1140303211924891 0.002483005388334636 0.05367203618972374 219 image_000219.jpg

190 0.9953733843351679 -0.05132972730633069 0.08100901286735138 -0.005884274472647977 -0.08979286078703172 0.05331931008491013 0.2845884948042892 190 image_000190.jpg

111 0.9825478970059467 -0.02038113414925066 0.1836371188504813 -0.02148599637615521 -0.3154309766961473 0.03667980981577575 0.2484887836949237 111 image_000111.jpg

4 0.98532451422561 -0.02375263332013716 0.1671729419214236 -0.02499243016917541 -0.2386253734171515 0.03715209614720118 0.2642450284767581 4 image_000004.jpg

11 0.9933684444354492 0.00721533861217144 0.1145366018259633 -0.006959836978553443 -0.1179421832881252 0.01675005430883911 0.2576664597165352 11 image_000011.jpg

54 0.9975040038304034 -0.06754294487465687 0.01961393561424546 0.006245515966990817 -0.4182606027685002 0.01582412509243544 0.100051511267142 54 image_000054.jpg

38 0.9794687573092101 -0.03896619553251996 0.1958916398130884 -0.02736886026513598 -0.300274986201393 0.001856170852993617 0.01556668957676302 38 image_000038.jpg

50 0.9952597037184145 -0.02001972151476523 0.09491567361717831 -0.00695325870381417 -0.04883747103117608 -0.02368790926856394 -0.226470734847121 50 image_000050.jpg

147 0.999435264929373 0.01514453188941649 -0.02995342061309817 0.001608403860737423 -0.2350375951600344 0.0122417609986523 0.1559500663272458 147 image_000147.jpg

199 0.9377606235807645 0.04070716765172628 0.3446519611585212 -0.01276577583913749 -0.4108449721540749 -0.01190744606942232 0.3247231398631443 199 image_000199.jpg

12 0.9726985899812036 -0.04821562074389284 0.2248303097074985 -0.03136939275296709 -0.1754435611774388 0.06906477139898838 0.3903694056718273 12 image_000012.jpg

128 0.98616488186039 -0.131162384761561 0.09416370501798438 -0.03752933873956966 -0.02669749428688101 -0.05195202765491661 -0.1627924950168861 128 image_000128.jpg

1 0.9319569389566608 -0.1352696949466738 0.3200124983330879 -0.1036840126064763 -0.007721804587403097 0.1263663583334561 0.3099679047258319 1 image_000001.jpg

14 0.9886481173040331 -0.02826098935090099 -0.1466426221143553 0.01649721223496988 0.03964877422031232 -0.004167000177740554 -0.02700399936414619 14 image_000014.jpg

15 0.9940687615109003 -0.02270237235238938 0.1062219523187247 -0.005366239219128936 -0.1688809814781889 0.002877805026690728 0.01148222823877254 15 image_000015.jpg

152 0.9936899701720403 0.05069439114548636 0.09999426585994975 0.003386544109824309 0.03401362539611349 -0.008904923248303448 0.09932233711851023 152 image_000152.jpg

158 0.9953552835348319 -0.08312684130603705 0.042003291400118 -0.02436208745842652 0.06689299308064681 -0.06557803603357082 -0.189214865095187 158 image_000158.jpg

179 0.9926556290825698 -0.0531371470179394 0.1079767792500566 -0.01233940032037104 -0.07939712832890257 0.03103307286966726 0.1452756500185625 179 image_000179.jpg

56 0.9283002754959231 -0.1963796688553837 0.2956722434068179 -0.1107770222258334 -0.09703318651404161 0.1646397846902584 0.2836037013636399 56 image_000056.jpg

64 0.99411090805502 -0.05555713787528283 0.09209977989175287 -0.0132112626580886 -0.0829598949652449 0.02969683985911874 0.1401586561091743 64 image_000064.jpg

66 0.9887810148612715 0.01640615818379431 -0.1477313816614609 0.01477773649643723 -0.2181933416308011 0.01717943033968874 0.358574431906634 66 image_000066.jpg

69 0.9723338115648864 -0.03249387410562937 -0.2286787498491913 0.03488748200599422 0.1251730063397651 5.744170188464771e-05 -0.05018548220161007 69 image_000069.jpg

197 0.9974277941292975 -0.01568247073914034 -0.06994148184084285 0.0002114894479213271 -0.1771088702755625 -0.0108939877892776 -0.1531035892380337 197 image_000197.jpg

204 0.9973593262150736 0.01532327736129011 0.07080995392470255 -0.00505193110650287 0.00235456478227794 0.002290518451221775 0.04347949811767826 204 image_000204.jpg

89 0.9971780764362824 -0.05935674778588132 -0.04486647682743278 -0.009982966703955203 -0.2227832322630444 0.01491547567443582 -0.003025345005163937 89 image_000089.jpg

222 0.9982837234486505 0.0554064289373831 -0.01877011665061679 0.002723573172769678 -0.2529774032635313 0.00203421159533914 0.05673383137181232 222 image_000222.jpg

97 0.9911158976031429 -0.03115111623718014 0.126560263191028 -0.02648367905921816 -0.0253527836890374 0.04526763126510865 0.3066271090945355 97 image_000097.jpg

9 0.9707156654076164 -0.02708951439805813 0.2372115542356817 -0.02660702311454616 -0.3992461182411942 -0.06182623965377683 -0.4772347721651829 9 image_000009.jpg

207 0.8607712607262034 -0.1309987516883994 0.4771766882089669 -0.1192248799279154 -0.7388333560621682 0.01930552336355254 0.03986074308425899 207 image_000207.jpg

214 0.9715761885295521 -0.01659034080419644 0.2339958242733347 -0.03178717818604783 -0.4011671269201048 -0.04119087864352595 -0.3951533866460473 214 image_000214.jpg

126 0.9442037074053098 -0.01075805023524128 0.329152853839118 0.004692769626616367 -0.597225317681694 -0.01483419691002583 0.2882786390607514 126 image_000126.jpg

16 0.9897742048871812 -0.03755312055302957 0.1367549358572863 -0.01532559934709622 -0.1295730940365165 -0.02019154248987097 -0.1156331939112395 16 image_000016.jpg

25 0.9468510240053477 -0.006723716620857249 0.3195380605435303 -0.0363779856356336 -0.2716881715874383 0.05134750999536335 0.441298489017373 25 image_000025.jpg

27 0.9732011442404369 0.01731657526971719 0.2292286971823806 -0.00582009090144463 -0.2868245650141868 -0.03604359866922369 -0.1075364725733643 27 image_000027.jpg

29 0.9833807988155971 0.07489503800685937 0.1652013540959761 0.007839031037392473 -0.3816422242949449 -0.01928410376436334 0.1660636302468423 29 image_000029.jpg

160 0.9865693434068333 0.1227911862063082 0.1075493581651565 -0.00603247860505502 0.04409622162768392 -0.0354329794401553 0.1359170961305356 160 image_000160.jpg

41 0.9921403386720828 -0.04597064032908178 0.1147611516979287 -0.01934235426063602 -0.07253056224997273 0.03268832785616249 0.1554103592419647 41 image_000041.jpg

73 0.938681769932727 -0.0426652953038291 0.3398358067059166 -0.03959585651478041 -0.3597874966177574 0.01937729934885757 0.1103563038963824 73 image_000073.jpg

213 0.9897368507931853 -0.0214991967173428 0.1394372705494838 -0.02271559605661051 -0.1514923058244804 0.03287452933279851 0.2461855224916924 213 image_000213.jpg

217 0.9818902803082494 0.05961844258193116 0.1797314031523676 -0.005808740067652185 -0.3214548860599629 0.05891997766297349 0.2044408218129957 217 image_000217.jpg

120 0.9921036949312124 0.06901207869146075 -0.1045141486653873 -0.006662148847678116 -0.1789286198901366 -0.02380129523572401 0.3471023332059525 120 image_000120.jpg

138 0.9972402422614421 -0.06491522035945145 -0.03601707390055291 0.0008269024528319434 -0.1196901140329735 0.02771608673543367 0.1113901705302791 138 image_000138.jpg

146 0.9876502051424291 -0.08048846269079647 0.1301200980381988 -0.03372595057696162 -0.1155655455119901 -0.1074223982874402 -0.4351962977466757 146 image_000146.jpg

162 0.9747316843523408 -0.0148989292585648 0.2219942420239885 -0.01986761019326924 -0.4598644534337602 -0.004116866376329749 -0.07021657527566122 162 image_000162.jpg

164 0.9682342683916493 -0.02176270053532188 0.2482113346543899 -0.02097426343364724 -0.411492890839423 -0.002622256370870445 -0.2015118656203054 164 image_000164.jpg

181 0.9642501658042818 -0.0004955326496166905 0.2649230240622802 -0.006096188604774361 -0.4686209000136587 0.02122292217056433 0.424531274536492 181 image_000181.jpg

185 0.9327387827222516 -0.06612954719902628 0.3499558968258764 -0.05617932422039763 -0.4715802676224875 2.599218530706382e-05 -0.02585595588891576 185 image_000185.jpg

60 0.9665954928595339 -0.01880773339231274 0.2522079751040291 -0.04159999569956667 -0.4219365745675273 0.05035157559161256 0.3243639555907664 60 image_000060.jpg

63 0.9465490207139461 -0.01941384391937857 0.3206810582559401 -0.02883943351721809 -0.5006460706528999 0.0241172506290929 0.2104126378165943 63 image_000063.jpg

104 0.9952950285892628 0.09107541889402279 -0.03304813973698808 -0.0009458322796366111 -0.1131306715388641 0.0216299641470746 -0.2054277692989145 104 image_000104.jpg

123 0.9935140672077264 -0.05927396815212991 -0.09631951540612885 0.01178753204831564 -0.1946905604238761 0.08817309624972729 0.4128747571224287 123 image_000123.jpg

110 0.9631691644502366 0.006943215159515292 0.2683651572333158 -0.01539788292654387 -0.4583201389778737 0.01985980374378626 0.3799044369141593 110 image_000110.jpg

182 0.9850347591349627 0.02161824714340256 -0.1706354955011024 0.01107710979751226 -0.02386642098090638 -0.003206654378079779 -0.2087447194947465 182 image_000182.jpg

176 0.9935542643062918 -0.008124172116865766 0.1116595113993313 -0.01777850444390008 -0.0508021431636404 -0.03473887162450152 -0.3390200647625146 176 image_000176.jpg

206 0.9842323931494098 -0.0556307370120036 0.1668198057897922 -0.01905176556498571 -0.2124645455915515 0.0826503881200077 0.3924591796729237 206 image_000206.jpg

32 0.9838618469527037 -0.024508120046365 0.1755297115021313 -0.02458736550723082 -0.2494136638431189 -0.05853539078562693 -0.4322667429755348 32 image_000032.jpg

33 0.9611925243236902 -0.009322880118976697 0.274815729564462 -0.02232330339559981 -0.5013380404994501 0.05818550812479308 0.5166224854764612 33 image_000033.jpg

40 0.9145887840422343 -0.0744802083739514 0.3931082767708641 -0.05870210727871446 -0.7221531114695231 -0.01137080991869856 -0.007314871498788261 40 image_000040.jpg

220 0.9584095492953348 0.005071816870311548 0.2838316988962548 -0.02941052863879044 -0.6039979443780732 0.04117775051803801 0.3822797181219921 220 image_000220.jpg

224 0.850807924202863 -0.08767188001169571 0.5056850696264424 -0.1127924107630051 -0.5234318548790224 0.1129537483583102 0.3206743257841486 224 image_000224.jpg

100 0.9815546750604867 -0.01123818778268973 -0.1899330041054085 0.01869697712889597 0.03149408700893266 0.00703762733474989 0.0266446691421199 100 image_000100.jpg

127 0.9582501655909973 -0.04006092481292455 0.2826826091496891 -0.01556550456245687 -0.5179595901052648 0.03749622295144307 0.4436847020878154 127 image_000127.jpg

231 0.9945342523394204 -0.05549115977736414 0.08305958034132821 -0.03038845543550176 -0.008266994775987274 -0.1118686616330769 -0.5070772974734565 231 image_000231.jpg

136 0.970772198674852 -0.04585989761875624 0.2342326136944313 -0.02516526877000056 -0.5245183170136234 0.06032511312888232 0.3600474470678252 136 image_000136.jpg

77 0.9785840133940797 -0.0358570380975687 0.2019027591107255 -0.01796878993927075 -0.3448733156743798 -0.05179318784746765 -0.3973412742102567 77 image_000077.jpg

148 0.9401903345820218 -0.01585986247814702 0.3394767830589291 -0.02336906683376599 -0.596045801352896 0.01903094282471401 0.303697118167823 148 image_000148.jpg

88 0.8873809315749476 0.07904212980715966 0.4542097013854203 -0.0009854745525405093 -0.246598109444526 -0.05940799221606562 0.6196665470626739 88 image_000088.jpg

113 0.9467215696657953 0.04583567076396731 0.3186505356716764 -0.008899265773284671 -0.2900405254727351 0.003189356553202061 0.2630895791429924 113 image_000113.jpg

135 0.9850361479917042 -0.004670272888168237 0.1702106780828457 -0.02665146839093927 -0.2331813088587685 -0.04205553470243045 -0.5470876378866411 135 image_000135.jpg

19 0.9477142467117255 -0.03690743381973438 0.3132411942326054 -0.04853351567937278 -0.5866130624319438 -0.005436684445788389 -0.1068603555340055 19 image_000019.jpg

21 0.8243457287470104 -0.05058571952913316 0.5553639002401332 -0.09729410458166336 -0.4928621229041207 0.02464021093548847 0.02213907633357404 21 image_000021.jpg

159 0.9358988465305961 -0.0167372889037589 0.3501827882993591 -0.03442712595814958 -0.577721257012261 -0.01283574251539507 -0.1688017093577377 159 image_000159.jpg

39 0.9746665246407541 -0.1872772712802788 0.119729779290702 -0.02484289350150611 -0.1024149866311584 -0.2893897177944612 -0.6026108992386026 39 image_000039.jpg

44 0.9802548094441283 -0.03727017893856377 0.1926253204160537 -0.02463591399066904 -0.3015473589670144 -0.07144513715097589 -0.5152173117678551 44 image_000044.jpg

52 0.9214295962245377 -0.08557004193862829 0.3747014504129599 -0.05695691514233243 -0.7256822548620799 -0.07278834566079953 -0.2246774089521594 52 image_000052.jpg

196 0.9177949991407488 -0.01643168171152239 0.3934533548616833 -0.05076216047855511 -0.7359446743148959 0.02347493854604393 0.08593271332970992 196 image_000196.jpg

200 0.980806909278927 -0.07727910451403729 0.1757939218354755 -0.03379709694529882 -0.2391727973591511 -0.1524895184117298 -0.6607951551289853 200 image_000200.jpg

85 0.941303788007566 -0.05018908771979511 0.3297827012701113 -0.05168756232838528 -0.6702251001348408 -0.04840366811718525 -0.3024735930017535 85 image_000085.jpg

92 0.9815482776668811 -0.05187268192876603 0.1821711454335479 -0.02618925829658558 -0.270069770904929 -0.08313480316785371 -0.4883320021313146 92 image_000092.jpg

93 0.959168965839463 -0.1413613948512988 0.2382920523020245 -0.05682208044272594 -0.4393645645352413 -0.2524539122006511 -0.6719475506270397 93 image_000093.jpg

98 0.9928327349116032 -0.114052099154301 -0.02034226396045753 -0.02935083411773598 0.2291394184797059 -0.2336510138622286 -0.7072486305238787 98 image_000098.jpg

229 0.7588186192259054 0.0458001499117343 0.6493831455443253 -0.01995443978443628 -0.7481621928493944 0.07534038982309298 0.4786566164719811 229 image_000229.jpg

109 0.916826850833092 -0.05416286396370826 0.3921410552982378 -0.05215651932701026 -0.690478657384188 -0.05674257748117531 -0.2768917118786398 109 image_000109.jpg

124 0.9870051306089113 -0.1187888671340108 0.1002397867232828 -0.0407683989675271 -0.0739091888006498 -0.2235196557319439 -0.7007310265872408 124 image_000124.jpg

163 0.9979468453166085 -0.06394807524436698 0.003227982567085214 0.001522407211129612 -0.3970361150429347 -0.0449375040875625 -0.2180013012871384 163 image_000163.jpg

35 0.9955781519154174 -0.01755551418667696 -0.09191626198186917 0.008206590863689578 -0.179482370833231 -0.007533379573174626 -0.1140658247279862 35 image_000035.jpg

105 0.9962810381077263 -0.0647736799293923 0.05631183106916635 -0.007578995780032934 -0.4883886479758107 -0.0620940350942783 -0.2772150341255266 105 image_000105.jpg

62 0.9966593944325859 -0.0295165647822243 -0.07596855432955683 0.00525382201880952 -0.2739114255544752 0.003250486653455423 -0.03490420453609176 62 image_000062.jpg

36 0.9810734932299522 -0.03697220890535573 0.1879861107419082 -0.02809054677945237 -0.2718160458273808 -0.06985721065595796 -0.4841042524958618 36 image_000036.jpg

141 0.9607333494838471 0.003069679012799218 -0.2769115563280553 0.01737809633649887 0.1850009605993916 -0.01777117981970603 -0.2547934921588244 141 image_000141.jpg

13 0.9916376788434226 -0.0901299994688098 0.09125446618586669 -0.01428003833727325 -0.02714096468179045 -0.1453548084218389 -0.5576608552229652 13 image_000013.jpg

184 0.9948198163769665 -0.05491193732136434 -0.08416611255995822 0.01530612883317593 -0.1702072813233044 -0.05951367123012065 -0.3165917889685637 184 image_000184.jpg

101 0.9793636862527647 0.07007840406170077 -0.1890790879466223 0.01359727306613413 -0.230815399774202 -0.03232738438827167 0.3087041745720167 101 image_000101.jpg

234 0.9773760845020275 -0.03933567504726292 -0.2069882030949697 -0.0185628093665087 0.4053720401440849 -0.0940802472957623 -0.413511103050722 234 image_000234.jpg

188 0.9891918909854651 -7.004735364446681e-05 0.145591074466573 -0.01739646336577251 -0.167069243758179 0.007694819597747433 -0.2380209604408358 188 image_000188.jpg

134 0.9758402189186361 -0.01145533970570073 -0.2150344582128818 0.03694352601129917 0.00433894606027907 0.004804146451836629 0.01324287813523805 134 image_000134.jpg

42 0.8815348966959853 -0.1104415268788326 0.4483262399235092 -0.09850115554610915 -0.9093964833584227 -0.0211557768952509 -0.06962128872231091 42 image_000042.jpg

223 0.9470502619238004 -0.04210849813297562 0.3151984444341899 -0.04441414640982342 -0.5915295507787172 -0.05415215814366751 -0.2878857654375823 223 image_000223.jpg

175 0.9891771494257331 -0.03958246652007429 -0.03870646787982628 0.1358808475924258 0.1774475563241071 -0.06286583069042963 -0.6503942651455068 175 image_000175.jpg

198 0.9501860334162789 0.03804603609251569 0.3091753776551008 -0.01046837571501967 -0.3543876364662337 -0.002289264747053433 0.3322674661501937 198 image_000198.jpg

209 0.8493457602517491 -0.1027759132230066 0.5031459662937943 -0.1220369935955473 -0.3716299848602413 -0.04140906380666641 -0.1696727356950767 209 image_000209.jpg

114 0.9863354024758499 -0.09202964077281264 0.1345245207731254 -0.0240035904145833 -0.2562624663351503 -0.03269760897572875 -0.1881924945504001 114 image_000114.jpg

107 0.9635865885286194 -0.06017885130147493 0.2576214839865715 -0.03886596521853683 -0.5649929362834526 -0.0847429771204215 -0.427656619298819 107 image_000107.jpg

76 0.8425141549994193 -0.01327011017841123 0.5351017494003572 -0.06049727754324602 -0.0557679173108183 0.08172238145070619 0.6515341636447665 76 image_000076.jpg

165 0.9958920149751711 -0.07606451338456323 -0.04862418347495265 -0.006998077854479142 -0.2132191041908178 -0.1018684933014719 -0.4201574150617099 165 image_000165.jpg

235 0.9958970030211608 -0.07604652523184798 -0.04854969092109645 -0.007000920303633604 -0.2134069652012295 -0.1018159677359324 -0.4205048675300342 235 image_000235.jpg

170 0.947109478351948 -0.04220857445367192 -0.312480980036869 0.05964653697984205 0.2573313585155458 -0.0180014853813782 -0.1820097467212952 170 image_000170.jpg

82 0.9669816447582119 -0.02222075799033082 -0.2512479679093195 0.03643069085916861 0.1657855543308391 -0.01443241508105482 -0.137510940285038 82 image_000082.jpg

28 0.9831228683470067 -0.1813367613987514 -0.01496287608470575 -0.01903988019501101 0.2029691884010393 -0.3177514087923818 -0.6584235008733854 28 image_000028.jpg

81 0.9846310483072247 0.0941381423384372 0.147099986957441 0.001141360418421521 -0.253641475789361 -0.02656332707558196 0.2427782617614047 81 image_000081.jpg

129 0.9921257718011647 0.00717084657855639 0.1248799111871982 -0.006327690666239102 -0.1648029413985164 0.02038712023512988 0.3365203824208783 129 image_000129.jpg

187 0.9915376910436139 -0.1211839083723987 -0.04535964973352544 -0.01048664710671351 0.2343695795996461 -0.2498562958014611 -0.7379353344604089 187 image_000187.jpg

194 0.9451812582177492 0.02411183132358295 0.3256029562081489 -0.0058072035137381 -0.7120264445510375 -0.01413918177571226 0.07052371860931045 194 image_000194.jpg

91 0.9985891320962057 0.04227794695378256 0.0303504161060391 0.01054384668469335 -0.3030834364700304 -0.007895945686411936 -0.4283438627272901 91 image_000091.jpg

87 0.9875121308909878 -0.01668781641164771 -0.156644533504553 0.001948909872940527 -0.155622585952107 0.00185120180853231 -0.0866461802882233 87 image_000087.jpg

112 0.9931537663656037 -0.09879495687757074 -0.05836611280252667 -0.02187577943063427 0.2670012403572223 -0.1071593851270883 -0.2800757157683537 112 image_000112.jpg

208 0.9012514569607661 -0.06566423862670549 0.4195449102850095 -0.08611670770306291 -0.2898924837946181 0.1433719184418294 0.5879744230199778 208 image_000208.jpg

201 0.9864153480798761 -0.1164660387099003 -0.1158418969480605 -0.00103817684234176 0.2546552603104264 -0.1707452992302624 -0.521074786214772 201 image_000201.jpg

74 0.9425678387672348 -0.02838381318499145 -0.3305740957691738 0.03848370664497714 0.2560953444374295 -0.02982766018459367 -0.2488739709405093 74 image_000074.jpg

20 0.8720935305204282 -0.0489828622818595 0.479621257821973 -0.08376754904114005 -0.2752726305255218 0.1602890596159819 0.7206092192951544 20 image_000020.jpg

130 0.9910083041254146 0.03160839647121559 -0.1268090135064172 0.02868666102071473 -0.2480823263752001 -0.002699367930728145 0.1690148150093316 130 image_000130.jpg

95 0.9074146580488764 -0.03190771071146336 0.4138825089033393 -0.06543550396437303 -0.1041030587894198 0.0207029538847046 0.1657461886017086 95 image_000095.jpg

48 0.7174058856985898 -0.004916037778548282 -0.6927094880151353 0.07387958413114652 1.090140593810524 0.08022887818869576 0.3780602311522949 48 image_000048.jpg

51 0.7415804832773186 -0.0009699901496785197 -0.6677303711548728 0.06475799084795472 0.9969728234348092 0.04754237575176998 0.3468355457015451 51 image_000051.jpg

153 0.6577238545438048 -0.009993291241077899 -0.7485523637673576 0.08347948246433147 1.035431869574987 0.09995116177933022 0.5223576011445324 153 image_000153.jpg

58 0.7090652481923574 -0.05119087370028255 -0.694891921380271 0.1083105990018874 0.9447715652663398 0.1152648319495689 0.3882336299969389 58 image_000058.jpg

169 0.9449582210947046 -0.1333298034316758 -0.2872727588575743 0.08216742615392324 -0.1626923709323157 0.01218884917486856 0.0350795066320735 169 image_000169.jpg

84 0.8969189083521372 -0.2171916701477354 -0.3575069383996197 0.1433633120954536 -0.2953179324112536 0.05162841276929427 0.0944369637864618 84 image_000084.jpg

70 0.8947067936287398 -0.06745797719242781 -0.4302035154737415 0.0993685565041565 -0.05535035324436477 -0.01687823109196259 -0.06732708687877743 70 image_000070.jpg

83 0.9194766082774453 -0.1757335484904331 -0.3383030090093835 0.09608101196783393 -0.3317910101059408 0.1129931167423664 0.227056336602713 83 image_000083.jpg

22 0.787601483800629 -0.1042001919584745 -0.5927652387689102 0.1321196216241234 0.1608416176658762 -0.04932651043526479 -0.1630183430856928 22 image_000022.jpg

10 0.9042123577732882 -0.1411437296136079 -0.388337269631059 0.1080399215860786 -0.2965423146426203 -0.06744923435089575 -0.129480702929474 10 image_000010.jpg

75 0.9143462379085094 -0.1624229239989606 -0.3509716373799124 0.1200360809800399 -0.3248554834235823 0.08364220934178657 0.2195495894379831 75 image_000075.jpg

6 0.907576187357333 -0.1557998489506243 -0.3705898434656643 0.1212230965162335 -0.3122094295720604 0.007084318244394774 0.04369737923609317 6 image_000006.jpg

108 0.8558224862325077 -0.003667838832688224 -0.5131456227126862 0.0650844751681722 -0.07365946243145519 -0.004782304610073573 -0.04068927117058758 108 image_000108.jpg

49 0.7841930577746009 0.06630562713458737 -0.6166415541794051 0.0199500778850171 0.01976341418873773 0.004371192685688793 -0.1185536892603871 49 image_000049.jpg

192 0.8401754097734299 -0.1491916307816146 -0.5025498612694765 0.138891234621922 -0.02968764894215808 0.0637919377105419 0.09692800854911335 192 image_000192.jpg

195 0.8319623608181806 -0.1455349896853385 -0.5144610267993399 0.1482836769968181 -0.02935251436298009 0.08133775601985942 0.1367942831892275 195 image_000195.jpg

