# Image list with two lines of data per image:
#   IMAGE_ID, QW, QX, QY, QZ, TX, TY, TZ, CAMERA_ID, NAME
#   POINTS2D[] as (X, Y, POINT3D_ID)
# Number of images: 529, mean observations per image: 31.112
521 0.9965088876724715 -0.02838205392254287 -0.07501751949830633 0.023170344972906987 0.05671489307388654 0.01992531653424873 0.023198593761862223 521 image_000521.jpg

506 0.9980808299265745 -0.030707787758557287 0.053747204395063745 -0.0017076367766646363 0.049292685287293574 -0.03417547386776345 -0.15233716429179864 506 image_000506.jpg

523 0.9875866383444221 -0.06431721135368045 -0.13628359000046075 -0.04430243537611827 0.2990351903703898 -0.09561787487495917 -0.15185423955119431 523 image_000523.jpg

61 0.9999943418520084 0.0029296579110126785 0.001324519150343809 -0.000993978376028828 -0.011779757157723659 0.001537104357892121 0.023540292201455097 61 image_000061.jpg

487 0.993083561285725 -0.062012978387253365 0.09874733819460157 -0.013725698814486742 -0.08812733194704134 -0.08254466013299913 -0.34199260003191506 487 image_000487.jpg

514 0.9922755913090554 -0.003259832067907609 0.1240101577599261 5.561640018283877e-05 0.012416295115752068 -0.023290212869369293 -0.13809688330367964 514 image_000514.jpg

479 0.9972929610045776 -0.06011792435813131 0.03716291471373788 -0.020285602817132153 0.15495349860998092 -0.0971019220844081 -0.33321455961457724 479 image_000479.jpg

89 0.9986927862110662 -0.007193322011399763 0.05060410310948349 0.00043743553979088117 0.06371279025264458 0.016958605597357405 0.020682643647952997 89 image_000089.jpg

497 0.995314352167107 0.002840071403640249 0.09662170668775936 -0.0023505285550232823 0.07067824175155983 0.037198554419893226 0.2151920117209914 497 image_000497.jpg

513 0.9965086753003205 -0.07972904877392727 -0.024304218094858263 0.0048002278739523695 -0.09909676665896096 -0.015408964975469012 -0.051637941316380824 513 image_000513.jpg

520 0.997361808622148 -0.02342735664474415 0.025793799752532705 0.06368093214985444 0.18242335214673885 -0.07817701585179372 -0.5284690915805149 520 image_000520.jpg

126 0.9960022648761805 -0.08383460538743955 -0.029045881893572042 0.010372615757403614 0.2546361150769752 -0.18335621391405643 -0.5832738809739441 126 image_000126.jpg

77 0.9968656680290011 -0.009326480837380653 0.07806762840283128 0.008791889084765499 0.11784128222687174 -0.015271172315416307 -0.11359285131954715 77 image_000077.jpg

461 0.9963045581306652 -0.044827322464983936 0.07198563045757064 -0.013631419825934903 0.10747560312405592 0.0015753305048940526 0.009984480419455417 461 image_000461.jpg

483 0.99548716290165 -0.08171651811801592 -0.04704109019582291 -0.010717829000133175 0.4744392142476571 -0.17266678154326875 -0.44527809441425587 483 image_000483.jpg

322 0.687264738607184 -0.12997822056076036 0.16801801006142134 -0.6946530625512587 -0.40154887234433173 -0.1997104001769184 -0.6720229023974879 322 image_000322.jpg

460 0.9994279043377049 -0.02254083067170933 0.025065300553262983 0.0027394742030583384 0.14506218371040497 -0.0379371496389632 -0.20232152275782284 460 image_000460.jpg

421 0.991444497010452 -0.06325855640852364 0.11293428426495797 -0.01679362474497239 -0.02289035878558189 -0.10002771000839135 -0.37721286511334057 421 image_000421.jpg

485 0.9880729587507233 -0.04950942700483041 0.14164727913322908 -0.034593247781416335 -0.11790860612979151 0.001072690772598953 -0.027872280803569408 485 image_000485.jpg

423 0.999190674309696 -0.008152343100129687 -0.03675475803661104 0.014164471579612073 0.011321613321433138 0.021921876834954966 0.13027287849696895 423 image_000423.jpg

425 0.9950376942755754 -0.010142285979095183 0.09702204028639327 -0.019591946905989973 0.02130765193370369 0.013737616441538005 0.0840543451783861 425 image_000425.jpg

341 0.990345176795421 -0.0603699332588878 -0.11836655557198578 0.03951276453605827 0.4269580571091677 -0.09199352474418751 -0.33414744599116886 341 image_000341.jpg

342 0.9984899916610769 -0.0528788167570906 0.008467824894750653 0.012242063001295895 0.16451294991052817 -0.08434213953290348 -0.3349433422502186 342 image_000342.jpg

386 0.9960908857893792 -0.0011183942910976327 0.08816549491504239 -0.005342141504168943 0.010567173524788219 0.041203943100011235 0.23271330630151452 386 image_000386.jpg

409 0.9988338773606769 -0.011492696269557361 -0.04461695008984168 0.014426944679713493 0.24990605539542388 -0.05336327717182001 -0.32728802543127944 409 image_000409.jpg

314 0.9966819410220907 -0.03409362275138262 0.0739062904836118 0.0007698237934827453 0.09281962892165128 0.003387092527629675 -0.04531010929087827 314 image_000314.jpg

457 0.998826712064613 -0.011684123394758375 -0.04468149746149582 0.014568952904614197 0.24995386324595298 -0.05376144964737545 -0.3279075320136849 457 image_000457.jpg

343 0.984848271154187 -0.06015793258077056 0.1618982894143993 -0.015615739399039935 -0.19800000372043836 -0.07490829110099695 -0.3872795272547581 343 image_000343.jpg

382 0.9948311998651377 -0.0978500796129337 0.0270956019855963 0.001440092512946987 0.2205662384710864 -0.1645955272678868 -0.4685077971700645 382 image_000382.jpg

303 0.9946455492508617 -0.07798078554475926 0.06745797344843135 -0.006975650226302785 0.2570157887914234 -0.21485969487919032 -0.6749259543381543 303 image_000303.jpg

293 0.976555674243919 -0.0777745617138723 -0.19594015910583187 0.04356127693601984 0.6016570334493322 -0.06011228031226557 -0.19050368243085822 293 image_000293.jpg

340 0.9665401859684081 -0.14657217687737978 -0.16177546541579707 0.13470471459638783 0.6501892339255112 -0.10430030509841597 -0.3751080067816085 340 image_000340.jpg

361 0.9796843555508706 -0.11121824411696456 -0.1594076958085472 0.04937865959000456 0.5737165416313483 -0.17045904010410878 -0.4252802652653712 361 image_000361.jpg

420 0.9633367004895672 -0.09828481341705962 0.24121404426903614 -0.06432962527815055 -0.3931393124235356 -0.116876511044767 -0.39191564170409765 420 image_000420.jpg

323 0.9970917742092144 -0.043062229663599384 -0.002652614104493988 -0.0628218748619378 0.3357333797458282 -0.24786300999777017 -0.8578653926687577 323 image_000323.jpg

318 0.6623304186061393 0.09205623731460814 0.19845461696755115 -0.7165610842275664 -0.1700466714498889 0.28862989050456694 -0.9191938863278768 318 image_000318.jpg

350 0.9794476278966463 -0.026693526442527864 0.1982635410258571 -0.02571692168483082 -0.2602523858560263 0.055039327855468216 0.4417737028934212 350 image_000350.jpg

311 0.9939591276942116 -0.09647312418406022 -0.04977023225488572 0.016159176557356797 0.27357003632826743 -0.1201377880424199 -0.3613794709118129 311 image_000311.jpg

302 0.9937231987508158 -0.0011725269785647866 0.10681067726880066 -0.0332312096901706 0.041799867772876614 -0.004563214630359112 -0.3126037998927231 302 image_000302.jpg

329 0.9962433364149678 -0.05190384167163213 -0.06208473831106433 0.030833315769837166 0.40127656739164463 -0.07913608831122482 -0.3847204672508346 329 image_000329.jpg

383 0.9980579898143647 0.018604771610307654 0.05898269526400615 0.007425640747121883 0.026300264956132018 -0.02032612099463003 -0.27335301971768505 383 image_000383.jpg

362 0.9921287602380522 -0.032392590566781544 -0.12057250317686406 0.009670361387783964 0.391942462942528 -0.08773433218129659 -0.47268297944743354 362 image_000362.jpg

404 0.6866882695952142 0.00993938317969804 -0.10423713049254998 0.719371292596724 0.14562584633079484 0.5893398423684466 -0.4813691487756349 404 image_000404.jpg

422 0.9967078017886192 -6.593436217159782e-05 0.08076905109570372 -0.007065174342872104 0.020863028201339236 -0.02074823734125609 -0.15153737732568817 422 image_000422.jpg

501 0.9979636648468716 0.06225495445280947 0.005385280499453514 0.01280075761840466 -0.01734067749655214 0.0005962236155804606 0.044631382395580566 501 image_000501.jpg

424 0.999935237456358 -0.00397154774934722 -0.008925331898011602 -0.005838752041206948 0.02757965727897578 0.014058196279274513 0.0761036597821949 424 image_000424.jpg

394 0.7296504981320593 -0.05472836502453998 0.0845204993000629 -0.6763661958618302 -0.21547442394213312 -0.25342395844789417 -0.6899529987453007 394 image_000394.jpg

428 0.9928235620921604 -0.11685680284438871 0.004640709920401335 0.02498645959488741 0.3080905541875513 -0.2804770220453837 -0.7435095525498581 428 image_000428.jpg

399 0.9873220440313376 -0.059987005028279354 0.1462251896051326 -0.014660589092591011 -0.11680507824903888 -0.06313940007900387 -0.2747246319458407 399 image_000399.jpg

471 0.9968416286132497 -0.06150979610316964 0.04993115579992355 -0.005494322755275811 0.18217431443428503 -0.10279532187889616 -0.39591523684089946 471 image_000471.jpg

440 0.9965281418206365 -0.04432076258109988 0.06121851245635677 -0.034923309351515636 -0.10548761972209737 0.01489413174542087 0.03512909985352195 440 image_000440.jpg

510 0.9917934190795833 -0.12476892815779296 -0.004787901039696141 0.02748806582870809 0.2519171431823486 -0.2735771347986196 -0.6996040000744923 510 image_000510.jpg

