# Image list with two lines of data per image:
#   IMAGE_ID, QW, QX, QY, QZ, TX, TY, TZ, CAMERA_ID, NAME
#   POINTS2D[] as (X, Y, POINT3D_ID)
# Number of images: 236, mean observations per image: 438.106
193 0.9408349910419144 0.05815841198856276 -0.3226093577210602 0.08585063108570108 0.5373851803788356 0.203434215959528 0.8750330474860797 193 image_000193.jpg

210 0.8889219602484901 -0.13528809540043207 -0.38956276259699557 0.19938838996110647 0.4604903991604342 0.16965030502848824 0.24074521605706956 210 image_000210.jpg

149 0.9376498027852669 -0.07860603136162225 -0.3152850890457145 0.12340680313237483 0.4642455028378386 0.19189133986737444 0.3767485008102374 149 image_000149.jpg

22 0.9999795769093409 0.001549660478099368 0.0017202495590034526 -0.005957397872242512 -0.0007036993469641924 -0.004017736410910141 0.0010776601314839147 22 image_000022.jpg

122 0.9267064673750507 -0.14680509887709295 -0.32428747983985673 0.12042019319460091 0.3297853370708544 -0.014180577848971615 0.03942744728803935 122 image_000122.jpg

90 0.9804197006612758 -0.014603949576359711 -0.18608905755510033 0.06272798181761305 0.34288760536098534 0.2142950778797769 0.511259981766614 90 image_000090.jpg

140 0.8790944823059138 0.09836434610125883 -0.4489025178247782 0.12650643641213888 0.2574323080282105 0.1689576231454641 0.9932129837900368 140 image_000140.jpg

154 0.9268033226330513 0.07135492004800116 -0.3577270980241081 0.08930512946141253 0.5029634990486956 0.14341576171766712 0.7285276679997074 154 image_000154.jpg

161 0.9462272251342696 0.055284832284707514 -0.30941246317286264 0.07656081039502892 0.4442022076209785 0.15417599255214293 0.6823970957527596 161 image_000161.jpg

216 0.9297897240191256 0.05229165736347818 -0.35549733278965023 0.07986424615120837 0.4346929397672232 0.13939045608715772 0.6575376072929531 216 image_000216.jpg

94 0.9361766140283064 -0.04906430936197039 -0.32782904816372427 0.11702203619760788 0.4976139820375861 0.3279278800317657 0.7103068453758572 94 image_000094.jpg

108 0.9862228989663404 0.11313932689195301 0.11943832354610738 -0.01727380292764307 -0.22175482340455988 0.00016338684196286896 0.20463282602056806 108 image_000108.jpg

233 0.9119220277542257 0.13980769459776626 -0.37859798177440995 0.07426718904791171 0.3386810834175822 0.02635454410158608 0.5302313716801502 233 image_000233.jpg

226 0.9255384242323496 -0.039240415234769406 -0.3600305172404003 0.11052982397956616 0.46533364650271813 0.2994140735220371 0.7648937390483495 226 image_000226.jpg

125 0.958574400600934 0.06820444509430311 -0.26429581201213787 0.08143093155334571 0.6134473140575634 0.20879207870535454 0.8313879776416795 125 image_000125.jpg

70 0.9780521539074397 0.03556605560887376 0.20073643973301109 -0.04305720225287407 -0.15868906760561916 0.027032958008978362 0.1724346602273365 70 image_000070.jpg

218 0.9346454520114725 0.023701547471620208 -0.3307082642462473 0.12848416556975928 0.5486187509393103 0.29683851952524326 0.8194288257748757 218 image_000218.jpg

166 0.9283766745616231 0.0022734179577914722 -0.35329370236173085 0.11530451240829541 0.49556619471413205 0.3389344025674657 0.9226936955489949 166 image_000166.jpg

228 0.9336580135164761 0.15573313540364273 -0.3185274990055882 0.05069641527498658 0.49039228584285444 0.017257970292597388 0.8424289788290258 228 image_000228.jpg

153 0.9740561960105361 0.11490013275173575 -0.18889767773787194 0.0482714781766321 0.8764420592143687 0.11588953484442208 0.6196736645817826 153 image_000153.jpg

205 0.9305490813222331 -0.030741391679411926 -0.3460797314205393 0.11559494407581689 0.3716647067591152 0.2840218478442117 0.6940474787047788 205 image_000205.jpg

116 0.9242588403022423 0.00042855936590002915 -0.3606967573902186 0.12507311162539952 0.45222141721516373 0.26495905763713634 0.7287497623107659 116 image_000116.jpg

151 0.9447966887156213 -0.028308264582385067 -0.31421535847356546 0.0884678912413872 0.5250411564592157 0.3121829236386038 0.799312338677536 151 image_000151.jpg

183 0.945276403501584 0.011714448814030061 -0.30612994524705156 0.11224861312064176 0.46952006563869336 0.28566614066950097 0.781272776761402 183 image_000183.jpg

145 0.9339340227289756 0.08346910095005908 -0.34138215911895425 0.06525613024335658 0.49198149246827405 0.12780244622455172 0.8891093058811936 145 image_000145.jpg

177 0.8356531049511863 0.08240201893955473 -0.5234645458014241 0.1444943148925939 0.1425873856292134 0.1820986904812049 1.0156404487244883 177 image_000177.jpg

69 0.9059635390112052 0.08397184564149106 0.4020630098688726 -0.10258723104719275 0.14878317059776305 0.023056814582784455 0.20385975042155147 69 image_000069.jpg

58 0.9913267057985544 0.04989720391817802 -0.11930447467703945 0.023410702012524136 0.7991593025019477 0.12252279780430679 0.5242619424638902 58 image_000058.jpg

211 0.9484190280891824 0.021350690050707978 -0.30060070258013305 0.09841094277026785 0.4751708010360485 0.2664232712665921 0.8253587671242255 211 image_000211.jpg

143 0.9196030080045939 0.028254524482068454 -0.3755342791180328 0.11183023549866476 0.4542519240348193 0.2699230049634633 0.9071701786237469 143 image_000143.jpg

215 0.9305642919300839 -0.011366574922573364 -0.34382061316293255 0.1253326725908467 0.5351503112163878 0.3790656132785425 0.9578578911907847 215 image_000215.jpg

119 0.9386562356693468 0.017038368198017222 -0.3283489768150815 0.10402458546461145 0.47427527510370426 0.27044111222060874 0.8013280201461457 119 image_000119.jpg

132 0.9611645624698564 0.01992641550178015 -0.25697993608771663 0.09862512428234255 0.49294660103051957 0.30352050020667987 0.7805648665410209 132 image_000132.jpg

137 0.9306280034318989 0.049530128233853055 -0.34665800682845394 0.10633203675940467 0.40098268382722957 0.2462110556990678 0.8912647014490443 137 image_000137.jpg

139 0.9482512891694621 0.04901134893292897 -0.3009090703525456 0.08871938664021407 0.4555244210471801 0.220578727737883 0.7879203306545022 139 image_000139.jpg

212 0.9329761160612453 0.042040855708843756 -0.34085863395220095 0.10771960877438513 0.5000472675303332 0.2585560808018789 0.9424686140881681 212 image_000212.jpg

202 0.9102486933339836 0.0687804427356318 -0.3935594150286328 0.10875446843026097 0.3713281966361676 0.24064807898898988 1.1208537385457245 202 image_000202.jpg

144 0.9404439659851825 0.0036883703224413105 -0.3261519635753697 0.0957937934249765 0.48861513770321086 0.26536846158651894 0.7914377821916988 144 image_000144.jpg

191 0.9292062166451663 0.009141804604044393 -0.35409726585041823 0.10539143596661973 0.44814301684060265 0.2958361542141604 0.8930367711044942 191 image_000191.jpg

192 0.993692683658012 -0.036690625180678914 0.09655301868597653 -0.04365969188759797 -0.1649919051028586 0.1612812430212843 0.3079142902620564 192 image_000192.jpg

195 0.9934658648324683 -0.038111519505784626 -0.08974888016094774 0.059314587539013926 0.05705406273282233 0.177590107853131 0.3568024067186215 195 image_000195.jpg

48 0.9857284696326887 0.12306363088033473 -0.11109642227510018 0.02919441444932716 0.955139960515543 0.09662819935292527 0.4984814602394152 48 image_000048.jpg

51 0.9882256416250103 0.13236177263690094 -0.07437133181055909 0.01895688101408374 0.8629516973788771 0.06468624302083505 0.5025725313126833 51 image_000051.jpg

74 0.9449254628579516 0.09424473711426468 0.30199912069126805 -0.08384706551967346 0.2426837541314085 -0.010270269964241099 -0.011238533276249574 74 image_000074.jpg

170 0.9408178465609982 0.07335392086702677 0.3219615623436667 -0.07630034434847516 0.24738366898395248 0.013246124942077449 0.0815169856658652 170 image_000170.jpg

82 0.9154164494796285 0.09521258847220891 0.37987066229481525 -0.09298153724598479 0.1866994009104223 0.008274399436317817 0.10670722459446347 82 image_000082.jpg

182 0.8736895393893552 0.13167077917000422 0.45782930181491094 -0.09859874639528143 0.024528441496456298 -0.010060222127529841 0.03696471796839643 182 image_000182.jpg

83 0.953827372483569 -0.05092651913842839 0.27170276917007413 -0.11746253114171551 -0.414392918000916 0.22758914174977013 0.47902178113257354 83 image_000083.jpg

75 0.9593029852563096 -0.05243337059553266 0.26316553192972264 -0.08793416117448608 -0.4155641761556151 0.19053024451259404 0.4634754662362165 75 image_000075.jpg

