# Image list with two lines of data per image:
#   IMAGE_ID, QW, QX, QY, QZ, TX, TY, TZ, CAMERA_ID, NAME
#   POINTS2D[] as (X, Y, POINT3D_ID)
# Number of images: 93, mean observations per image: 840.989
128 0.9861637841595597 -0.130910117594169 0.09485425842022684 -0.036690619824785 -0.02893357112448086 -0.05254456424179678 -0.1626975328500008 128 image_000128.jpg

2 0.9778335461877514 -0.03700947968939877 0.2053260493698253 -0.01769372242312909 -0.2758674450579311 -0.02132573973427868 -0.1423533519438159 2 image_000002.jpg

40 0.9142638584523629 -0.07439170472382697 0.3939995422612289 -0.05789500923242545 -0.7219314948368543 -0.01260412033397993 -0.005155799972146852 40 image_000040.jpg

17 0.9921472909160415 -0.003496589775555594 0.1249185895195267 -0.005183915542636479 -0.1217940120699262 0.004605064247515528 0.05247677195315317 17 image_000017.jpg

53 0.993787939501131 -0.0729652512008539 0.08309190971020158 -0.0125434429087271 -0.09193343691717612 0.02082328696783175 0.08515015553342123 53 image_000053.jpg

61 0.9962148500329817 -0.04126632045542511 0.0757943389028919 -0.01040584259478604 0.003411294054603331 -0.004753931920138725 -0.03837054737239964 61 image_000061.jpg

118 0.9908998068535211 -0.04925419423050367 0.1224897884493775 -0.02622687274505639 -0.1138888069316512 0.01176103845127889 0.03552625792265282 118 image_000118.jpg

33 0.9610583436101886 -0.00894606275051834 0.2753670489286893 -0.02144333236251683 -0.5014506522287393 0.0575266511018174 0.5049320146924277 33 image_000033.jpg

109 0.9163910530301799 -0.05415286637299249 0.3932829240925285 -0.05121959202353319 -0.6909963645338757 -0.05777468902774351 -0.2732076682835606 109 image_000109.jpg

85 0.9411197989207712 -0.05003994617825114 0.3304589459301166 -0.05085678834296438 -0.6697477087915895 -0.04909252141791067 -0.3022165789219687 85 image_000085.jpg

38 0.9794586775720924 -0.03780693371137647 0.1963043717966065 -0.02638045309715793 -0.3008295718434919 0.0034038364819267 -0.002409325971357235 38 image_000038.jpg

11 0.9932884503621334 0.007670462927758019 0.1152521672879455 -0.006013011815808529 -0.1200367640753162 0.01692346575616603 0.2485711084453341 11 image_000011.jpg

77 0.9783571111154096 -0.03722192919248143 0.2028103213483994 -0.01731660104232806 -0.3464306754711597 -0.05589033517233755 -0.3749519554458385 77 image_000077.jpg

148 0.9398310734691424 -0.01564830930467864 0.3405364263078121 -0.02253055958578735 -0.5969227055138142 0.01812278028109558 0.3036081731814556 148 image_000148.jpg

50 0.9952621846463779 -0.0200774389532149 0.0949351021562148 -0.006116096515610011 -0.04952985676090416 -0.02461947507225485 -0.2204712806152238 50 image_000050.jpg

9 0.9704645182309152 -0.02746655191142073 0.2382833020056078 -0.02579293248623185 -0.401030931856489 -0.06348583551939857 -0.4708172298030601 9 image_000009.jpg

27 0.9732322584043986 0.01872452528634266 0.2290103559659379 -0.004756071301979231 -0.2862983917799516 -0.03355731913814061 -0.1243467890231885 27 image_000027.jpg

92 0.9814476187630055 -0.05215094464118628 0.1827436919104174 -0.02540853526688484 -0.2711840840289342 -0.08448719486124731 -0.4856394061078819 92 image_000092.jpg

29 0.9832766900984659 0.0746085805521495 0.1659110047027729 0.008605169116039648 -0.382434121788844 -0.02040818758915661 0.1603719767704401 29 image_000029.jpg

127 0.9582562703876181 -0.04002232770523354 0.282709282140702 -0.01478497004921399 -0.5167237648845107 0.03593713392767667 0.4308631981241438 127 image_000127.jpg

110 0.9629423139436716 0.00719796073724294 0.2692200854904322 -0.01452015656103701 -0.4593716520282718 0.01925593813068962 0.381770994359906 110 image_000110.jpg

4 0.9852647101121575 -0.02284059604191262 0.1677979910275332 -0.02399150656336684 -0.2399587098394281 0.03804625770001314 0.2631548783666611 4 image_000004.jpg

105 0.9962112614690517 -0.06532933149673489 0.05697089545139398 -0.007036905562595766 -0.4874301311543082 -0.06421509834895826 -0.2762062640195675 105 image_000105.jpg

42 0.8812567591780698 -0.1106686429357042 0.448970949398336 -0.09779602481743387 -0.9076902159187485 -0.02301871380877532 -0.07010038533804834 42 image_000042.jpg

103 0.9864924019198131 -0.02828756563974711 0.1593178974685454 -0.02550219854948063 -0.2163312624082042 0.009108790461535956 0.03017140537250107 103 image_000103.jpg

16 0.9897321452572707 -0.03662284990869287 0.1374172594698798 -0.0143368165501968 -0.1314735972638637 -0.01894158571782636 -0.1271410279336104 16 image_000016.jpg

146 0.9876346761092493 -0.07994496015886156 0.1308038457288768 -0.03281621297944827 -0.1174915969564988 -0.106735544852659 -0.4398771777757032 146 image_000146.jpg

126 0.9441077594268446 -0.009996571179880275 0.3294366954982983 0.005663109908041196 -0.5963916661960595 -0.01442933782015702 0.272818101219556 126 image_000126.jpg

32 0.9837896710114566 -0.02560046201656154 0.1758720006699054 -0.02390688051740377 -0.2501257861684183 -0.06185327373252184 -0.4130665065116135 32 image_000032.jpg

35 0.9956974171515258 -0.01784463039107624 -0.09050824818428815 0.008745264695686606 -0.1819320136577092 -0.008922882494579829 -0.12054918127071 35 image_000035.jpg

44 0.9801626111172742 -0.03723006777796754 0.1932106899107268 -0.02376567115054972 -0.3025459086638752 -0.07207810276774343 -0.5131840689776084 44 image_000044.jpg

19 0.9476479907630255 -0.03656218121210007 0.313610001151659 -0.04769968223658064 -0.5859235976355219 -0.005914221269133805 -0.1111021088147899 19 image_000019.jpg

93 0.9589640665897755 -0.1415759927762439 0.2391643489148773 -0.05607647873345919 -0.4402530115378483 -0.2529728322832425 -0.6686842588529442 93 image_000093.jpg

62 0.9968314074474274 -0.03046925743142041 -0.07324218017197832 0.005861102423142527 -0.2786145143130566 3.677544561679624e-05 -0.02857626092373339 62 image_000062.jpg

3 0.9896436314667451 0.01187002084233361 0.1424849784737124 -0.01275210617355107 -0.1532158096312551 0.005560600736262096 0.1860422078409693 3 image_000003.jpg

15 0.9941911589681053 -0.02352471347174223 0.104916489047004 -0.004801834209760047 -0.1657511403015894 -3.80689826853485e-05 0.07733507681917776 15 image_000015.jpg

111 0.982462014376109 -0.02071496163123035 0.1841441419981863 -0.02074164025352532 -0.3161055255217235 0.03457912173312089 0.2538985476654644 111 image_000111.jpg

113 0.9465997097769242 0.04923487125113823 0.3185411486745875 -0.007513554698083008 -0.2899855770165385 0.009750022386521121 0.2293222049322522 113 image_000113.jpg

21 0.823062529580831 -0.05027305593500029 0.5574806704972475 -0.09620807798152596 -0.4969418205557133 0.02401176049437698 0.01719850944172178 21 image_000021.jpg

71 0.9574444278604345 -0.001975810507096224 0.2873281309814532 -0.02718103895273501 -0.3019115501410977 0.02933865880451606 0.3085944451240955 71 image_000071.jpg

89 0.9971882849528562 -0.05865797858173507 -0.04576169330664273 -0.008979606182613223 -0.2192627319866057 0.01569343069883949 0.001642855450798286 89 image_000089.jpg

52 0.9211782046828737 -0.08582418892322417 0.3753939127420972 -0.056074362137141 -0.7249833219071022 -0.07442589081626684 -0.2238344286816576 52 image_000052.jpg

28 0.9830211846063708 -0.1819806144432348 -0.01452132803853173 -0.01848073629343878 0.2005642852035261 -0.3189841627248051 -0.6561127837128201 28 image_000028.jpg

112 0.9930653392168785 -0.09949993954875651 -0.05882624979942353 -0.02145848108315211 0.2664387181146123 -0.1094579115884775 -0.2714301999882873 112 image_000112.jpg

196 0.9173623285558239 -0.01647823355274613 0.3945134362904413 -0.05033859902625105 -0.7360981275996269 0.02206138792710973 0.07678246877388165 196 image_000196.jpg

229 0.7581199191608968 0.04622328680138291 0.6501787701365747 -0.01962556476751076 -0.7489862594505996 0.07511276715182608 0.4799606197974194 229 image_000229.jpg

124 0.9869425664150685 -0.1190719890840969 0.1008160186067889 -0.04002951918110387 -0.07570024570991316 -0.2242168891849801 -0.6988940976559901 124 image_000124.jpg

224 0.8490084186486416 -0.08770155966101442 0.5088160637146082 -0.1122468476293666 -0.5289809367624523 0.111904354549326 0.310899452436177 224 image_000224.jpg

104 0.9952866085420287 0.0916978686480663 -0.03155942251924226 0.0002656926053128836 -0.1164991096585666 0.02307882725356088 -0.2078450494213068 104 image_000104.jpg

91 0.9985641807582435 0.04158365698775543 0.03179446985229215 0.0113792822688679 -0.3054168798994771 -0.01002724634805954 -0.4207691180896727 91 image_000091.jpg

82 0.9668424396187603 -0.02270059424499262 -0.2516090865957423 0.03732623092979546 0.1674739178974857 -0.01578666523778225 -0.1487764544663255 82 image_000082.jpg

159 0.9346661087035129 -0.01751013998009574 0.3535050608110499 -0.03356832167217419 -0.5838453321725756 -0.0154629440881961 -0.158551143929653 159 image_000159.jpg

73 0.9387305024465766 -0.04202800591511426 0.3398647678598478 -0.03886682470653712 -0.3596747327255792 0.0193218266373467 0.108907526184612 73 image_000073.jpg

54 0.9974826605613516 -0.06788464743350169 0.01945224987021523 0.006451859984799188 -0.415094678544083 0.01361955474340673 0.07988372542777342 54 image_000054.jpg

25 0.9469043235420661 -0.006061020032049625 0.3194885731184994 -0.03553192564748977 -0.2718950937098691 0.05132584221788506 0.4509648269246947 25 image_000025.jpg

152 0.9937409090513168 0.05203512781971829 0.09873944469819912 0.004676880513678078 0.03535125865560598 -0.005807828554552904 0.1215587365362996 152 image_000152.jpg

213 0.9900742299387114 -0.02082452270297603 0.1372753691520456 -0.02179062848176939 -0.1466397555510802 0.03318133558831286 0.2310970833874658 213 image_000213.jpg

206 0.9842323931494098 -0.0556307370120036 0.1668198057897922 -0.01905176556498571 -0.2124645455915515 0.0826503881200077 0.3924591796729237 206 image_000206.jpg

74 0.9441420668097618 -0.02673143542801621 -0.3261576164774733 0.03876076952129004 0.2441279835052451 -0.02652087248595493 -0.2416519444345701 74 image_000074.jpg

234 0.9744244694363322 -0.03262873849483934 -0.2218451892603888 -0.01473196490561885 0.4316183962008403 -0.07679788795016074 -0.4077522252749524 234 image_000234.jpg

157 0.991875173559157 -0.03599893203865392 0.1214240635011564 -0.01199640662597006 -0.01132051565211956 -0.01949054848834975 -0.1248717007039208 157 image_000157.jpg

164 0.9683766639330851 -0.0222304434870935 0.2477798102584003 -0.01891057271758701 -0.4098471554572978 -0.00480897369906162 -0.2019518711909311 164 image_000164.jpg

176 0.9938332966055463 -0.007188979572637138 0.1093814516770297 -0.01671511770470874 -0.04614439571212103 -0.03324019992784649 -0.3392781722587359 176 image_000176.jpg

185 0.9322691395456626 -0.06678892651113739 0.351206551996913 -0.05538455182376786 -0.473785053330639 -0.002820846161171843 -0.01180547374751095 185 image_000185.jpg

188 0.9886830774264244 0.001762505206395258 0.148883094268547 -0.01834366994456959 -0.1748640495918851 0.01080907403085884 -0.2004294813813806 188 image_000188.jpg

214 0.9706861751094935 -0.01713993424940706 0.2377972445173452 -0.03044737435618667 -0.4092159411698846 -0.04293214790946431 -0.4070113283217437 214 image_000214.jpg

26 0.8947840205336608 -0.03903186107093691 0.4383718379302119 -0.0752874632900104 -0.3101205347327444 0.1337382263723132 0.6551982569937583 26 image_000026.jpg

63 0.9463749153796007 -0.01903751171394254 0.3212788430969283 -0.02814245309660363 -0.5010554696751151 0.02367660708973399 0.220932888552518 63 image_000063.jpg

142 0.862817856599448 0.1244459577793725 0.4899576072466956 -0.000305002626064056 -0.7176139073232921 0.07393631752404092 0.320623573212303 142 image_000142.jpg

135 0.9846312072106796 -0.008706584581396403 0.1724882616052843 -0.02594958150247393 -0.2390774932203683 -0.05231246839060803 -0.5299759747240347 135 image_000135.jpg

162 0.9753307076375763 -0.01281654894028804 0.2196714465197739 -0.01761256359410155 -0.4539173525297888 -0.000298618481665007 -0.07464540642097579 162 image_000162.jpg

194 0.944477947843309 0.02169289865421375 0.3278257904756958 -0.004590782575457802 -0.7150786329402381 -0.02085018428787263 0.05983484233119565 194 image_000194.jpg

223 0.9459624419496988 -0.04217615302986849 0.3165260780716926 -0.05645770484811311 -0.5949398992657122 -0.05085773038283152 -0.2736046851258837 223 image_000223.jpg

14 0.9887963536309835 -0.0268726703335913 -0.1457376768551895 0.01789302042881036 0.0376403154133346 -0.001102083389028605 -0.002003197964856041 14 image_000014.jpg

220 0.9583873189127484 0.003951379937149317 0.2839895480052055 -0.02877620836081525 -0.6025204025373143 0.03720708399482984 0.3588471893662015 220 image_000220.jpg

232 0.9935094844772736 -0.01120271022150536 0.1123456714753049 -0.01385112407561784 -0.141022746576577 0.01829095570410341 0.07675939105312954 232 image_000232.jpg

81 0.9849978227360604 0.09158055134541719 0.1462521691285036 0.001610852475411361 -0.2513984818095594 -0.03277924851507494 0.2461504470367052 81 image_000081.jpg

147 0.9995090618986336 0.01407608188343827 -0.02791363984480299 0.00208033938065299 -0.2387424383874723 0.00898211741341462 0.1684948411337587 147 image_000147.jpg

87 0.9888469093098939 -0.017385734702536 -0.147892532352204 0.002706483248746354 -0.1730214686904421 -0.0004367444185600575 -0.1062203844641098 87 image_000087.jpg

69 0.9721079854878611 -0.03317020628432443 -0.2294553427088718 0.03544076280417635 0.1274228235985114 -0.001984991978603128 -0.04908147049088163 69 image_000069.jpg

56 0.9286799799502311 -0.1959113352567171 0.29505994238503 -0.1100539592986621 -0.09658827344864493 0.1626452759927763 0.2773270235852708 56 image_000056.jpg

66 0.9887706676457306 0.01695644411232784 -0.1476650984254119 0.01549401540901972 -0.2158692392906489 0.01836194763147871 0.3325609010102158 66 image_000066.jpg

120 0.99215882526148 0.06925251744229227 -0.1038909664464775 -0.005623288582484149 -0.1789963237322343 -0.02283911580572284 0.3376502371034866 120 image_000120.jpg

67 0.9863606422304856 0.003691695160686074 0.1644337779716512 0.00637083255738794 -0.2613391074812475 0.007907512222542233 0.2235937751821727 67 image_000067.jpg

200 0.980632693165962 -0.07647562675559227 0.1771417066083677 -0.0336424640341141 -0.2420690941369845 -0.1512221140412443 -0.6683420276354246 200 image_000200.jpg

100 0.9824061492623529 -0.01199077160463605 -0.185297340982058 0.01998185959364439 0.01958041297976623 0.004611595912510928 0.0745653718951817 100 image_000100.jpg

65 0.9841776841702122 -0.1010728253236905 0.1436307539064775 -0.02342597905534811 -0.1631463918826946 0.08354695362883913 0.2675142655976583 65 image_000065.jpg

138 0.9976113953308493 -0.05882487968078926 -0.03589368823680992 0.004772900725471446 -0.1209112176569996 0.04320395064983627 0.1206112195313984 138 image_000138.jpg

207 0.8573491150539456 -0.1333384506559309 0.4818490351326283 -0.1224535007039302 -0.7473227887304936 0.01333974508874846 0.002948005632978798 207 image_000207.jpg

64 0.9944901389101243 -0.05496598999999553 0.08840601882282637 -0.01234825452200039 -0.0742175689442558 0.02994591191390925 0.1470833637817729 64 image_000064.jpg

198 0.9504752464173508 0.03936416577208821 0.308163797834909 -0.009074255060841871 -0.3518284822144669 -0.0008005921500538731 0.3198384960981045 198 image_000198.jpg

199 0.9374670511204763 0.0416246248498816 0.3453816478245506 -0.01159465461249043 -0.4122141341539907 -0.01130609333737531 0.3200597067001242 199 image_000199.jpg

