# 3D point list with one line of data per point:
#   POINT3D_ID, X, Y, Z, R, G, B, ERROR, TRACK[] as (IMAGE_ID, POINT2D_IDX)
# Number of points: 835, mean track length: 4.34
0 -0.15369816249991078 -0.19692074106221205 0.8828294654964515 0 0 0 1.27 156 0 279 0 292 0 
1 -0.255278336349178 -0.21238398270797734 1.0004894133508675 0 0 0 1.91 31 0 332 0 
2 -0.145798225467902 -0.19857033546237857 0.9433692910984206 0 0 0 0.49 279 1 395 0 470 0 
3 -0.24155170545594956 -0.17645822002858486 0.9253493952276141 0 0 0 0.72 31 1 88 0 180 0 
4 -0.1613856517108092 -0.1348530617038687 0.8578979223624255 0 0 0 0.6 279 2 395 1 470 1 
5 -0.27235972821871457 -0.14441319063055366 0.92719933240468 0 0 0 0.47 88 1 180 1 458 0 495 0 
6 -0.27235972821871457 -0.14441319063055366 0.92719933240468 0 0 0 0.47 88 2 180 2 458 1 495 1 
7 -0.11178127290174625 -0.14210042542563414 0.9649109744460174 0 0 0 0.34 157 0 180 3 459 0 495 2 505 0 
8 -0.10474934832009691 -0.12099248427014105 0.9585414019877324 0 0 0 0.14 157 1 459 1 505 1 
9 -0.14049475501004857 -0.035544611084049785 0.8036622478568178 0 0 0 0.79 54 0 167 0 233 0 
10 -0.11255955569142652 -0.08886758103821396 0.9025913418168119 0 0 0 0.48 31 2 180 4 292 1 332 1 385 0 489 0 495 3 505 2 
11 -0.10594340256650771 -0.09484133597617744 0.9275438096489803 0 0 0 0.28 31 3 88 3 156 1 
12 -0.31044442044161036 -0.07867019585741156 0.9100010814654075 0 0 0 1.23 156 2 206 0 290 0 458 2 495 4 
13 -0.27985341596182434 -0.00339691265144494 0.7982458261624614 0 0 0 0.48 180 5 290 1 332 2 
14 -0.1406348872035769 0.002667338696975595 0.7695960945513828 0 0 0 0.6 27 0 31 4 88 4 156 3 233 1 292 2 410 0 489 1 505 3 
15 -0.10335370088498992 0.0050024057034311785 0.8341123136593912 0 0 0 0.54 27 1 31 5 82 0 167 1 233 2 
16 -0.07069680417291505 0.013125528821644316 0.9246259427103102 0 0 0 0.77 9 0 28 0 332 3 459 2 489 2 495 5 
17 -0.16342790186031125 0.044322936403616585 0.7054541667865515 0 0 0 0.72 27 2 31 6 82 1 88 5 139 0 180 6 206 1 233 3 279 3 332 4 410 1 495 6 
18 -0.1494458305578329 0.049146050814920836 0.7133579049631037 0 0 0 1.03 27 3 139 1 206 2 233 4 385 1 410 2 495 7 
19 -0.07863790454269919 0.05111066180800252 0.8477023255797902 0 0 0 0.16 31 7 156 4 180 7 332 5 459 3 489 3 505 4 
20 -0.058514760631133464 0.05220604586021695 0.8978191669947319 0 0 0 0.25 9 1 156 5 157 2 332 6 489 4 505 5 
21 -0.11874860146486829 0.05664223738034944 0.7558633304282206 0 0 0 0.47 27 4 139 2 156 6 233 5 332 7 385 2 495 8 
22 -0.13336547778858548 0.07491214921121003 0.7255682139767186 0 0 0 0.24 101 0 156 7 157 3 180 8 489 5 505 6 
23 -0.08170113341877472 0.07900790528512702 0.8072823380696978 0 0 0 0.92 31 8 101 1 206 3 
24 -0.18976023611740386 0.09383415316148148 0.7068844756809697 0 0 0 0.25 27 5 88 6 156 8 157 4 453 0 458 3 489 6 495 9 505 7 
25 -0.19251040099564848 0.0965874215853368 0.7084494555296369 0 0 0 0.31 156 9 157 5 332 8 458 4 489 7 495 10 505 8 
26 -0.2590171149069914 0.11327912709894318 0.7332315521148168 0 0 0 0.11 156 10 157 6 489 8 505 9 
27 -0.254155854939115 0.11277887734249029 0.7310251839698733 0 0 0 0.29 31 9 139 3 156 11 332 9 
28 -0.24604172848479028 0.10829006681178445 0.7269622227040621 0 0 0 0.34 139 4 332 10 385 3 
29 -0.22161423772733943 0.1124382197459981 0.7155663019866169 0 0 0 0.27 88 7 139 5 156 12 332 11 395 2 458 5 495 11 
30 -0.19023640979884143 0.09822816480663105 0.7068066911743948 0 0 0 0.29 27 6 88 8 101 2 156 13 157 7 332 12 453 1 458 6 489 9 495 12 505 10 
31 -0.19023640979884143 0.09822816480663105 0.7068066911743948 0 0 0 0.29 27 7 88 9 101 3 156 14 157 8 332 13 453 2 458 7 489 10 495 13 505 11 
32 -0.18273371111824152 0.10490947865114397 0.69470838365895 0 0 0 0.38 88 10 156 15 157 9 332 14 453 3 458 8 489 11 495 14 505 12 
33 -0.1309617391732129 0.10021564589720072 0.7259347181490448 0 0 0 0.27 139 6 233 6 279 4 453 4 
34 -0.16006889938000216 0.06024921918249228 0.35811537870717847 0 0 0 1.06 172 0 279 5 410 3 489 12 
35 -0.07477233784636121 0.020878157537857336 0.8869894188857862 0 0 0 0.43 233 7 459 4 495 15 
36 -0.17546796623888145 0.08066465922261085 0.3679463912273635 0 0 0 1.48 27 8 180 9 410 4 
37 -0.17546796623888145 0.08066465922261085 0.3679463912273635 0 0 0 1.48 27 9 180 10 410 5 
38 -0.14348164209839281 0.1446522084298754 0.6848160476482681 0 0 0 0.32 82 2 233 8 279 6 332 15 489 13 
39 -0.14004426851483973 0.15586518057222437 0.7076892852157504 0 0 0 0.22 101 4 157 10 279 7 332 16 385 4 505 13 
40 -0.1022527636358215 0.1715345752485077 0.7204427249814451 0 0 0 0.5 31 10 233 9 279 8 332 17 385 5 459 5 489 14 505 14 
41 0.03925971193078324 0.2839831605302957 0.9681648485406343 0 0 0 0.41 156 16 459 6 470 2 489 15 
42 -0.1827233044476161 0.09387092280968916 0.31745269097696394 0 0 0 0.68 279 9 290 2 332 18 
43 -0.22677399282164215 -0.2611304167865412 0.9800013669605774 0 0 0 1.32 9 2 101 5 453 5 
44 -0.25692796171537857 -0.1820659160225893 0.9475261805910931 0 0 0 0.49 27 10 88 11 180 11 385 6 458 9 495 16 
45 -0.1502276033378387 -0.17328417049102815 0.8970916856858704 0 0 0 1.34 82 3 156 17 332 19 459 7 489 16 
46 -0.2795017510334163 -0.12320220483071971 0.9069853859237941 0 0 0 0.62 9 3 28 1 470 3 
47 -0.2820914544265459 -0.12541775677290762 0.9196068085186152 0 0 0 0.44 27 11 88 12 458 10 495 17 
48 -0.12386307989925238 -0.08842022113003521 0.8774974537294697 0 0 0 0.42 27 12 31 11 88 13 156 18 180 12 270 0 385 7 410 6 459 8 489 17 495 18 505 15 
49 -0.13440352030464747 -0.0641880147016737 0.831049540685196 0 0 0 0.32 101 6 156 19 157 11 180 13 292 3 410 7 489 18 495 19 505 16 
50 -0.13465679617719645 -0.06441292127515993 0.8334202720837279 0 0 0 0.35 31 12 156 20 157 12 180 14 292 4 332 20 385 8 410 8 459 9 489 19 495 20 505 17 
51 -0.13098354069094928 -0.06556025953136166 0.8374765820413836 0 0 0 0.32 31 13 156 21 180 15 292 5 332 21 459 10 489 20 
52 -0.07732070006959468 -0.03625977155297013 0.9422008421845831 0 0 0 0.43 27 13 31 14 157 13 233 10 332 22 459 11 495 21 505 18 
53 -0.33308201117348285 -0.012561023189534174 0.8656728124525558 0 0 0 0.49 290 3 395 3 495 22 
54 -0.3322179380052616 -0.012518489318962777 0.8648507246689944 0 0 0 0.89 180 16 290 4 395 4 495 23 
55 -0.09318731555655117 -0.00727005101230263 0.8582201483552641 0 0 0 0.23 31 15 156 22 180 17 279 10 332 23 489 21 495 24 505 19 
56 -0.08543445246153794 -0.015653895183877355 0.9010682074020124 0 0 0 0.39 31 16 156 23 180 18 233 11 459 12 489 22 505 20 
57 -0.22917113969283817 0.018201012095550785 0.7698589730087774 0 0 0 0.3 88 14 180 19 290 5 495 25 
58 -0.3378027211821632 0.0422194686791481 0.8239718656589501 0 0 0 0.4 290 6 453 6 495 26 
59 -0.1416587137775597 0.04477890038327952 0.7282329418573542 0 0 0 0.3 31 17 180 20 489 23 505 21 
60 -0.14303642302899622 0.04602645181078722 0.7211396928098855 0 0 0 0.27 156 24 157 14 489 24 505 22 
61 -0.08316144547098027 0.056223564567809504 0.8956306758968839 0 0 0 0.78 290 7 292 6 332 24 489 25 
62 -0.0789711848326298 0.05373196897094126 0.844897117437312 0 0 0 0.33 101 7 156 25 157 15 180 21 489 26 
63 -0.36944794192495245 0.07764812235071004 0.8190256052985927 0 0 0 0.69 233 12 332 25 453 7 
64 -0.19567502462499048 0.0829695815159767 0.7144885960316957 0 0 0 0.55 139 7 180 22 395 5 458 11 495 27 
65 -0.14105529534865727 0.07262281944898813 0.6966977930546258 0 0 0 0.83 156 26 206 4 279 11 395 6 410 9 505 23 
66 -0.077218106684358 0.09340094964783749 0.8103587535904915 0 0 0 1.47 27 14 270 1 459 13 470 4 
67 -0.026401030015375773 0.09781512115883083 1.004345759209796 0 0 0 0.41 9 4 54 1 233 13 332 26 505 24 
68 -0.2425019260435167 0.09626327384556049 0.7293332225680174 0 0 0 0.59 101 8 156 27 180 23 495 28 
69 -0.2004563706515442 0.0927328602058686 0.7087265599312066 0 0 0 0.3 88 15 139 8 156 28 332 27 453 8 458 12 489 27 495 29 505 25 
70 -0.14225947387334875 0.08769859025110993 0.7045154270944998 0 0 0 0.74 27 15 180 24 233 14 410 10 459 14 
71 -0.13558388380416625 0.0949449705394557 0.7259916139364373 0 0 0 0.59 27 16 31 18 82 4 139 9 233 15 332 28 458 13 505 26 
72 -0.0841387353096108 0.09885068724041438 0.7931855007882596 0 0 0 0.56 27 17 180 25 233 16 270 2 410 11 470 5 489 28 505 27 
73 0.02935512690893532 0.12913110756420787 0.9918300816549275 0 0 0 0.37 9 5 54 2 156 29 332 29 505 28 
74 -0.1676836403182228 0.05757331033831607 0.35413360229431273 0 0 0 0.51 156 30 279 12 505 29 
75 -0.16455094042077703 0.05626926368802969 0.3613487867623538 0 0 0 0.34 156 31 279 13 489 29 505 30 
76 -0.16352944805347383 0.05809955431367222 0.35692356901890304 0 0 0 0.34 156 32 172 1 489 30 
77 -0.2923206026584103 0.11121579297093162 0.6763600916212599 0 0 0 1.93 27 18 332 30 505 31 
78 -0.2931153859969474 0.11869942309830922 0.7538334613489507 0 0 0 0.55 31 19 139 10 156 33 332 31 395 7 489 31 505 32 
79 -0.2124185603506742 0.10859462634526841 0.7116387268645865 0 0 0 0.37 88 16 139 11 156 34 332 32 453 9 458 14 489 32 495 30 505 33 
80 -0.21574785686147135 0.11066744386818447 0.7125235321770249 0 0 0 0.41 31 20 88 17 139 12 156 35 180 26 385 9 395 8 458 15 489 33 495 31 505 34 
81 -0.1310101567021572 0.107637593469002 0.7220645306685708 0 0 0 0.24 27 19 31 21 82 5 88 18 157 16 458 16 489 34 505 35 
82 -0.13109035218970863 0.10784939418715937 0.7227234743669374 0 0 0 0.39 27 20 31 22 82 6 88 19 233 17 332 33 458 17 459 15 505 36 
83 -0.13515339873634227 0.13134889168296907 0.7078957140089511 0 0 0 0.24 156 36 180 27 395 9 489 35 
84 -0.1299636774345856 0.13276301468731305 0.7125157560735972 0 0 0 0.37 31 23 82 7 156 37 279 14 459 16 489 36 505 37 
85 -0.1273572948514806 0.13379524545534854 0.7030678574089928 0 0 0 0.34 31 24 54 3 180 28 279 15 489 37 
86 -0.11930779346644084 0.14419843957300668 0.715985010707693 0 0 0 0.52 156 38 180 29 233 18 489 38 495 32 
87 -0.07716260010434657 0.14916865511166574 0.7944302980842305 0 0 0 0.52 27 21 54 4 88 20 156 39 279 16 332 34 385 10 459 17 489 39 495 33 505 38 
88 -0.14212326650107437 0.14525662620475524 0.6974025224979067 0 0 0 0.93 31 25 233 19 385 11 
89 -0.13261847245452285 0.1527287485564428 0.7085420499460072 0 0 0 0.57 54 5 156 40 279 17 489 40 
90 -0.09104685880605386 0.1715285914160916 0.7651347006675783 0 0 0 0.59 54 6 180 30 279 18 495 34 
91 -0.1453477841194458 0.09058413485643649 0.379618497934358 0 0 0 0.44 88 21 279 19 332 35 
92 -0.12285155978443035 0.15837239398957803 0.6939542440120658 0 0 0 1.94 156 41 233 20 
93 -0.09693917525401563 0.17163479014336216 0.7113287093923831 0 0 0 0.43 54 7 385 12 489 41 505 39 
94 -0.13635273714492693 0.09659342971378758 0.39289243786718375 0 0 0 0.35 279 20 332 36 395 10 458 18 
95 0.6147654837603589 0.5949651238327269 2.154426777319215 0 0 0 0.38 156 42 332 37 470 6 489 42 505 40 
96 0.10867786698937877 0.3059745395575803 1.069878112045164 0 0 0 0.47 28 2 156 43 453 10 
97 0.031099518962171877 0.2805225703604489 0.9564064737836837 0 0 0 0.41 31 26 156 44 459 18 489 43 505 41 
98 0.25385323259533255 0.3626108955753684 1.2887940069439567 0 0 0 0.5 88 22 156 45 332 38 385 13 453 11 489 44 505 42 
99 0.2507492259499199 0.36802013356092594 1.2785902727350211 0 0 0 0.32 156 46 332 39 385 14 470 7 489 45 505 43 
100 0.7163904964807579 0.6530438118281057 2.258219528961552 0 0 0 0.53 9 6 156 47 505 44 
101 -0.1091161304652719 0.21031163106561782 0.6981040590757877 0 0 0 0.45 101 9 332 40 385 15 505 45 
102 -0.1091161304652719 0.21031163106561782 0.6981040590757877 0 0 0 0.45 101 10 332 41 385 16 505 46 
103 0.10556770807588613 0.3219325031810247 1.0666877908118244 0 0 0 0.2 101 11 459 19 495 35 
104 0.10556770807588613 0.3219325031810247 1.0666877908118244 0 0 0 0.2 101 12 459 20 495 36 
105 -0.23404385954762646 -0.24047246162071656 0.9944457509203676 0 0 0 1.56 9 7 28 3 292 7 453 12 
106 -0.2241322772371075 -0.2209578459288147 0.9417963685683539 0 0 0 1.54 27 22 88 23 139 13 180 31 385 17 453 13 
107 -0.2886780955334799 -0.10527490121483096 0.9057709253025459 0 0 0 0.61 27 23 88 24 453 14 458 19 495 37 
108 -0.28848417714985547 -0.10511343816534863 0.9049681138200355 0 0 0 0.68 27 24 88 25 156 48 453 15 495 38 
109 -0.148574780375664 -0.10604173839057905 0.8514722562065251 0 0 0 0.08 156 49 332 42 470 8 489 46 
110 -0.14605226199490548 -0.11003418416114576 0.8546728717158772 0 0 0 0.72 27 25 31 27 101 13 156 50 157 17 489 47 
111 -0.15135295661551396 -0.031249435845407084 0.783243974487424 0 0 0 0.73 27 26 279 21 290 8 395 11 
112 -0.1361729803977571 -0.04585902901006598 0.8104968033616708 0 0 0 0.28 31 28 101 14 156 51 180 32 292 8 410 12 489 48 495 39 505 47 
113 -0.13597868169122707 -0.045838043006726226 0.8089509536731702 0 0 0 0.29 27 27 156 52 157 18 180 33 292 9 410 13 489 49 505 48 
114 -0.13994879255277373 -0.024965595483359138 0.7931055265317225 0 0 0 0.48 27 28 31 29 139 14 156 53 180 34 233 21 279 22 292 10 385 18 489 50 495 40 505 49 
115 -0.1344814401248799 -0.026197562795655653 0.804216527538746 0 0 0 0.31 31 30 156 54 157 19 180 35 292 11 332 43 459 21 489 51 495 41 505 50 
116 -0.09367913159002789 -0.0035333485592737007 0.8444966924945364 0 0 0 0.61 27 29 31 31 156 55 180 36 279 23 385 19 
117 -0.08919358654649545 -0.005079637852577047 0.8539684130884911 0 0 0 0.03 9 8 167 2 495 42 
118 -0.06456822191168138 -0.0008604593968463376 0.9379026874057994 0 0 0 0.66 9 9 27 30 88 26 157 20 332 44 495 43 505 51 
119 -0.13317874492272533 0.008052516825840713 0.7824621467134113 0 0 0 0.44 31 32 139 15 156 56 167 3 180 37 233 22 270 3 385 20 489 52 495 44 505 52 
120 -0.11939655598900363 0.020634217859563583 0.7938335886652714 0 0 0 0.47 31 33 156 57 167 4 180 38 206 5 233 23 410 14 459 22 489 53 505 53 
121 -0.14132133615064663 0.03263669952198095 0.7439611980490503 0 0 0 0.41 31 34 156 58 180 39 332 45 395 12 489 54 505 54 
122 -0.05182896254318535 0.05459298146728794 0.8820660390704638 0 0 0 0.65 270 4 495 45 505 55 
123 -0.08536581443466636 0.07865354850009752 0.8047776746893701 0 0 0 0.56 27 31 157 21 206 6 453 16 489 55 505 56 
124 -0.20556681099634155 0.09755310240492278 0.7101886320780333 0 0 0 0.72 31 35 88 27 139 16 156 59 180 40 332 46 385 21 395 13 458 20 489 56 495 46 505 57 
125 -0.17654292826453472 0.08561810549280872 0.6975592568109376 0 0 0 0.34 27 32 88 28 101 15 156 60 157 22 332 47 453 17 458 21 489 57 495 47 
126 -0.16718929058142 0.05591814489258244 0.35177074929365826 0 0 0 0.33 156 61 172 2 489 58 
127 -0.16432929804937238 0.05715825092794646 0.35927202676143216 0 0 0 0.47 172 3 279 24 489 59 505 58 
128 -0.36211660815915464 0.12462720292723667 0.8058007841711303 0 0 0 0.42 290 9 332 48 489 60 505 59 
129 -0.24213634045634708 0.10341550718356246 0.7266513065250627 0 0 0 0.13 156 62 157 23 453 18 489 61 
130 -0.21998345655344823 0.10594290738582988 0.7125174406090968 0 0 0 0.2 31 36 180 41 489 62 495 48 
131 -0.20130997616651294 0.09869925428630322 0.7073427942764651 0 0 0 0.3 88 29 139 17 156 63 180 42 332 49 385 22 395 14 458 22 489 63 495 49 505 60 
132 -0.2017871087974732 0.10840040720840334 0.7051334879192922 0 0 0 0.36 88 30 101 16 156 64 157 24 332 50 453 19 458 23 489 64 495 50 505 61 
133 -0.19195449032087145 0.10469236777654028 0.7039929413289014 0 0 0 0.46 27 33 88 31 139 18 156 65 332 51 453 20 458 24 489 65 495 51 505 62 
134 -0.18237645725815907 0.09969045649355296 0.6958749423550663 0 0 0 0.21 156 66 157 25 332 52 453 21 489 66 495 52 505 63 
135 -0.1717930114754199 0.10213273247572201 0.6876048321563267 0 0 0 0.41 27 34 31 37 139 19 156 67 332 53 385 23 458 25 489 67 495 53 505 64 
136 -0.12342552264538731 0.14222460021138222 0.7099642461331718 0 0 0 0.21 82 8 156 68 279 25 385 24 459 23 489 68 495 54 
137 -0.10238822502131446 0.13818095841034891 0.7536993649355992 0 0 0 0.68 27 35 233 24 279 26 332 54 459 24 489 69 
138 0.038290714709053736 0.18406878438552143 0.9825044981631581 0 0 0 0.58 88 32 101 17 156 69 332 55 385 25 470 9 489 70 495 55 
139 -0.07601131763200235 0.12001683709896488 0.8117719570060111 0 0 0 0.34 54 8 206 7 290 10 
140 -0.1493988830362869 0.17466410294333595 0.6620818196674002 0 0 0 0.53 82 9 157 26 489 71 505 65 
141 0.09276410557359081 0.2765560425200543 1.0565435781617742 0 0 0 0.35 101 18 385 26 489 72 505 66 
142 0.6974793458505585 0.6080664638341055 2.35580347577826 0 0 0 0.55 101 19 332 56 459 25 
143 0.74414740162742 0.6089285040734176 2.358405077495518 0 0 0 0.5 9 10 156 70 505 67 
144 -0.16403873652869072 0.09000212189778244 0.3239454087466762 0 0 0 0.41 28 4 290 11 332 57 
145 -0.15332730816688497 0.0984686848568627 0.36581912888121176 0 0 0 0.36 156 71 332 58 505 68 
146 -0.11490058962011927 0.206567315089794 0.7002866969711475 0 0 0 1.13 82 10 101 20 180 43 495 56 
147 0.40350286237275135 0.5510344536360902 1.634521789468999 0 0 0 0.66 156 72 332 59 470 10 
148 -0.12235132878574281 -0.09405455399206095 0.8877007473832381 0 0 0 0.46 88 33 180 44 410 15 495 57 505 69 
149 -0.12193814492729765 -0.09534538743191404 0.8937453320815872 0 0 0 0.87 279 27 292 12 395 15 470 11 
150 -0.15658457450255095 -0.03688866445747087 0.7823527066239154 0 0 0 0.61 27 36 156 73 157 27 332 60 489 73 495 58 
151 -0.1203901307550492 -0.04571081218069523 0.8425472468086267 0 0 0 0.62 31 38 180 45 410 16 489 74 505 70 
152 -0.31902184751538826 -0.036782306727838034 0.8698102294240181 0 0 0 0.68 27 37 31 39 156 74 290 12 453 22 
153 -0.14370549327286175 -0.009301590339039285 0.7782798286836586 0 0 0 0.24 157 28 459 26 505 71 
154 -0.07282836564691592 -0.0033681135152629836 0.9001585947079949 0 0 0 1.21 9 11 101 21 156 75 180 46 470 12 
155 -0.06341633252133631 0.013407584835572769 0.9309460347919802 0 0 0 0.64 9 12 27 38 233 25 332 61 495 59 
156 -0.0637431209703106 0.013675715501365737 0.9292428139912985 0 0 0 1.15 9 13 27 39 88 34 156 76 157 29 233 26 332 62 453 23 489 75 495 60 505 72 
157 -0.30015313594188775 0.022117455143255717 0.8075247406801092 0 0 0 0.43 31 40 180 47 290 13 
158 -0.14516653724931397 0.03349657287173467 0.7270437049753291 0 0 0 0.25 31 41 395 16 489 76 505 73 
159 -0.3750203555673582 0.06836946568269305 0.8256365649995204 0 0 0 0.58 101 22 139 20 332 63 453 24 505 74 
160 -0.2676680415569473 0.05515447841589106 0.7584415576815939 0 0 0 0.48 31 42 290 14 453 25 495 61 
161 -0.09330191598481861 0.07694653748225724 0.7894526467822108 0 0 0 0.66 27 40 233 27 270 5 332 64 410 17 453 26 459 27 505 75 
162 -0.2701957631443629 0.09973439904012694 0.7435473657125523 0 0 0 0.33 31 43 156 77 180 48 290 15 395 17 495 62 
163 -0.12560580595365267 0.087286523672961 0.7342098808964562 0 0 0 0.41 180 49 233 28 332 65 470 13 
164 -0.028927811292266313 0.11169743788766673 0.8903754338979051 0 0 0 0.89 180 50 470 14 505 76 
165 -0.19808056816248998 0.10650213986663298 0.7056972621127042 0 0 0 0.4 139 21 156 78 233 29 332 66 385 27 453 27 458 26 489 77 495 63 505 77 
166 -0.1978929350007048 0.11049194108392313 0.7050936710498795 0 0 0 0.4 27 41 101 23 332 67 453 28 
167 -0.2750750556908226 0.12674957202964857 0.7407504511557326 0 0 0 0.42 180 51 395 18 495 64 
168 -0.12328196668609064 0.13148102614846696 0.7152881168404228 0 0 0 0.34 54 9 180 52 385 28 
169 -0.0817403508771938 0.15570545349186943 0.7881770380741673 0 0 0 1.07 27 42 101 24 180 53 
170 0.11249250777677017 0.32922498127188915 1.083967164938145 0 0 0 0.68 453 29 459 28 489 78 505 78 
171 -0.22923315260039273 -0.21465132139497567 0.9375110476714507 0 0 0 1.21 27 43 31 44 88 35 180 54 385 29 
172 -0.21728810034039528 -0.23438777582160777 0.9672061822250202 0 0 0 0.83 27 44 88 36 156 79 180 55 385 30 
173 -0.13780266113648432 -0.029688732101360932 0.8031327761420969 0 0 0 0.69 31 45 156 80 157 30 180 56 292 13 410 18 459 29 489 79 
174 -0.33267100467653776 -0.006985417178727945 0.8574031238846022 0 0 0 0.45 156 81 290 16 332 68 395 19 
175 -0.0979224493753434 -0.012144504145121722 0.8488525864716333 0 0 0 0.58 27 45 101 25 156 82 157 31 385 31 489 80 495 65 505 79 
176 -0.06518798546307843 -0.011198901103765094 0.9102473294444408 0 0 0 0.66 9 14 88 37 157 32 495 66 
177 -0.1383118713157051 0.005601400931790279 0.769698032642727 0 0 0 0.73 31 46 156 83 180 57 206 8 233 30 270 6 292 14 332 69 410 19 459 30 489 81 495 67 505 80 
178 -0.13116496139732534 0.014144574812438998 0.7804882901848426 0 0 0 0.24 101 26 156 84 167 5 489 82 
179 -0.07268626120800589 0.041472417820830366 0.8307837561626547 0 0 0 1.6 9 15 28 5 156 85 157 33 332 70 495 68 505 81 
180 -0.12698488373264674 0.07954871555770665 0.7197925549491416 0 0 0 0.74 31 47 101 27 156 86 180 58 410 20 505 82 
181 -0.0805193238827546 0.09086665533481317 0.8036634940175101 0 0 0 1.77 459 31 470 15 495 69 
182 -0.08079581065992845 0.0919840747502881 0.8107124155169091 0 0 0 0.79 9 16 470 16 495 70 
183 -0.19085661711279275 0.08518416092857051 0.7105749957066411 0 0 0 0.34 27 46 88 38 139 22 180 59 458 27 495 71 
184 -0.13848190481076417 0.09117833596478807 0.7178443304459106 0 0 0 0.81 54 10 290 17 453 30 
185 -0.09598555435033357 0.10229411097797574 0.7783259518883474 0 0 0 0.43 54 11 206 9 290 18 
186 -0.08530001629567101 0.10145425487685462 0.7814010945255006 0 0 0 0.53 27 47 31 48 54 12 279 28 332 71 395 20 410 21 489 83 
187 -0.058554974509974274 0.12035686101705066 0.8349203291549251 0 0 0 0.89 54 13 156 87 180 60 233 31 332 72 410 22 505 83 
188 -0.10667657214285302 0.16853852832441144 0.7287395643154764 0 0 0 0.5 31 49 54 14 139 23 156 88 385 32 395 21 489 84 
189 0.20784464254393886 0.31746951202029017 1.2706723943153442 0 0 0 1.03 88 39 157 34 453 31 458 28 459 32 489 85 
190 0.1049276535807285 0.2839344311037823 1.0762100867059647 0 0 0 0.33 156 89 385 33 489 86 
191 0.14301968730456724 0.39029612345457165 1.3433047826673645 0 0 0 1.62 31 50 279 29 495 72 
192 0.6065477679922928 0.6468093772828778 2.2080393645342795 0 0 0 0.42 156 90 332 73 453 32 489 87 505 84 
193 -0.10897102278434104 0.11804359273792615 0.3908464546231616 0 0 0 0.52 279 30 290 19 332 74 
194 -0.21443185344589 -0.2692542703619699 0.9586483223596852 0 0 0 0.84 88 40 332 75 385 34 458 29 
195 -0.31792869017023173 -0.02501578012108069 0.856180918271011 0 0 0 0.29 156 91 332 76 453 33 
196 -0.18117533709079117 -0.0025856419472494938 0.759298783151042 0 0 0 0.35 88 41 156 92 489 88 
197 -0.11221547900169256 0.08922880640221285 0.7518324769469921 0 0 0 0.82 27 48 31 51 88 42 156 93 180 61 233 32 270 7 332 77 410 23 470 17 489 89 505 85 
198 -0.09811116939557599 0.17038814428913804 0.7355359663961177 0 0 0 0.63 54 15 156 94 279 31 385 35 489 90 
199 0.13169814349559422 0.30355745953179103 1.1320417646404632 0 0 0 0.35 156 95 157 35 332 78 385 36 489 91 505 86 
200 -0.37869055011816877 -0.00015052959648931242 0.9673931461841447 0 0 0 1.05 9 17 28 6 270 8 
201 -0.40877459150804984 0.08708425090913409 0.8922533028479709 0 0 0 0.91 9 18 157 36 505 87 
202 -0.23753284718625925 0.09472923963319888 0.7317542846704729 0 0 0 0.8 233 33 290 20 395 22 495 73 
203 -0.2820758329479914 0.11601462362241274 0.7439487430888196 0 0 0 1.46 139 24 156 96 157 37 233 34 
204 -0.12898809872004058 0.13683628667134096 0.7043100712315229 0 0 0 0.43 82 11 156 97 180 62 233 35 385 37 489 92 
205 0.0847496248320148 0.15154214903377056 0.5305876787579258 0 0 0 1.13 458 30 505 88 
206 -0.1005383601338105 -0.12344193813703419 0.9769895659595139 0 0 0 1.75 88 43 332 79 
207 0.25566390055668076 0.3637808773048422 1.1830505067432597 0 0 0 0.89 54 16 332 80 489 93 505 89 
208 -0.012733051263517885 0.10443456697747366 0.9818753228739472 0 0 0 1.15 9 19 27 49 54 17 88 44 458 31 495 74 
209 -0.19488766331635263 0.09502041883560793 0.7099890297518269 0 0 0 0.69 27 50 101 28 156 98 180 63 332 81 410 24 489 94 495 75 505 90 
210 -0.111992667965304 0.20557081992480108 0.6918310373856027 0 0 0 0.52 31 52 82 12 385 38 495 76 
211 -0.04957178440483182 0.09915958020325501 0.8671555514206185 0 0 0 0.51 31 53 233 36 459 33 
212 -0.19329869262224816 0.10875946335642338 0.703350426222302 0 0 0 0.14 27 51 453 34 495 77 
213 -0.3439335644353822 0.02412130047421581 0.8438731766633358 0 0 0 0.12 290 21 453 35 495 78 
214 -0.2069677439691134 -0.27457767876942885 0.9524102792484169 0 0 0 2.11 27 52 139 25 233 37 
215 -0.1380967301719136 -0.09240338469570673 0.8607622414484257 0 0 0 0.51 27 53 88 45 156 99 332 82 489 95 
216 0.04768259527844541 0.18335942938865749 0.9920660599261982 0 0 0 0.43 28 7 88 46 385 39 453 36 458 32 505 91 
217 -0.11937035211785499 0.13945345864682843 0.7160960095442237 0 0 0 0.39 156 100 157 38 459 34 489 96 505 92 
218 0.08984007912072743 0.3130844478478035 1.0400397129659316 0 0 0 0.23 156 101 459 35 489 97 505 93 
219 -0.15256242977169412 0.11466293937833061 0.6736822933015958 0 0 0 0.82 27 54 233 38 395 23 
220 0.12705098346820823 0.3088021380014746 1.1194920280273934 0 0 0 0.47 28 8 157 39 332 83 505 94 
221 0.09034252538525644 0.3278402700259452 1.0319716198388789 0 0 0 0.31 31 54 101 29 156 102 332 84 489 98 
222 0.12518576861848885 0.34514499283554206 1.09974562939032 0 0 0 0.49 88 47 453 37 458 33 
223 0.18508030609188034 0.38096658873121025 1.1865000426697592 0 0 0 0.29 101 30 156 103 157 40 332 85 459 36 489 99 
224 -0.05727545784384592 0.05920566207400542 1.0236806875716844 0 0 0 2.01 172 4 292 15 
225 0.21323095328148403 0.3887743665076614 1.2206011612837755 0 0 0 0.7 156 104 332 86 459 37 489 100 
226 -0.29861116702771723 -0.08249083818670042 0.8842726453896788 0 0 0 0.75 88 48 156 105 233 39 332 87 
227 -0.1274086629606194 0.010584221066206665 0.7879806772385325 0 0 0 0.58 27 55 31 55 156 106 167 6 180 64 206 10 233 40 292 16 332 88 459 38 489 101 505 95 
228 0.11466829628879524 0.31434512184477936 1.0844204635481476 0 0 0 0.18 156 107 157 41 332 89 453 38 458 34 459 39 489 102 505 96 
229 0.1229699472063157 0.3357211941478857 1.101021999474134 0 0 0 0.48 88 49 156 108 332 90 453 39 470 18 489 103 505 97 
230 -0.040126814999016824 0.06750144005073301 0.9848250790531607 0 0 0 1.04 88 50 332 91 385 40 453 40 
231 -0.14210205349847999 0.05309707450650317 0.7338576032836148 0 0 0 0.3 156 109 157 42 459 40 489 104 505 98 
232 -0.20564988894344174 -0.2730028617576407 0.9570122890417444 0 0 0 1.09 27 56 88 51 139 26 385 41 458 35 
233 -0.13947171114974188 -0.25393593410899573 0.9803112934403768 0 0 0 0.69 156 110 332 92 470 19 
234 -0.24710856590270208 -0.20327655195911742 0.954323946141189 0 0 0 0.73 27 57 88 52 156 111 
235 -0.16036037104831624 -0.18945633311433774 0.9008000797040481 0 0 0 0.36 27 58 88 53 156 112 459 41 
236 -0.16128990868732973 -0.16743944199884112 0.8794527771085378 0 0 0 0.85 279 32 395 24 470 20 
237 -0.15732507329453424 -0.1666413548609754 0.8833050944098981 0 0 0 0.23 27 59 156 113 489 105 
238 -0.12288726150811803 -0.18123305123042652 0.9692356406927668 0 0 0 0.51 101 31 332 93 470 21 505 99 
239 -0.2658708918309613 -0.16913922986994376 0.9502247337312882 0 0 0 0.57 88 54 156 114 332 94 
240 -0.2652374424116508 -0.16422302437099104 0.9412228122666461 0 0 0 0.43 27 60 385 42 458 36 495 79 
241 -0.26259041207139505 -0.16161922852431315 0.9301790901035717 0 0 0 0.42 156 115 332 95 385 43 453 41 458 37 
242 -0.2603611889271731 -0.13629100053427431 0.9083456616898002 0 0 0 0.38 27 61 31 56 88 55 458 38 495 80 
243 -0.24968773291426918 -0.13786238861501743 0.9013648287887496 0 0 0 0.34 88 56 290 22 458 39 
244 -0.23367310923090906 -0.1367328680650986 0.8878953148061606 0 0 0 0.64 27 62 31 57 453 42 495 81 
245 -0.16056855450960006 -0.14646012024108118 0.8633176552054199 0 0 0 0.12 88 57 156 116 332 96 489 106 
246 -0.15552013739508627 -0.12461590524786553 0.8693352352238207 0 0 0 0.34 31 58 156 117 292 17 489 107 
247 -0.12494733098976607 -0.16855642667899556 0.962435928718163 0 0 0 0.63 279 33 290 23 395 25 
248 -0.2826709870316936 -0.13082298946255624 0.9286319226919708 0 0 0 0.58 156 118 458 40 495 82 
249 -0.2565160653035591 -0.11630994860775588 0.8937085862452356 0 0 0 0.5 27 63 458 41 495 83 
250 -0.20627726714736178 -0.10015888699326858 0.8484856231662454 0 0 0 0.31 27 64 88 58 458 42 495 84 
251 -0.14196992561458038 -0.11890015383386066 0.8698637836270129 0 0 0 0.29 88 59 156 119 332 97 459 42 
252 -0.13829888417597627 -0.1136898965639737 0.8717915117590815 0 0 0 0.13 27 65 88 60 156 120 495 85 
253 -0.1304939192061245 -0.11237616699076886 0.8892816878536153 0 0 0 0.14 27 66 156 121 489 108 505 100 
254 -0.13755969789071432 -0.10418010793229178 0.8647084841375674 0 0 0 0.51 27 67 88 61 410 25 495 86 
255 -0.1159772415526708 -0.12973544332194287 0.9427095798457001 0 0 0 0.37 27 68 31 59 88 62 156 122 495 87 
256 -0.3035510874449983 -0.0773108866897846 0.8908946800619568 0 0 0 1.17 139 27 156 123 458 43 
257 -0.3100994376366747 -0.06701533829359811 0.8968001396916888 0 0 0 0.47 88 63 156 124 290 24 458 44 495 88 
258 -0.18640892491362204 -0.07898036799847412 0.808659564625096 0 0 0 0.26 27 69 88 64 495 89 
259 -0.1331397632212749 -0.07325222863715077 0.846122336304826 0 0 0 0.46 27 70 31 60 88 65 156 125 180 65 270 9 292 18 489 109 505 101 
260 -0.12895748284151584 -0.07501341586282384 0.8613466618367174 0 0 0 1.42 27 71 88 66 495 90 
261 -0.14368393159055687 -0.05352689162426627 0.8119247172745394 0 0 0 0.26 27 72 88 67 290 25 
262 -0.09944456950429714 -0.10709865513225962 1.0057393953553484 0 0 0 1.01 27 73 54 18 410 26 
263 -0.09776279353562424 -0.07494581849971947 0.9257133942289484 0 0 0 0.31 27 74 88 68 156 126 157 43 332 98 
264 -0.27019310422480397 -0.022707938533087283 0.8207347324509147 0 0 0 0.18 156 127 180 66 290 26 495 91 
265 -0.23945489311570176 -0.020514764924705064 0.7988592284448711 0 0 0 0.3 27 75 31 61 395 26 
266 -0.21265095018850075 -0.03958884873724686 0.8021166020869349 0 0 0 0.36 27 76 290 27 395 27 
267 -0.20748881796333468 -0.04195502501143964 0.8036021144386769 0 0 0 0.22 27 77 31 62 495 92 
268 -0.15607256016321275 -0.03696269990421986 0.7757740570484166 0 0 0 0.58 27 78 54 19 167 7 
269 -0.16115153854730865 -0.02565015528404622 0.7601850762815132 0 0 0 0.33 27 79 139 28 156 128 
270 -0.13096989143581134 -0.046757312632221514 0.8210841996001884 0 0 0 0.3 27 80 101 32 495 93 
271 -0.12876221286532963 -0.03913010416423219 0.8197595817790796 0 0 0 0.19 27 81 233 41 505 102 
272 -0.0813142570766304 -0.04288640997554564 0.9303284143533261 0 0 0 0.8 27 82 292 19 395 28 
273 -0.0782954182372677 -0.028362551145982955 0.886488483030017 0 0 0 0.96 27 83 167 8 495 94 
274 -0.2156573558203599 -0.013366117368425452 0.7874965837672437 0 0 0 0.19 27 84 180 67 290 28 395 29 495 95 
275 -0.20009302586568295 0.0019760554380849767 0.7647347705041012 0 0 0 0.15 27 85 495 96 505 103 
276 -0.14867866949058572 -0.012571889562044839 0.7749999112052237 0 0 0 0.52 27 86 54 20 167 9 206 11 233 42 
277 -0.12431712969222625 -0.008491775023628969 0.8053231274285798 0 0 0 0.21 27 87 167 10 495 97 
278 -0.10340020658164646 -0.013304325385572024 0.8400903121936565 0 0 0 0.57 27 88 88 69 156 129 279 34 332 99 489 110 495 98 
279 -0.08802230877058281 0.03385432139260997 0.8108296721631137 0 0 0 0.61 27 89 88 70 167 11 332 100 470 22 495 99 
280 -0.08550348314843047 0.03775263075969474 0.8031364865209936 0 0 0 0.65 27 90 206 12 495 100 
281 -0.25639463332950707 0.05461584553790863 0.7532149052132001 0 0 0 0.26 27 91 31 63 290 29 495 101 
282 -0.16278616379934807 0.08283325204377144 0.6878331070473289 0 0 0 0.37 27 92 88 71 139 29 156 130 279 35 332 101 395 30 495 102 
283 -0.14534599236223195 0.08399273495111245 0.7030170771570059 0 0 0 0.37 27 93 233 43 495 103 
284 -0.11258722986204134 0.07037555432749318 0.7687354965605702 0 0 0 0.38 27 94 88 72 495 104 
285 -0.18169319042554422 0.09181556910756077 0.6971556213342107 0 0 0 0.33 27 95 156 131 332 102 453 43 495 105 
286 -0.18066427012066086 0.09487792164523819 0.7000437347311215 0 0 0 0.53 27 96 54 21 88 73 290 30 458 45 
287 -0.18671192620795057 0.11045296844226335 0.7052318234777422 0 0 0 0.88 27 97 54 22 88 74 
288 -0.15627368758845459 0.1077416084772598 0.6773062006294097 0 0 0 0.28 27 98 156 132 233 44 332 103 489 111 505 104 
289 -0.12217631756494562 0.09760456567815275 0.7394633947923119 0 0 0 0.12 27 99 233 45 332 104 
290 -0.11667862604002542 0.09585752486567468 0.7454391267521291 0 0 0 0.27 27 100 139 30 156 133 332 105 395 31 410 27 495 106 
291 -0.11672898860730592 0.09590389514083505 0.7453380834909233 0 0 0 0.14 27 101 139 31 395 32 
292 -0.09164688646870658 0.09912729793275149 0.7713150413968006 0 0 0 1.29 27 102 54 23 495 107 
293 -0.10377200845944982 0.12068002849749704 0.755687415504355 0 0 0 0.43 27 103 88 75 290 31 458 46 
294 -0.06972380298309888 0.12354763042007057 0.8191810630943681 0 0 0 0.19 54 24 206 13 290 32 
295 -0.14277056335108074 0.11373026644474304 0.6976474944479419 0 0 0 0.41 27 104 82 13 279 36 332 106 
296 -0.10377671972365261 0.12482765035166377 0.7531806569419359 0 0 0 0.41 27 105 54 25 88 76 395 33 458 47 495 108 
297 -0.0842848520355785 0.15828136521219915 0.8099810115147699 0 0 0 0.66 27 106 332 107 470 23 
298 -0.08553844114948697 0.1568594042066561 0.7686600263915094 0 0 0 0.75 27 107 31 64 54 26 233 46 279 37 
299 -0.17169191039072565 0.07441659322778876 0.3295238350245582 0 0 0 0.75 172 5 279 38 332 108 458 48 
300 -0.14003553024810414 0.1242743404863855 0.4225159703398163 0 0 0 0.12 27 108 88 77 458 49 
301 -0.23928656604486853 -0.17943080335230244 0.9258383252400193 0 0 0 0.69 28 9 332 109 470 24 
302 -0.1676990996775392 -0.16201707353265662 0.8697099381233808 0 0 0 0.42 27 109 88 78 156 134 
303 -0.2397264466685635 -0.1419307151390852 0.9020659837222994 0 0 0 0.49 27 110 31 65 495 109 
304 -0.15821132947592373 -0.12754885554203765 0.8454970080882019 0 0 0 0.3 27 111 156 135 489 112 
305 -0.16100174759331773 -0.13078913721907318 0.8650769198045585 0 0 0 0.8 27 112 270 10 495 110 
306 -0.147894787184435 -0.12735972776014848 0.8598767448347419 0 0 0 0.37 27 113 156 136 505 105 
307 -0.15038774850411035 -0.12422780012095186 0.8620839984367495 0 0 0 0.26 88 79 156 137 157 44 332 110 489 113 505 106 
308 -0.2688900349505087 -0.1187738976267145 0.902978084347533 0 0 0 0.38 27 114 458 50 495 111 
309 -0.1600587163834583 -0.09138334207292005 0.8129297257335311 0 0 0 0.38 27 115 88 80 156 138 495 112 
310 -0.14253497079550406 -0.09924396484464892 0.8494005342517618 0 0 0 0.25 27 116 88 81 495 113 
311 -0.13909861887752142 -0.10026602162021618 0.8595824072433206 0 0 0 0.25 27 117 156 139 458 51 489 114 495 114 
312 -0.1348856377059433 -0.09087545270853696 0.862489592629746 0 0 0 0.35 27 118 88 82 156 140 410 28 489 115 495 115 505 107 
313 -0.1294906115645463 -0.09440995855088237 0.866712647502277 0 0 0 0.23 27 119 88 83 495 116 
314 -0.157451030488485 -0.05664890764561603 0.7853687412405427 0 0 0 0.29 88 84 156 141 459 43 489 116 505 108 
315 -0.14626722686808918 -0.052478243923765475 0.8014197028676723 0 0 0 1.17 27 120 233 47 270 11 489 117 495 117 
316 -0.13793170428134158 -0.08265757336717454 0.8417666565497164 0 0 0 0.26 27 121 156 142 332 111 489 118 505 109 
317 -0.11356207836905946 -0.08193118536336523 0.8850397588862409 0 0 0 0.79 27 122 88 85 180 68 495 118 
318 -0.10517945105353141 -0.0802094162780977 0.9138227687491317 0 0 0 0.57 27 123 31 66 156 143 505 110 
319 -0.19626043808777366 -0.02052441351762988 0.7776712125970494 0 0 0 0.61 27 124 88 86 139 32 180 69 332 112 495 119 
320 -0.16066526679708354 -0.03588823319564535 0.7684862810718134 0 0 0 0.4 27 125 156 144 233 48 332 113 489 119 
321 -0.13009795181084718 -0.024517245146083874 0.8169534385473426 0 0 0 0.65 27 126 156 145 157 45 233 49 292 20 459 44 489 120 495 120 505 111 
322 -0.1974701087089157 -0.006439471380808969 0.7859307215290257 0 0 0 0.44 180 70 290 33 332 114 
323 -0.10426578007475047 -0.009728237321864484 0.8297398820488029 0 0 0 0.27 27 127 88 87 156 146 167 12 233 50 489 121 495 121 
324 -0.08340612305546358 -0.023942953810531985 0.8932963937487189 0 0 0 0.85 27 128 156 147 489 122 495 122 
325 -0.28013045024011607 0.01521857052541222 0.7930789047511642 0 0 0 0.22 27 129 332 115 495 123 
326 -0.2292987102372949 0.023205419371561693 0.7688443993836467 0 0 0 0.24 88 88 290 34 495 124 
327 -0.17244644798988 0.015350716644775785 0.7305057472165593 0 0 0 0.54 27 130 332 116 495 125 
328 -0.16802544102619174 0.017103522592942164 0.7371130495374183 0 0 0 0.65 167 13 290 35 495 126 
329 -0.12825690817574814 0.03256636892710781 0.6320539727869938 0 0 0 1.21 180 71 459 45 489 123 505 112 
330 -0.08569736364401305 0.026635362716162406 0.8163552592519537 0 0 0 0.58 27 131 156 148 167 14 
331 -0.18801550249302587 0.02800506118272288 0.34395452236800095 0 0 0 0.63 27 132 156 149 505 113 
332 -0.21703401070679162 0.05371501086325679 0.7419263270010105 0 0 0 0.27 27 133 139 33 332 117 458 52 495 127 
333 -0.2112259150868248 0.09470082534224777 0.6735703819636883 0 0 0 1.79 233 51 495 128 
334 -0.18732116914527716 0.09575498638166041 0.7044890424556177 0 0 0 0.32 27 134 88 89 156 150 157 46 332 118 453 44 458 53 489 124 505 114 
335 -0.17086096810341211 0.1050624858899351 0.6873343282589649 0 0 0 0.38 27 135 156 151 157 47 332 119 453 45 495 129 
336 -0.16322779279048366 0.1049878596227829 0.6822183187281341 0 0 0 0.54 27 136 332 120 458 54 495 130 
337 -0.1082794882896592 0.10608240109710941 0.7585872742559908 0 0 0 0.42 27 137 54 27 139 34 156 152 233 52 332 121 453 46 458 55 
338 -0.10123833599442189 0.11987906776567468 0.7607772140289131 0 0 0 0.79 27 138 31 67 54 28 139 35 233 53 279 39 453 47 458 56 
339 -0.07414849886693615 0.11315000431088808 0.8029721752916836 0 0 0 1.0 27 139 54 29 395 34 
340 -0.05663839997770253 0.127145253910583 0.8392551995988963 0 0 0 0.45 27 140 54 30 156 153 233 54 332 122 
341 -0.013351521885932915 0.12004763928781934 0.9661885414988944 0 0 0 0.33 27 141 54 31 489 125 505 115 
342 -0.1601072922474312 0.05895770654347387 0.358641609348169 0 0 0 0.37 27 142 156 154 279 40 
343 -0.1834432768829691 0.11340365939648785 0.6914230044372903 0 0 0 0.25 27 143 395 35 495 131 
344 -0.16845547501561015 0.07477579639113002 0.3371821660249096 0 0 0 1.04 27 144 279 41 332 123 
345 0.057889059688065465 0.3217199959516152 1.0841740734062535 0 0 0 1.69 27 145 54 32 410 29 
346 -0.18749909862479894 0.07823395363611964 0.30702095987392347 0 0 0 0.57 290 36 332 124 489 126 
347 -0.11823106534194397 0.1091639712540307 0.37818179661251927 0 0 0 0.66 28 10 290 37 332 125 
348 0.13473816543188008 0.35437760518857536 1.111656755601086 0 0 0 1.0 385 44 470 25 489 127 
349 -0.1199462593051066 -0.16556088397664132 0.9678274743228711 0 0 0 0.56 27 146 88 90 495 132 
350 -0.13810214872875387 -0.0880986585410237 0.7899249725996734 0 0 0 1.56 156 155 332 126 458 57 
351 -0.1447275844169033 -0.09490761701204342 0.8322905901248079 0 0 0 0.26 27 147 156 156 332 127 
352 -0.159090187599463 -0.0728094114134186 0.79920702882539 0 0 0 0.3 27 148 88 91 495 133 
353 -0.1484096096088165 -0.04932737619501183 0.7930384835616222 0 0 0 0.96 156 157 270 12 489 128 505 116 
354 -0.1424975507529276 -0.04852965127435595 0.8150090661414652 0 0 0 0.42 27 149 156 158 292 21 489 129 
355 -0.13179140622767618 -0.043146406647720015 0.8256074142437164 0 0 0 0.46 27 150 82 14 88 92 156 159 292 22 489 130 495 134 
356 -0.08424955491514496 -0.038693591156401946 0.914964505815925 0 0 0 0.68 27 151 54 33 139 36 
357 -0.20884902495335694 -0.013501448003355811 0.7826417960749812 0 0 0 0.36 27 152 31 68 495 135 
358 -0.20876754567013975 -0.013303572890114856 0.7819281758421274 0 0 0 0.21 27 153 332 128 495 136 
359 -0.1392857037121621 -0.00021069098149582784 0.7899844073071072 0 0 0 0.78 27 154 167 15 459 46 
360 -0.12627616151389093 0.006112750172342617 0.7926937002015348 0 0 0 0.24 27 155 167 16 206 14 
361 -0.16800090565957781 0.011914580266336213 0.7389579650127408 0 0 0 0.68 167 17 290 38 495 137 
362 -0.06701792484490757 0.009749020351338641 0.8717744539707869 0 0 0 1.05 27 156 167 18 495 138 
363 -0.12534690906113602 0.05498383179150528 0.7492307590495465 0 0 0 0.3 206 15 233 55 470 26 
364 -0.06404253098008451 0.04458707890932482 0.8956229298708417 0 0 0 0.8 27 157 157 48 180 72 332 129 470 27 489 131 505 117 
365 -0.14523770089918692 0.08957090299165918 0.7021640552285163 0 0 0 0.63 27 158 31 69 157 49 279 42 453 48 
366 -0.12826233573867585 0.10672568938480466 0.7262644487258033 0 0 0 0.36 27 159 233 56 279 43 453 49 489 132 
367 0.22972824083143203 0.34735398378926635 1.2448237994348466 0 0 0 0.45 156 160 332 130 459 47 505 118 
368 -0.09500627563375542 0.1433518957425727 0.7690061734848513 0 0 0 0.61 27 160 54 34 233 57 385 45 489 133 
369 -0.15060508788993798 0.07374493483329939 0.3600495564888638 0 0 0 1.68 27 161 156 161 157 50 
370 -0.1735064340897785 0.07257119114721416 0.3314544308826404 0 0 0 0.89 27 162 279 44 332 131 
371 -0.15467259177928466 0.09934617641371347 0.3646814444320081 0 0 0 0.31 156 162 332 132 505 119 
372 -0.18455845052165884 0.08478145333040336 0.30881420343614113 0 0 0 0.26 290 39 332 133 489 134 
373 0.09203158149826958 0.3322748756082501 1.0449380303590166 0 0 0 0.33 31 70 156 163 332 134 505 120 
374 -0.1730652657805288 0.09453777217921167 0.31088658493114085 0 0 0 0.75 290 40 332 135 489 135 
375 -0.15795888190680654 -0.05089441727361539 0.7817258910371973 0 0 0 0.38 27 163 233 58 495 139 
376 -0.13906499039718706 -0.057498078095596525 0.8257403117262854 0 0 0 0.58 27 164 88 93 233 59 495 140 
377 -0.17304376301087637 0.008665714489722835 0.7471739458122406 0 0 0 0.08 27 165 332 136 495 141 
378 -0.11573489999415157 -0.019079990102428553 0.820428013761007 0 0 0 0.2 27 166 88 94 167 19 495 142 
379 -0.11746225746857514 -0.00752692587654524 0.8044323962682354 0 0 0 1.17 27 167 101 33 167 20 332 137 489 136 
380 -0.2289213323370212 0.05848415182642616 0.746476897477514 0 0 0 0.5 27 168 332 138 453 50 495 143 
381 -0.146405222738091 0.04253520503392491 0.7111287835571742 0 0 0 0.87 27 169 156 164 385 46 395 36 489 137 495 144 505 121 
382 -0.1434253225438405 0.07096862248874355 0.7020004583823787 0 0 0 0.4 27 170 233 60 279 45 395 37 
383 -0.0944338293925618 0.0840490692904172 0.7907159995345832 0 0 0 0.94 27 171 31 71 233 61 270 13 410 30 
384 -0.15584842177303215 0.10392228063517712 0.6781605284884198 0 0 0 0.18 27 172 156 165 332 139 495 145 
385 -0.1512929547566299 0.10777369480344198 0.6885980076985021 0 0 0 0.15 27 173 156 166 157 51 332 140 489 138 495 146 505 122 
386 -0.18880342941736272 0.11579238823523451 0.7007416205947717 0 0 0 0.78 27 174 54 35 290 41 458 58 
387 -0.17929150889760537 0.11300271449879536 0.6875907635541314 0 0 0 0.29 27 175 332 141 495 147 
388 -0.14941838191768445 0.11403696101216432 0.688986860374148 0 0 0 0.64 27 176 54 36 233 62 395 38 
389 -0.08529951699817674 0.1854937875352105 0.7055204686880309 0 0 0 0.52 156 167 157 52 279 46 332 142 489 139 505 123 
390 -0.21681920398640922 0.08425091547747679 0.3250410011995091 0 0 0 0.89 27 177 332 143 458 59 
391 -0.19244638257177948 0.08043871387081979 0.3105153202106349 0 0 0 0.35 290 42 332 144 489 140 
392 -0.1407595173894651 0.11871684501200969 0.42554557454953773 0 0 0 0.45 27 178 88 95 458 60 
393 -0.16241387217913994 -0.2356995573904261 0.9587500841795775 0 0 0 0.68 156 168 332 145 470 28 
394 -0.17193238858490417 -0.19333626128801384 0.885542774506096 0 0 0 0.89 88 96 156 169 332 146 
395 -0.1669522291662533 -0.05935045799831723 0.7854091613349495 0 0 0 1.22 54 37 167 21 206 16 
396 -0.15215311769075276 -0.029642266041861477 0.7785242306919992 0 0 0 0.29 27 179 88 97 290 43 
397 -0.19856377300472153 0.004823460423825037 0.722693532250725 0 0 0 0.99 27 180 88 98 167 22 
398 -0.20575351961482924 0.0037083728955102247 0.767535388453691 0 0 0 0.35 27 181 332 147 495 148 
399 -0.12418288760547522 -0.015601924105023781 0.8158358746266943 0 0 0 0.38 27 182 82 15 88 99 156 170 233 63 332 148 489 141 495 149 505 124 
400 -0.12892126418271235 -0.011397661858055824 0.8011072218045753 0 0 0 1.24 27 183 31 72 82 16 88 100 139 37 156 171 157 53 180 73 206 17 292 23 332 149 410 31 459 48 489 142 495 150 505 125 
401 -0.13437506688624218 -0.003456101894582724 0.7919347564195746 0 0 0 0.28 167 23 290 44 332 150 
402 -0.11319710015886854 -0.010946208224503871 0.8259135136468801 0 0 0 0.82 27 184 88 101 156 172 157 54 180 74 233 64 292 24 332 151 410 32 459 49 489 143 495 151 505 126 
403 -0.07899725600541044 0.06480094486857528 0.8138411793230823 0 0 0 0.51 27 185 233 65 385 47 489 144 
404 -0.14139061659906463 0.07660617479291128 0.6966976922215555 0 0 0 0.52 27 186 54 38 290 45 
405 -0.1166730273663721 0.091748821498019 0.7256657469195984 0 0 0 1.03 54 39 270 14 395 39 
406 -0.08579499824134648 0.1457528720327971 0.7747122215294954 0 0 0 0.96 27 187 156 173 233 66 489 145 
407 -0.10252383876532117 0.07881342433365643 0.35252929810765476 0 0 0 1.67 27 188 470 29 495 152 
408 0.08557904721535198 0.2962671184529297 1.037938848706008 0 0 0 0.52 31 73 88 102 156 174 385 48 458 61 470 30 489 146 505 127 
409 -0.2810212957663538 -0.11113784053544326 0.9055908306261938 0 0 0 0.8 27 189 88 103 458 62 495 153 
410 -0.16406027542212254 -0.0038068402355445896 0.7451706211199375 0 0 0 0.18 27 190 167 24 290 46 
411 -0.15134038745041695 0.0008447391134209784 0.7638269715140802 0 0 0 0.75 27 191 156 175 233 67 489 147 495 154 505 128 
412 -0.11550037244395021 0.02490849429456687 0.7900443785099319 0 0 0 0.68 27 192 156 176 157 55 489 148 495 155 505 129 
413 -0.13686894269542535 0.07458440292772703 0.7200085103163644 0 0 0 0.71 27 193 233 68 395 40 
414 -0.18620951900318453 0.031101956220307543 0.3495039689976286 0 0 0 0.99 27 194 156 177 290 47 489 149 
415 -0.13451801764469584 0.08607654024049202 0.7251166650889505 0 0 0 0.61 27 195 156 178 180 75 233 69 332 152 505 130 
416 -0.16815494521142343 -0.017789160053159267 0.737915545379392 0 0 0 1.34 27 196 88 104 332 153 
417 -0.14837823301810957 0.021452783713758784 0.7601254019856212 0 0 0 1.01 27 197 167 25 290 48 
418 -0.06278969870875137 0.09990554036940331 0.8346209475941141 0 0 0 0.87 54 40 206 18 290 49 
419 -0.10901419249869601 0.1003636747565586 0.7563859218048004 0 0 0 0.8 27 198 156 179 180 76 410 33 459 50 489 150 505 131 
420 -0.15864229328589707 0.07268069585333843 0.6797584372485559 0 0 0 0.54 27 199 156 180 505 132 
421 -0.18295822633506595 0.05966380753792258 0.3321568932131518 0 0 0 1.15 27 200 156 181 489 151 
422 -0.14243384107741616 -0.15531541724612366 0.8933433880145503 0 0 0 0.33 28 11 157 56 332 154 
423 -0.25952806516145266 -0.17693338374986545 0.9401483678277098 0 0 0 0.29 180 77 385 49 458 63 
424 -0.15144299551695398 -0.09303368158177498 0.8284773282628471 0 0 0 0.23 28 12 156 182 332 155 470 31 489 152 
425 0.6442192616721626 0.63382341080783 2.25655546470455 0 0 0 0.19 88 105 156 183 453 51 505 133 
426 -0.14619223140418167 -0.23626315353717672 0.95793561777905 0 0 0 0.7 88 106 332 156 385 50 453 52 458 64 
427 -0.14659711317238147 -0.23237278251992247 0.9520560253025024 0 0 0 0.55 88 107 156 184 332 157 385 51 459 51 489 153 
428 -0.14660419262299695 -0.022222344193324528 0.7788207453370167 0 0 0 0.64 88 108 156 185 495 156 
429 -0.11342420067491325 0.01476539362970255 0.8081204056168565 0 0 0 0.71 88 109 156 186 167 26 180 78 279 47 332 158 458 65 
430 -0.23593225004976234 0.018685574085190497 0.7754759229673538 0 0 0 0.32 290 50 395 41 495 157 
431 -0.34018503684890916 0.018743823187973616 0.8441535923473136 0 0 0 1.25 180 79 290 51 395 42 495 158 
432 -0.3413941806744377 0.01871101304453774 0.8453163732889707 0 0 0 0.33 290 52 395 43 495 159 
433 -0.14055527979929563 0.03635606478426649 0.7457831954109949 0 0 0 0.27 31 74 156 187 332 159 385 52 395 44 489 154 495 160 505 134 
434 0.23337210445327136 0.3534843030622878 1.2465821909454073 0 0 0 0.55 332 160 459 52 505 135 
435 -0.27406091712699904 0.05458497134862012 0.7638029443994001 0 0 0 0.52 139 38 156 188 332 161 453 53 505 136 
436 -0.06885818031149481 0.1328933213710539 0.813594933259899 0 0 0 0.71 88 110 332 162 470 32 495 161 
437 -0.13946239330978902 0.12144061596573728 0.6918487821552078 0 0 0 0.15 31 75 54 41 180 80 
438 -0.13465408343598184 0.18414398736662246 0.6974922436390162 0 0 0 0.63 233 70 332 163 459 53 495 162 505 137 
439 0.15459644089307634 0.36205238754743935 1.139890078507486 0 0 0 0.34 28 13 156 189 453 54 
440 0.17568005200197082 0.37341042012506065 1.1662057875941074 0 0 0 0.73 156 190 157 57 332 164 
441 -0.1321428236269155 -0.1174088559822999 0.8885975771006901 0 0 0 0.28 156 191 157 58 270 15 489 155 505 138 
442 -0.23334541659570163 0.02069251957137634 0.7735650166647188 0 0 0 0.3 88 111 290 53 495 163 
443 -0.36894055147044036 0.0734992324848719 0.8178767821732182 0 0 0 1.01 101 34 233 71 453 55 505 139 
444 -0.20529972301476027 0.10699903243797045 0.7078783406609882 0 0 0 0.35 88 112 101 35 156 192 157 59 453 56 489 156 495 164 
445 -0.104178315642532 0.12981857704104804 0.7527318266581264 0 0 0 0.39 88 113 156 193 233 72 332 165 453 57 489 157 495 165 
446 -0.22583690922598848 0.11504338444318911 0.721225719625182 0 0 0 0.14 28 14 290 54 332 166 
447 0.11516263174542422 0.30044999411670564 1.0860099525774265 0 0 0 0.39 28 15 156 194 332 167 459 54 489 158 505 140 
448 0.10189139260360679 0.3034662592607961 1.0643009311892553 0 0 0 0.39 88 114 156 195 458 66 459 55 489 159 505 141 
449 0.19073010030654483 0.36307738229460434 1.2039503444572255 0 0 0 0.32 88 115 156 196 332 168 453 58 458 67 489 160 505 142 
450 -0.11803862701846883 0.1110126920150594 0.3771450096957959 0 0 0 0.78 28 16 290 55 332 169 
451 -0.17635754462233313 -0.09258504117780007 0.8150505166905874 0 0 0 0.32 88 116 139 39 156 197 505 143 
452 -0.19285953042005471 -0.03187370949388937 0.7845028322195259 0 0 0 0.26 332 170 458 68 495 166 
453 -0.2608898939621854 -0.025552745600418127 0.8102037213406762 0 0 0 0.26 31 76 156 198 495 167 
454 0.16740697950390485 0.34485101234318793 1.3354195308154568 0 0 0 0.57 28 17 332 171 385 53 453 59 505 144 
455 0.1791049139041655 0.35338473881275856 1.1410513429920948 0 0 0 0.52 28 18 332 172 505 145 
456 -0.22169019706952345 -0.21797963581744512 0.9366908033209763 0 0 0 1.09 139 40 290 56 395 45 
457 -0.3254165959428262 -0.02048058038133318 0.8621168650891614 0 0 0 0.21 290 57 395 46 495 168 
458 -0.2055663822327198 0.012302707345842061 0.7584717335836607 0 0 0 0.31 156 199 332 173 495 169 
459 -0.07060518726609312 0.05109883544721951 0.8606249760037563 0 0 0 0.68 28 19 88 117 453 60 495 170 
460 -0.31139319925621645 0.07527852146363359 0.7884166081820715 0 0 0 0.22 290 58 395 47 495 171 
461 -0.21333894782194515 0.09791221564807545 0.7158795724303328 0 0 0 0.41 31 77 139 41 290 59 
462 0.41522139491218685 0.5470005707880373 1.7320462276056414 0 0 0 0.34 156 200 332 174 453 61 470 33 505 146 
463 -0.2569593314129075 -0.1751520664629418 1.4713975123421972 0 0 0 0.43 459 56 489 161 
464 -0.13960547433174253 0.009877305159509535 0.7573874065361526 0 0 0 0.51 88 118 156 201 206 19 332 175 495 172 
465 -0.2754549556337709 0.061782686707604145 0.7609149971001827 0 0 0 0.43 31 78 180 81 395 48 495 173 
466 0.19876870495350274 0.3068078907680404 1.2426088415478223 0 0 0 1.17 332 176 453 62 458 69 489 162 
467 0.16923341845554887 0.32810281046124684 1.2827050614524949 0 0 0 1.29 31 79 88 119 156 202 332 177 470 34 505 147 
468 0.0858084101225467 0.29659388099231226 1.0388282105507975 0 0 0 0.37 31 80 88 120 156 203 332 178 458 70 459 57 470 35 489 163 505 148 
469 0.44067472979017364 0.5487244688620275 1.8003619831678463 0 0 0 1.1 332 179 453 63 458 71 470 36 
470 -0.21816358407623712 0.10779518512754677 0.709417748659775 0 0 0 0.24 156 204 332 180 495 174 
471 -0.2202693256470078 -0.23510622027626418 0.9483570231096684 0 0 0 1.21 88 121 233 73 458 72 
472 -0.1304571802440052 -0.1887664216184789 0.9638420369844878 0 0 0 1.17 31 81 156 205 459 58 
473 -0.12527043742113886 -0.17364786680479755 0.9661146347576259 0 0 0 1.65 31 82 101 36 156 206 157 60 180 82 
474 -0.14795136579141316 -0.13764704182698198 0.8842616772654119 0 0 0 0.69 31 83 88 122 156 207 
475 -0.12862070404229317 -0.03355100389680514 0.8158005399036115 0 0 0 0.36 31 84 88 123 156 208 292 25 332 181 459 59 489 164 505 149 
476 -0.13187902150347747 0.09444885342898185 0.7413188096275926 0 0 0 0.42 31 85 139 42 156 209 332 182 
477 -0.15594574762270988 -0.1964329212796066 0.9292886778456815 0 0 0 0.15 31 86 156 210 332 183 489 165 
478 -0.12683589984296365 -0.10399624038233003 0.9048213330832388 0 0 0 0.89 31 87 88 124 156 211 292 26 459 60 489 166 505 150 
479 -0.14096931524869794 -0.06693729168535015 0.8370304327946199 0 0 0 1.54 54 42 167 27 206 20 
480 -0.09908600971464085 -0.05633075522060062 0.9006494961343486 0 0 0 0.25 156 212 180 83 459 61 489 167 495 175 505 151 
481 -0.13242918693255396 -0.012462318365891201 0.7977518884069942 0 0 0 0.36 31 88 82 17 156 213 233 74 505 152 
482 -0.12787938908357116 -0.0007532513793232336 0.8011111178088921 0 0 0 0.2 31 89 156 214 167 28 332 184 489 168 
483 -0.07681071899651637 0.004488118255646489 0.8994895625740602 0 0 0 0.34 31 90 156 215 233 75 279 48 332 185 489 169 
484 -0.05957597771238755 0.023195515256363368 0.9180865376149107 0 0 0 0.69 31 91 88 125 279 49 458 73 489 170 505 153 
485 -0.05917504482650531 0.022979898188519723 0.9218865898294847 0 0 0 0.53 31 92 279 50 458 74 
486 -0.07435303358888976 0.04755578828543154 0.8604209522522465 0 0 0 0.4 31 93 156 216 233 76 495 176 505 154 
487 -0.2901234996019111 -0.09721605182035997 0.8962451042690642 0 0 0 0.98 139 43 156 217 180 84 
488 -0.13485754182336077 0.0749738480810898 0.7189376978197028 0 0 0 0.73 31 94 156 218 279 51 395 49 
489 -0.10243360861201166 0.08796803823550639 0.763445994412932 0 0 0 0.29 31 95 156 219 410 34 470 37 
490 -0.22061757192208145 0.09550796004380666 0.7206967077274674 0 0 0 0.39 31 96 139 44 156 220 332 186 395 50 
491 -0.3205362858456047 0.11387498167160581 0.7736859315068798 0 0 0 0.19 290 60 489 171 495 177 505 155 
492 -0.08140865363608207 0.14761303794896521 0.7896418211810381 0 0 0 0.32 31 97 54 43 156 221 395 51 489 172 505 156 
493 -0.11724248901392209 0.2063833667419842 0.7062023975759332 0 0 0 0.3 31 98 101 37 385 54 453 64 489 173 505 157 
494 -0.09042378486346327 -0.07857673053660193 0.9423770341432363 0 0 0 0.3 31 99 332 187 495 178 505 158 
495 -0.09165796735697918 -0.08037701485157048 0.9566013290368842 0 0 0 0.15 31 100 279 52 505 159 
496 -0.09624719994103463 -0.04991386202626414 0.9052864799220549 0 0 0 0.25 31 101 156 222 332 188 495 179 
497 -0.08671502983984003 -0.0505946124151246 0.9205704365161301 0 0 0 0.35 31 102 156 223 332 189 459 62 489 174 
498 -0.08378129147482653 -0.007149131207031952 0.8763506544476938 0 0 0 0.29 31 103 156 224 495 180 505 160 
499 -0.0743455629069095 0.06498186671744366 0.8235720234705516 0 0 0 0.23 31 104 156 225 410 35 489 175 
500 -0.017589696954141115 0.13695863284586038 0.8769246979443494 0 0 0 0.33 31 105 156 226 332 190 489 176 505 161 
501 -0.14547534747148363 0.12470283974842714 0.6904126779454075 0 0 0 0.26 31 106 156 227 233 77 279 53 
502 -0.07515898924775044 0.14547252444337808 0.8007259202144249 0 0 0 0.1 395 52 489 177 495 181 
503 0.027551549709041258 0.2816967266397696 0.9448827610114964 0 0 0 0.19 31 107 156 228 489 178 505 162 
504 0.14263039672280528 0.35244534194920984 1.0686847538159137 0 0 0 0.45 31 108 157 61 332 191 
505 -0.14270459947050926 -0.09971148210197506 0.8512976763449108 0 0 0 0.33 31 109 88 126 156 229 180 85 292 27 489 179 505 163 
506 -0.13233286305237363 -0.03563415616098727 0.8204676101350713 0 0 0 0.57 31 110 82 18 156 230 233 78 292 28 495 182 505 164 
507 -0.13142692401039532 0.004201042107859808 0.793688232248656 0 0 0 0.24 31 111 167 29 505 165 
508 -0.14757417370154988 0.043112045716788214 0.7143415541816972 0 0 0 0.65 31 112 88 127 139 45 233 79 505 166 
509 -0.129644125176352 0.07531204813554583 0.7317956258942178 0 0 0 1.35 31 113 139 46 233 80 
510 -0.09002421330064651 0.15310922028873208 0.764557283047901 0 0 0 0.4 31 114 54 44 385 55 395 53 489 180 495 183 
511 -0.12713502676289146 0.005647506947703398 0.797140347853144 0 0 0 0.87 31 115 156 231 167 30 206 21 233 81 385 56 489 181 
512 -0.1422012382558514 0.03578460306175006 0.7345388611714732 0 0 0 0.34 31 116 156 232 180 86 332 192 385 57 489 182 505 167 
513 -0.30476169674272086 -0.07516511561390081 0.8894171469052479 0 0 0 0.48 139 47 156 233 458 75 
514 -18.070180103895993 9.321426843995376 28.069505079645435 0 0 0 1.04 172 6 290 61 292 29 
515 -0.1729097259437595 0.08966356209956572 0.32368278390898036 0 0 0 0.95 31 117 156 234 385 58 489 183 
516 -0.17215534471792202 0.09028651951022469 0.3253440920794075 0 0 0 0.12 31 118 156 235 489 184 
517 -0.1706958797402375 0.0904793562409291 0.32584145537633313 0 0 0 0.42 31 119 332 193 385 59 489 185 
518 -0.11344076875748692 -0.011185143432965007 0.8254155155897078 0 0 0 0.58 31 120 156 236 157 62 167 31 180 87 292 30 385 60 410 36 459 63 489 186 505 168 
519 -0.30908019796107555 0.10373807001981326 0.7660517622140127 0 0 0 0.44 156 237 290 62 332 194 495 184 
520 0.08579402302590759 0.3201467711962987 1.0348559261387726 0 0 0 0.38 101 38 459 64 470 38 489 187 
521 -0.13310115645671572 0.16388231091641248 0.704629322540756 0 0 0 0.44 31 121 139 48 279 54 332 195 459 65 505 169 
522 -0.1299312301895831 0.0020281749672214975 0.7941803035125335 0 0 0 0.43 31 122 167 32 233 82 459 66 
523 -0.13150183824012823 0.0020090006689380546 0.8016661167768753 0 0 0 0.63 31 123 167 33 395 54 
524 -0.09605265684353974 0.1603009020144377 0.746401594152364 0 0 0 0.72 31 124 54 45 156 238 279 55 489 188 
525 -0.1260979646256333 0.0997026081534354 0.7316582517599818 0 0 0 0.45 31 125 54 46 88 128 
526 -0.13766125901987522 -0.18050655340241056 0.931773208007089 0 0 0 0.24 156 239 332 196 470 39 
527 -0.16024907581824946 -0.0543834590452274 0.7814754459514185 0 0 0 0.27 88 129 156 240 332 197 489 189 495 185 
528 -0.12764047868832265 -0.059027466279298085 0.8394377776580102 0 0 0 0.64 156 241 459 67 495 186 
529 -0.15202128888848826 -0.02779738115925123 0.7800547441275585 0 0 0 0.53 82 19 156 242 332 198 395 55 
530 -0.15343912778356705 -0.003498342521164462 0.7573317528054697 0 0 0 0.28 156 243 180 88 233 83 489 190 
531 -0.13371081454450426 0.012291531332375627 0.7781846691774154 0 0 0 0.28 101 39 156 244 157 63 505 170 
532 -0.1313296379281289 0.019268077958122555 0.7761211031889291 0 0 0 0.34 156 245 167 34 395 56 
533 -0.0696715476336552 0.02258195581065998 0.8938445291351754 0 0 0 0.3 156 246 279 56 332 199 395 57 489 191 
534 -0.06630576653907619 0.03256721128802324 0.9033587792596778 0 0 0 0.05 156 247 233 84 489 192 
535 -0.2008035384836188 0.030310867177132755 0.738238072820254 0 0 0 0.13 156 248 489 193 505 171 
536 -0.1451684860938586 0.048146288181813705 0.7211842240026327 0 0 0 0.37 156 249 470 40 489 194 
537 -0.0716790837841848 0.08788361131048965 0.8438525210763834 0 0 0 0.54 54 47 290 63 453 65 
538 -0.32104496211365724 0.07681831088821828 0.7916905545180577 0 0 0 0.13 290 64 453 66 495 187 
539 -0.10185444623620438 0.1020740096883607 0.7630698116286551 0 0 0 0.4 233 85 332 200 470 41 
540 -0.08908302384932991 0.09130233809458017 0.7904403713722425 0 0 0 0.65 54 48 101 40 206 22 290 65 
541 -0.08885214184609184 0.0913010962854589 0.7894303318628535 0 0 0 0.46 101 41 156 250 157 64 180 89 206 23 332 201 505 172 
542 -0.06472749942763989 0.1145464582385933 0.8057113021686022 0 0 0 0.5 54 49 156 251 233 86 489 195 495 188 
543 -0.1618208521274918 0.05666794550506298 0.35926483381301716 0 0 0 0.8 156 252 172 7 410 37 505 173 
544 -0.10370941452280398 0.13321358001579836 0.7481928983257987 0 0 0 0.37 54 50 332 202 395 58 495 189 
545 -0.09871841700952255 0.1452857892425719 0.7452616853512959 0 0 0 0.27 54 51 156 253 233 87 
546 -0.11968823880638704 0.15498047057966763 0.7260416078386732 0 0 0 0.37 54 52 156 254 279 57 332 203 395 59 489 196 495 190 
547 -0.10807730647102033 0.17433375272506765 0.7143985004248391 0 0 0 0.3 54 53 156 255 489 197 
548 -0.06548407806989219 0.22366593046131092 0.802679732728139 0 0 0 0.63 54 54 88 130 233 88 495 191 
549 -0.054404520898543245 0.23201344208030153 0.8234897256619162 0 0 0 0.63 54 55 156 256 495 192 
550 -0.05769075991391509 0.22453689469627888 0.8180538020765468 0 0 0 0.45 156 257 233 89 459 68 489 198 
551 -0.15481391748947784 0.10168544022042271 0.3631444377514715 0 0 0 0.28 156 258 332 204 505 174 
552 0.09737579012349012 0.32870805226547467 1.0508072041506307 0 0 0 0.49 156 259 385 61 470 42 
553 -0.14823975433055972 -0.19632136572053935 0.9378233482304694 0 0 0 0.52 156 260 470 43 489 199 
554 -0.1421756563979233 -0.19659830241109108 0.945783247620116 0 0 0 0.41 156 261 332 205 470 44 
555 -0.14460411051424843 -0.18355847697307953 0.9240363696447383 0 0 0 1.0 290 66 332 206 489 200 
556 -0.15326725157347373 -0.14264000165273893 0.8788122088140102 0 0 0 0.25 156 262 332 207 470 45 505 175 
557 -0.1410386513610682 -0.14978737193038733 0.9045033784069461 0 0 0 0.32 156 263 157 65 332 208 489 201 
558 -0.11907887932305185 -0.1528011892736379 0.9599769727634351 0 0 0 0.74 156 264 157 66 332 209 489 202 505 176 
559 -0.14446145247713232 -0.12570246829915818 0.8787799840341572 0 0 0 0.83 156 265 279 58 495 193 
560 -0.14026728397373206 -0.12248022919859651 0.8795398382543812 0 0 0 0.32 88 131 156 266 157 67 332 210 489 203 
561 -0.15614470244868275 -0.09606675789122371 0.8186033961358958 0 0 0 0.19 156 267 157 68 489 204 505 177 
562 -0.12838703455326522 -0.10086423784907841 0.8908847251809717 0 0 0 0.49 156 268 410 38 489 205 495 194 
563 -0.13126909130876155 -0.08286701429302576 0.8617788403471245 0 0 0 0.43 156 269 470 46 489 206 
564 -0.1148036555984363 -0.10618662534351289 0.9196678825774984 0 0 0 0.53 279 59 332 211 395 60 
565 -0.11253640861371905 -0.08871203380610446 0.9027225653504234 0 0 0 0.56 180 90 292 31 489 207 495 195 505 178 
566 -0.1390894974817138 -0.06922118507787779 0.8302855860823515 0 0 0 0.34 156 270 157 69 180 91 332 212 489 208 
567 -0.1214939675720252 -0.05983521862016301 0.8635111160111073 0 0 0 0.78 88 132 156 271 157 70 489 209 505 179 
568 -0.11601933226038456 -0.05040506894187408 0.840656629869498 0 0 0 0.4 157 71 453 67 489 210 
569 -0.10920617636811238 -0.0751998454628358 0.8922040858150675 0 0 0 0.09 156 272 489 211 495 196 
570 -0.1106685656915324 -0.054786943013746016 0.8625998954028897 0 0 0 0.21 88 133 156 273 332 213 459 69 489 212 495 197 
571 -0.16232296064999566 -0.02864484755083683 0.7669639600644844 0 0 0 0.39 54 56 101 42 167 35 
572 -0.13459377565139238 -0.0335649975663413 0.8174433393994529 0 0 0 0.21 54 57 167 36 233 90 
573 -0.09977989222407273 -0.02537480222659344 0.8519561388469619 0 0 0 0.2 156 274 157 72 489 213 
574 -0.14318225908716375 -0.002782936960158105 0.719977894926036 0 0 0 0.88 156 275 395 61 489 214 
575 -0.13671992316388362 -0.006905730396970347 0.7925946478597516 0 0 0 0.1 156 276 233 91 489 215 
576 -0.13671992316388362 -0.006905730396970347 0.7925946478597516 0 0 0 0.1 156 277 233 92 489 216 
577 -0.22102022080764053 0.010897564401119476 0.7655188829631604 0 0 0 0.42 88 134 332 214 505 180 
578 -0.15119627555167942 0.010126087614518 0.7554905910818277 0 0 0 0.11 156 278 395 62 489 217 505 181 
579 -0.14910262063479443 0.011208918144997288 0.7595533563805928 0 0 0 0.24 88 135 157 73 489 218 505 182 
580 -0.12739241379048613 0.018311494861088243 0.7873598159027977 0 0 0 0.27 156 279 167 37 180 92 489 219 505 183 
581 -0.11911066633337573 0.02665418018682744 0.7877126192051407 0 0 0 0.31 156 280 167 38 332 215 395 63 505 184 
582 -0.06640437659220028 0.05992164321023155 0.8694653400344463 0 0 0 0.25 156 281 233 93 459 70 505 185 
583 -0.10450343209857038 0.0720482596742076 0.7764176650004012 0 0 0 0.39 54 58 206 24 290 67 
584 -0.10181830346597133 0.07096602843086271 0.7773350569343009 0 0 0 0.28 139 49 233 94 332 216 495 198 
585 -0.07306303672112024 0.07586213621797216 0.8231483621841916 0 0 0 0.12 156 282 233 95 332 217 489 220 
586 -0.035616516660181716 0.08392697027684319 0.9869679371184772 0 0 0 0.56 54 59 233 96 385 62 
587 -0.22118283851227785 0.08222598169090477 0.7239639366970754 0 0 0 0.28 139 50 395 64 470 47 
588 -0.20768644089911262 0.08230496675034978 0.7357423306671217 0 0 0 1.33 54 60 290 68 495 199 
589 -0.16804894283044058 0.09169365251686255 0.6820672820065304 0 0 0 1.3 54 61 172 8 206 25 395 65 
590 -0.13969644402606524 0.08283159097209827 0.7105151281441451 0 0 0 0.52 54 62 233 97 290 69 
591 -0.12871329255954728 0.08842515390287072 0.7310710177862386 0 0 0 0.7 156 283 206 26 233 98 279 60 470 48 
592 -0.0372805078671563 0.10878005856106632 0.8824975975213895 0 0 0 0.66 54 63 139 51 233 99 459 71 
593 -0.02052574262661891 0.12289314416134128 0.9846272127240316 0 0 0 0.19 54 64 459 72 489 221 505 186 
594 -0.16646460046523967 0.05495388146467534 0.3536205597814737 0 0 0 0.96 172 9 279 61 410 39 
595 -0.2399884999129486 0.11443012441785602 0.7195290520813789 0 0 0 0.28 180 93 233 100 395 66 495 200 
596 -0.20455674948153735 0.10302807379469374 0.707858883571869 0 0 0 0.23 156 284 332 218 453 68 458 76 489 222 495 201 505 187 
597 -0.09326032901865554 0.11441034494285532 0.7740033248999535 0 0 0 0.92 54 65 139 52 233 101 279 62 
598 -0.08139281488791827 0.11450307743086297 0.7965611657372417 0 0 0 0.21 54 66 233 102 279 63 332 219 
599 -0.04973807055728211 0.1233914839951197 0.8485997758331094 0 0 0 0.63 54 67 156 285 233 103 279 64 489 223 
600 -0.15397577416630165 0.11957759066495116 0.6700622755218916 0 0 0 0.39 156 286 279 65 395 67 489 224 505 188 
601 -0.0652752854069598 0.21851394587439388 0.8033499389310497 0 0 0 0.71 156 287 233 104 489 225 
602 0.06237082452689605 0.281480423127881 1.0044566791338234 0 0 0 0.32 156 288 459 73 470 49 505 189 
603 0.21685709325372277 0.3274470286052756 1.24054741056831 0 0 0 0.53 156 289 157 74 459 74 470 50 
604 -0.16498957081022309 0.08784667693498256 0.3322761197383595 0 0 0 0.52 279 66 332 220 505 190 
605 -0.0864952462829975 0.2019153095153116 0.7037409187840501 0 0 0 0.75 54 68 470 51 495 202 
606 -0.06425204776506119 0.23899264860820418 0.7969355289215011 0 0 0 0.32 156 290 489 226 505 191 
607 -0.055217612661818564 0.2488058642107046 0.8255817746582095 0 0 0 0.72 54 69 101 43 180 94 495 203 
608 -0.05773144535407307 0.23486798745143916 0.7724469943615091 0 0 0 1.0 54 70 233 105 495 204 
609 0.14112985002223738 0.3522407498027303 1.1007499760118293 0 0 0 0.63 332 221 385 63 489 227 495 205 
610 0.19739624481409798 0.3739860814105336 1.210801829636321 0 0 0 0.64 88 136 156 291 453 69 470 52 505 192 
611 0.2940573679771217 0.3495939611131649 1.1506394417832717 0 0 0 0.27 54 71 489 228 505 193 
612 -0.15442020772005444 -0.17352641655885281 0.8954496033757862 0 0 0 0.21 156 292 459 75 489 229 
613 -0.14586005774368505 -0.13885590462044037 0.8888045433060229 0 0 0 0.08 156 293 157 75 489 230 
614 -0.13092979290411827 -0.1383741327405356 0.9038241221359627 0 0 0 0.41 156 294 470 53 489 231 505 194 
615 -0.11489385007379489 -0.1135388574829536 0.9276576967693683 0 0 0 0.64 88 137 156 295 495 206 
616 -0.11840480677557663 -0.09819274595063547 0.9088224387705602 0 0 0 0.31 88 138 156 296 332 222 459 76 495 207 
617 -0.10359387934235105 -0.09607931981776548 0.9291722545159653 0 0 0 0.79 156 297 332 223 470 54 
618 -0.15142896499100905 -0.06458013875644773 0.8015466871753639 0 0 0 0.68 54 72 167 39 459 77 
619 -0.09764823902743462 -0.0745162090030549 0.9249490513262351 0 0 0 0.71 88 139 156 298 292 32 332 224 
620 -0.10279321607556068 -0.05044989047124595 0.8924741022045094 0 0 0 0.48 156 299 157 76 180 95 332 225 489 232 495 208 505 195 
621 -0.09317387049134025 -0.0526834342662134 0.9149772490437014 0 0 0 0.23 156 300 459 78 489 233 495 209 505 196 
622 -0.14775847463451808 -0.03258597223418298 0.7766089783799894 0 0 0 0.33 101 44 156 301 489 234 
623 -0.12293864910107243 -0.03945384230748841 0.8404196575113542 0 0 0 1.1 156 302 180 96 233 106 489 235 505 197 
624 -0.10386914598315027 -0.013232578318100919 0.8382955947133889 0 0 0 1.07 88 140 167 40 206 27 459 79 
625 -0.16067257708925445 0.021198986682975138 0.7302221579351845 0 0 0 0.13 156 303 489 236 505 198 
626 -0.14088905529174267 0.01579134641328479 0.7568715965506575 0 0 0 0.16 156 304 233 107 332 226 489 237 505 199 
627 -0.1523483207625433 0.020251526685791263 0.7522839285754475 0 0 0 0.49 156 305 206 28 332 227 489 238 
628 -0.14396204757727843 0.021218793191361055 0.7594450144877366 0 0 0 0.52 139 53 206 29 233 108 
629 -0.12176244881270974 0.023739331023223183 0.7890808206786323 0 0 0 0.33 156 306 167 41 489 239 505 200 
630 -0.11250199564943288 0.018460191251629347 0.8120807986040212 0 0 0 0.85 82 20 88 141 139 54 156 307 167 42 233 109 
631 -0.10175904141097276 0.03399176759779566 0.8060614486851219 0 0 0 0.46 156 308 167 43 395 68 495 210 
632 -0.11230551369417581 0.04757921530981283 0.7805418094534062 0 0 0 0.19 156 309 395 69 505 201 
633 -0.14151729337738733 0.05814626391297306 0.7298366776472529 0 0 0 0.26 54 73 290 70 459 80 
634 -0.11974733516363474 0.05886146640359203 0.7507404704629862 0 0 0 0.48 156 310 157 77 180 97 332 228 410 40 489 240 495 211 
635 -0.23712539580694691 0.09057980288256118 0.7477072532817637 0 0 0 1.55 290 71 458 77 
636 -0.022515843342973445 0.11560106789917118 0.9984723390187551 0 0 0 0.28 54 74 233 110 332 229 505 202 
637 0.007063958881956018 0.11432749260824943 0.9630283858301618 0 0 0 0.21 54 75 156 311 489 241 505 203 
638 -0.31986222835561645 0.11836744743367998 0.7775293402791109 0 0 0 0.75 156 312 157 78 332 230 
639 0.024208351012127313 0.1743511486014162 0.9533310324025446 0 0 0 0.52 54 76 180 98 495 212 
640 -0.1516725274283355 0.0726715506835117 0.38417877281312224 0 0 0 0.4 88 142 332 231 505 204 
641 -0.1554589177870943 0.11781708866826329 0.6741089683535065 0 0 0 0.36 156 313 233 111 279 67 385 64 395 70 489 242 495 213 505 205 
642 -0.1426322348945939 0.12656663104530166 0.6847455381251153 0 0 0 0.55 156 314 157 79 489 243 505 206 
643 -0.1161982873198815 0.13799428766373173 0.7244200032314814 0 0 0 0.32 54 77 156 315 180 99 395 71 489 244 505 207 
644 -0.13945585394614446 0.15837969691702705 0.7862020739554724 0 0 0 1.74 54 78 470 55 495 214 
645 -0.10253415929971167 0.138128588054307 0.7545670029609677 0 0 0 0.55 54 79 395 72 489 245 
646 -0.10899440326807433 0.1501130347770804 0.7314446832523485 0 0 0 0.43 54 80 279 68 395 73 489 246 
647 -0.10207501078950765 0.15123317231613337 0.7340544503195475 0 0 0 0.33 54 81 395 74 495 215 
648 -0.10796318574843006 0.17214647606710146 0.7275645114862566 0 0 0 1.05 54 82 385 65 495 216 
649 -0.08448086688529557 0.17642741288397074 0.7222250799726486 0 0 0 1.01 54 83 279 69 290 72 
650 -0.16899454111199155 0.09149111605261975 0.3287664006096907 0 0 0 0.33 156 316 332 232 385 66 505 208 
651 0.07301356343429712 0.3089536261690594 1.0155299830422766 0 0 0 0.16 332 233 459 81 489 247 
652 0.10680116567899235 0.3162325622211542 1.0402983337179996 0 0 0 0.16 54 84 489 248 505 209 
653 0.12321667055742828 0.3463970860088244 1.08184763825347 0 0 0 0.47 54 85 88 143 495 217 
654 -0.11843687387377214 -0.13321404443328366 0.9336279326380313 0 0 0 0.46 88 144 156 317 332 234 
655 -0.09647611451363554 -0.09223720748727333 0.9493628444864246 0 0 0 0.23 139 55 157 80 495 218 505 210 
656 -0.14022992550928234 -0.06627665036742926 0.8302014609016184 0 0 0 0.35 156 318 332 235 489 249 495 219 
657 -0.11280575952519065 -0.05948770263009584 0.8603446395072721 0 0 0 0.22 156 319 157 81 459 82 489 250 505 211 
658 -0.14144215441166705 -0.03002255341898728 0.7782058140069903 0 0 0 0.36 156 320 206 30 332 236 489 251 
659 -0.12771624307568877 -0.029014023473899506 0.8243456895856508 0 0 0 0.6 54 86 167 44 233 112 
660 -0.11508065957960703 -0.03089406941115206 0.8363706590957382 0 0 0 0.35 167 45 290 73 489 252 
661 -0.10719815687642129 -0.04342609416770002 0.8741021455371678 0 0 0 0.81 156 321 332 237 489 253 505 212 
662 -0.1574371789132324 0.0019486995540372927 0.7426894111706415 0 0 0 0.33 88 145 156 322 332 238 495 220 
663 -0.1513163831266233 -0.011254368451205197 0.7688856774184124 0 0 0 0.31 156 323 206 31 332 239 489 254 
664 -0.12206053499246955 0.0018896179596097937 0.7876265989368747 0 0 0 1.11 167 46 290 74 489 255 
665 -0.10124817653499252 -0.016661901349285014 0.9442476275103008 0 0 0 1.5 172 10 290 75 385 67 489 256 
666 -0.10798820608400728 3.58547851235831e-05 0.8275415495257312 0 0 0 0.51 167 47 459 83 489 257 
667 -0.11702514232783855 0.017590973715551562 0.8033363760285782 0 0 0 0.71 156 324 167 48 180 100 206 32 233 113 279 70 459 84 489 258 505 213 
668 -0.15352962734231915 0.03934482517017373 0.70424775702756 0 0 0 0.09 156 325 233 114 489 259 
669 -0.1387702204680667 0.05182275647197419 0.7471234588942798 0 0 0 0.2 180 101 470 56 505 214 
670 -0.14561839607286173 0.05867788738157163 0.7242394209344463 0 0 0 0.46 54 87 233 115 290 76 
671 -0.09098089077210728 0.1047216399303077 0.7858093795739918 0 0 0 0.22 54 88 206 33 290 77 
672 -0.035984635051961665 0.11382459866347738 0.8888180803741288 0 0 0 0.28 54 89 233 116 459 85 
673 0.0393022645410226 0.13807663957387115 1.0054897963140086 0 0 0 0.53 156 326 332 240 385 68 459 86 470 57 489 260 505 215 
674 -0.1414198348198887 0.12465013515005495 0.6914062866198307 0 0 0 0.99 82 21 156 327 489 261 505 216 
675 -0.12147559488179159 0.13097846712096217 0.732814799204553 0 0 0 0.32 54 90 233 117 279 71 
676 -0.10187901854119824 0.14574845149392 0.7330417097724123 0 0 0 0.35 54 91 156 328 233 118 505 217 
677 -0.07592370391683684 0.1514000293068327 0.7792542552378858 0 0 0 1.75 54 92 233 119 
678 -0.12286371524143189 0.1605064957717966 0.7213878495583531 0 0 0 0.31 54 93 139 56 279 72 395 75 
679 0.208297195453411 0.337576919242413 1.236221059782433 0 0 0 0.42 54 94 489 262 505 218 
680 0.20843615187108855 0.3381038772275291 1.2391818865783748 0 0 0 0.46 88 146 156 329 332 241 489 263 505 219 
681 -0.14371572732913399 0.1903039760594086 0.6685912729376604 0 0 0 1.01 385 69 395 76 489 264 505 220 
682 -0.08939671906197175 0.1997082214212739 0.6935684959724593 0 0 0 1.13 82 22 156 330 233 120 470 58 489 265 
683 -0.15991285957360626 -0.040414958579638526 0.7750960901174183 0 0 0 1.07 88 147 156 331 233 121 489 266 
684 -0.13616699937237145 -0.0403933720211451 0.8102365706326045 0 0 0 0.48 88 148 156 332 410 41 453 70 489 267 
685 -0.13484216397946414 -0.02239403953736077 0.8067887781049887 0 0 0 0.71 88 149 156 333 180 102 233 122 292 33 489 268 505 221 
686 -0.15601755680348947 -0.008471601456582333 0.7695972096394958 0 0 0 0.65 88 150 156 334 157 82 489 269 
687 -0.15609684009325783 -0.008881679056958554 0.7701868361476516 0 0 0 0.76 88 151 167 49 290 78 
688 -0.10193467943337661 -0.01936599804394362 0.8524664388853855 0 0 0 0.61 156 335 233 123 279 73 385 70 489 270 
689 -0.13814516894143994 0.00592562398961459 0.7686187495640713 0 0 0 0.37 180 103 233 124 495 221 
690 -0.14007945527308896 0.010016863534629045 0.7599197812287277 0 0 0 0.68 82 23 88 152 156 336 489 271 495 222 505 222 
691 -0.09152110821647741 0.05702690204967363 0.7950641045384983 0 0 0 0.78 156 337 233 125 470 59 489 272 
692 -0.15614387572619062 0.04938214168906009 0.7051452892920135 0 0 0 0.76 54 95 233 126 290 79 
693 0.022082122223899943 0.1720798016797766 0.9747953316918593 0 0 0 0.51 332 242 395 77 495 223 
694 -0.1536167524187328 -0.02319498984581572 0.7758561441746379 0 0 0 0.43 54 96 167 50 233 127 
695 -0.08508712333868809 -0.0022417151734617107 0.8413062895107649 0 0 0 0.68 156 338 167 51 489 273 505 223 
696 -0.15829329272675755 0.03252346834734019 0.7081567441257748 0 0 0 0.24 156 339 157 83 489 274 505 224 
697 -0.098421516209589 0.05657352993487783 0.7880932928537541 0 0 0 0.61 156 340 233 128 489 275 505 225 
698 -0.07590213099850002 0.049104958874115846 0.8572878082157038 0 0 0 0.28 156 341 395 78 495 224 
699 -0.15181257604260764 0.06542655488240048 0.6877855480483823 0 0 0 0.51 156 342 470 60 489 276 
700 -0.10008181190649572 0.0925640312884142 0.7622196268188726 0 0 0 1.12 156 343 206 34 410 42 470 61 489 277 505 226 
701 -0.08292584587042479 0.10874060876213258 0.79213505767571 0 0 0 0.33 206 35 410 43 470 62 
702 -0.18324824313730928 0.06452764312602115 0.344061295713405 0 0 0 1.28 156 344 410 44 489 278 
703 -0.08592762357442708 0.186469800163587 0.7114151533059243 0 0 0 1.26 54 97 279 74 470 63 
704 -0.15995648437909601 -0.013273242255843323 0.758321446238919 0 0 0 0.42 156 345 233 129 489 279 505 227 
705 -0.140339678612415 0.026160707579458795 0.6590880821407569 0 0 0 1.73 332 243 505 228 
706 -0.23361176603772119 0.08378021207008052 0.7279740480010252 0 0 0 0.72 290 80 395 79 495 225 
707 -0.0733936457093331 0.1071056183428225 0.8019821196647611 0 0 0 1.06 156 346 279 75 332 244 470 64 489 280 
708 -0.16554458307408998 0.06690751944544732 0.349320272743292 0 0 0 0.73 88 153 156 347 172 11 279 76 489 281 
709 -0.11354411967259061 0.16085759821462575 0.7428990103412703 0 0 0 0.91 54 98 156 348 279 77 395 80 489 282 
710 -0.13685244958280116 0.10108944864992352 0.3908532174075624 0 0 0 0.42 156 349 279 78 332 245 395 81 505 229 
711 -0.13960349402530534 -0.05090233067056163 0.8126158564832154 0 0 0 1.06 82 24 180 104 233 130 270 16 
712 -0.12902240058984243 -0.02239181449674875 0.804073936526553 0 0 0 1.72 82 25 167 52 206 36 
713 -0.12864640740942637 -2.562337305602293e-05 0.7873839545063204 0 0 0 0.34 82 26 167 53 332 246 
714 -0.14186909213816679 0.19615959751720832 0.6844472284903446 0 0 0 0.93 82 27 233 131 489 283 
715 -0.15002208545927925 0.10311047217195896 0.6904126212900017 0 0 0 0.46 82 28 157 84 332 247 505 230 
716 -0.2540450297365969 -0.18254289382351988 0.9402375718987397 0 0 0 0.45 88 154 290 81 458 78 
717 -0.12932133498339937 -0.1924368542746944 0.9730797155826557 0 0 0 0.54 88 155 156 350 157 85 489 284 
718 -0.15799879339773845 -0.04603044982846436 0.783384751528025 0 0 0 0.08 88 156 156 351 157 86 
719 0.24186985402313402 0.34434920969981414 1.2929212498071936 0 0 0 0.12 88 157 156 352 385 71 
720 -0.1408233011565917 -0.11115262245463026 0.868082336548882 0 0 0 0.71 88 158 156 353 332 248 
721 -0.1010453924265902 -0.054259322398048516 0.8983328992097164 0 0 0 0.26 88 159 156 354 332 249 495 226 
722 -0.15379914501057185 -0.015546365394007906 0.7684172856327177 0 0 0 1.21 88 160 156 355 233 132 489 285 
723 -0.17624864785940747 -0.004750689372279067 0.7461389642938915 0 0 0 1.03 88 161 167 54 290 82 
724 -0.09633520060237317 0.13848703268010323 0.7646349480240098 0 0 0 0.35 88 162 233 133 495 227 
725 -0.0729493955043984 0.15133025559829252 0.7981615849608878 0 0 0 0.45 88 163 233 134 279 79 489 286 
726 0.24523954938524814 0.3498312114345363 1.264593094626453 0 0 0 0.93 88 164 156 356 470 65 
727 -0.2564522777562574 -0.12007499712324238 0.890765046324151 0 0 0 0.51 88 165 458 79 495 228 
728 -0.16253442802835222 -0.11197646538544972 0.8398712969450844 0 0 0 0.64 88 166 156 357 270 17 495 229 
729 -0.22459747281742126 0.008089318182534576 0.7714030710024236 0 0 0 0.33 88 167 180 105 290 83 495 230 
730 0.011056394376245431 0.11162932928810863 0.9732595699039047 0 0 0 0.52 88 168 156 358 453 71 489 287 
731 0.11466373173134704 0.314312059318499 1.0844215653685452 0 0 0 0.16 156 359 157 87 458 80 459 87 489 288 505 231 
732 -0.17756350161451592 -0.0515009998401839 0.7887715508652466 0 0 0 0.37 88 169 156 360 495 231 
733 -0.20488157049191633 0.015933623072128596 0.7610917363212841 0 0 0 0.2 88 170 290 84 458 81 
734 -0.1824296338209745 0.027747954323698493 0.7361854805384649 0 0 0 0.42 88 171 156 361 505 232 
735 -0.175227994631001 -0.057680209281955344 0.7913834023451009 0 0 0 1.08 88 172 139 57 233 135 
736 -0.17382654787573654 0.08334598682790834 0.31978304667796 0 0 0 0.43 290 85 332 250 489 289 
737 -0.18808070348684988 -0.1397349954055915 0.8645172583410086 0 0 0 0.78 332 251 470 66 505 233 
738 -0.22204362093386884 -0.10665143891452186 0.8481969593607115 0 0 0 1.83 88 173 156 362 332 252 
739 -0.21800207206562 -0.027560371414123375 0.7952276307723491 0 0 0 0.23 88 174 290 86 495 232 
740 -0.1884268900548886 0.07904989639080656 0.3146597448618042 0 0 0 0.49 156 363 332 253 489 290 
741 -0.21658248191374146 -0.2539798265085113 0.9514925880403171 0 0 0 1.25 101 45 156 364 453 72 458 82 459 88 
742 0.041314295386445855 0.14265042377620762 1.0091866224714103 0 0 0 0.23 101 46 385 72 470 67 
743 -0.11206841557431971 0.14910557520115267 0.7258848606922331 0 0 0 0.21 101 47 385 73 489 291 505 234 
744 -0.12353616210351107 -0.05255874129562109 0.8427410126305626 0 0 0 0.23 101 48 156 365 489 292 505 235 
745 -0.0789159800474476 -0.0066652694274250655 0.8896974656579878 0 0 0 0.58 101 49 156 366 332 254 
746 -0.1414868004284218 0.020885386083768755 0.766887100552937 0 0 0 0.4 156 367 395 82 489 293 
747 -0.23190095005660444 -0.018415125129991432 0.7926678928125481 0 0 0 0.46 139 58 290 87 395 83 495 233 
748 -0.10511827778914115 0.006233169032934166 0.8294103897369988 0 0 0 0.35 156 368 157 88 167 55 233 136 459 89 489 294 495 234 505 236 
749 -0.16780687074885794 -0.1169049391098135 0.836347260637975 0 0 0 0.45 156 369 332 255 489 295 
750 -0.18439668311096513 0.07762839937344913 0.3059274569062715 0 0 0 0.93 156 370 458 83 489 296 
751 -0.1862088534455434 0.07867233021021972 0.30881106909085504 0 0 0 0.5 290 88 332 256 489 297 
752 -0.16306873716648518 0.09118537723833518 0.6831764195752164 0 0 0 0.99 156 371 332 257 458 84 489 298 495 235 
753 -0.07987459771494804 0.008967653869470998 0.8419286450099595 0 0 0 0.48 290 89 292 34 489 299 
754 -0.055715624458470565 0.05401861377931117 0.8985754091056829 0 0 0 0.33 139 59 156 372 505 237 
755 -0.05554638946124774 0.05377099465388814 0.9002538664064641 0 0 0 0.47 139 60 156 373 279 80 
756 -0.1849215453469171 0.09096189157641094 0.6990900456292355 0 0 0 0.43 139 61 156 374 279 81 489 300 
757 -0.23977848700024898 0.12517118677614628 0.7170248869854078 0 0 0 0.31 139 62 395 84 495 236 
758 -0.2255466799336019 0.09624502018946023 0.7390410020900471 0 0 0 1.29 172 12 206 37 395 85 
759 -0.09824510932888678 0.17544551030179167 0.7024680280937987 0 0 0 0.26 139 63 156 375 489 301 505 238 
760 -0.16250932512937907 -0.1924223201385322 0.8938876027863383 0 0 0 0.31 156 376 332 258 459 90 
761 -0.16382965391859275 -0.16641124741127752 0.8783029626967106 0 0 0 0.56 156 377 332 259 470 68 
762 -0.11645765143596637 -0.13940725136742987 0.9439662804851133 0 0 0 0.19 156 378 157 89 505 239 
763 -0.1579545580186796 -0.04593850090941334 0.7834398021963752 0 0 0 0.13 156 379 157 90 233 137 332 260 
764 -0.16025626043507885 -0.20600344934089193 0.9225648725028698 0 0 0 0.39 279 82 395 86 470 69 
765 -0.15445112570678138 -0.207919889688505 0.9333748065287236 0 0 0 0.23 156 380 470 70 489 302 
766 -0.13840860722244272 -0.07200112826155701 0.8376511341125378 0 0 0 0.27 156 381 180 106 410 45 505 240 
767 -0.08743888041501266 -0.061559762648343216 0.9016959146233303 0 0 0 1.3 156 382 292 35 495 237 
768 -0.08679293952175769 -0.050661102956057594 0.9207383674910556 0 0 0 0.32 156 383 180 107 332 261 459 91 489 303 
769 -0.28166828144328165 0.06640471438783067 0.7642134648647161 0 0 0 0.31 156 384 157 91 290 90 495 238 505 241 
770 -0.16761790021442352 0.05915048612335229 0.34068176290505964 0 0 0 0.75 156 385 172 13 489 304 
771 -0.12687799393773208 0.18837098432612198 0.7121708638577009 0 0 0 0.18 156 386 233 138 489 305 
772 0.0730789652830702 0.3095503680749386 1.0173178389934951 0 0 0 0.2 156 387 332 262 459 92 489 306 
773 0.4547628438418564 0.532418319459772 1.680627735153267 0 0 0 0.15 156 388 332 263 489 307 
774 -0.16326086605527945 -0.17784514783970048 0.8888501457247783 0 0 0 0.59 156 389 453 73 470 71 
775 -0.1292628507965295 -0.17309759615245543 0.9438206862036078 0 0 0 0.23 156 390 157 92 489 308 
776 -0.1463113487890795 -0.1395143421970671 0.8920603308124668 0 0 0 0.07 156 391 270 18 332 264 
777 -0.07378251943442081 -0.02167966107330266 0.9132373525900964 0 0 0 1.08 156 392 385 74 489 309 
778 -0.1009035338408831 0.009525856730978473 0.8282032994945924 0 0 0 0.44 156 393 167 56 489 310 
779 -0.069876367325343 -0.005021546261032722 0.9386434720496923 0 0 0 0.23 156 394 395 87 505 242 
780 -0.16158571297633942 0.0633662723889636 0.6890458691732294 0 0 0 0.25 156 395 395 88 489 311 
781 -0.23470068156921411 0.05286167362923818 0.35241728275220735 0 0 0 1.23 156 396 290 91 489 312 
782 -0.1265453202783342 0.13346573627574254 0.7133971577398951 0 0 0 0.15 156 397 489 313 505 243 
783 -0.11882365506442168 0.07815958065130434 0.4011393187593034 0 0 0 0.24 156 398 332 265 495 239 
784 -0.12258577802623402 0.17910046534113958 0.7118584965395104 0 0 0 0.4 156 399 332 266 489 314 
785 -0.12311685616887501 0.18371313600114295 0.7120430762370338 0 0 0 0.12 156 400 395 89 489 315 
786 -0.16455659510787649 0.09153886633640836 0.35146366051534916 0 0 0 0.78 156 401 385 75 505 244 
787 -0.14379257779340343 -0.08337955257046926 0.8426547276742875 0 0 0 0.17 156 402 489 316 505 245 
788 -0.1406032086452473 -0.010959047499362629 0.7819246995318954 0 0 0 0.24 156 403 233 139 489 317 
789 -0.19346891586569756 0.0038332066982121656 0.76525516274884 0 0 0 0.31 156 404 489 318 505 246 
790 -0.1244398374441296 0.01959190896584214 0.7932807742681098 0 0 0 0.35 156 405 167 57 395 90 489 319 
791 -0.1430208523280926 0.1316417870356329 0.684129675895447 0 0 0 0.32 156 406 180 108 395 91 489 320 505 247 
792 -0.08103432426660276 0.2070171570067201 0.770756491356264 0 0 0 1.22 156 407 233 140 332 267 495 240 
793 -0.16808799651233552 0.08615703044094483 0.33633297303056287 0 0 0 0.86 279 83 290 92 332 268 489 321 
794 -0.1687963949008873 0.09579012697095188 0.3658528203245624 0 0 0 1.74 156 408 385 76 458 85 
795 0.12167650941078954 0.3073102239972056 1.0933007278661377 0 0 0 0.52 156 409 385 77 495 241 
796 0.12222182187325635 0.33420705611922386 1.0966273220417566 0 0 0 0.4 156 410 459 93 489 322 
797 -0.041539068316162185 0.25408693233503304 0.8256437339765689 0 0 0 0.26 156 411 489 323 505 248 
798 -0.1839496608079701 0.05033951786853489 0.3308639358544282 0 0 0 0.24 156 412 290 93 489 324 
799 -0.16394743092197145 0.08929167108858614 0.34556314848851427 0 0 0 0.53 156 413 385 78 505 249 
800 -0.2599684978888033 -0.011552549188014493 0.7716481338937711 0 0 0 0.44 156 414 290 94 495 242 
801 -0.1542452061016567 0.017675150674218695 0.7169911098666778 0 0 0 0.49 156 415 206 38 489 325 
802 -0.12317008470909452 0.024101036585309234 0.7719134471335938 0 0 0 0.68 156 416 167 58 489 326 
803 -0.09164844781309854 0.05696996696764521 0.7953169341344294 0 0 0 0.69 156 417 233 141 470 72 
804 -0.1136501684001647 -0.034905434664491315 0.8253005629380918 0 0 0 0.54 156 418 180 109 292 36 489 327 505 250 
805 -0.055700773072249174 0.04358985306943492 0.9183776717795795 0 0 0 0.23 157 93 332 269 505 251 
806 -0.08388673515989506 0.05974293805110907 0.800533347722076 0 0 0 0.39 157 94 233 142 332 270 459 94 
807 -0.12674942691150756 0.1234744599895791 0.7297699064734243 0 0 0 0.22 157 95 459 95 489 328 
808 -0.13664836263276273 -0.13109088289864895 0.8693888400737984 0 0 0 0.5 157 96 489 329 505 252 
809 -0.14245047018523987 0.20764529309038068 0.6720693543135459 0 0 0 0.29 157 97 489 330 505 253 
810 -0.02577233434787422 0.11085847105680346 0.9859607410588259 0 0 0 0.14 332 271 385 79 505 254 
811 -0.02607557726511825 0.11180892511645116 0.9948750433157357 0 0 0 0.12 385 80 489 331 505 255 
812 0.03575370045806206 0.16507494958560376 1.0026308718216626 0 0 0 0.3 332 272 453 74 489 332 495 243 
813 0.20659948359191446 0.3680568844167701 1.2220033590915753 0 0 0 0.27 332 273 470 73 489 333 
814 -0.1646377105080557 -0.2088143105534449 0.9189517144643261 0 0 0 0.33 279 84 395 92 470 74 
815 -0.07156874585390541 -0.030582559597757793 0.9352052099252575 0 0 0 0.24 332 274 495 244 505 256 
816 -0.08042830359179047 0.008689469042941482 0.852077208231696 0 0 0 0.14 290 95 489 334 505 257 
817 -0.022068066140366615 0.09402785448659372 1.0088183652959946 0 0 0 0.71 233 143 332 275 385 81 
818 -0.029438627962705497 0.13043979222765476 0.9986932019507264 0 0 0 0.41 180 110 385 82 489 335 505 258 
819 -0.10466011684904536 0.11288101930061459 0.7603792398056453 0 0 0 0.22 233 144 279 85 470 75 
820 -0.162128982396103 0.06369683411700493 0.3611981671700907 0 0 0 1.08 489 336 495 245 505 259 
821 -0.13026742211701725 0.14763107284602428 0.7092000916265946 0 0 0 0.13 233 145 290 96 395 93 
822 -0.19879671169713062 0.06891103083916755 0.31963876129154134 0 0 0 0.46 290 97 332 276 458 86 
823 -0.1608574258911034 0.08691696914781175 0.3144197216099901 0 0 0 2.18 332 277 385 83 489 337 
824 0.7390265010936575 0.6541642718030455 2.02882737086256 0 0 0 0.32 332 278 470 76 489 338 
825 -0.12408972161091811 0.01963675097251151 0.7920362791361322 0 0 0 0.37 167 59 395 94 489 339 
826 -0.12133443928271662 0.08435848948340298 0.7295225317838381 0 0 0 0.55 180 111 233 146 410 46 
827 0.03205088847706164 0.1214338130670823 0.9206363661092481 0 0 0 0.94 279 86 489 340 505 260 
828 -0.15305188015046517 0.10010101672342646 0.6791606538581711 0 0 0 0.2 290 98 489 341 505 261 
829 0.2161844161452445 0.3158628277928381 1.2594013503370738 0 0 0 0.25 332 279 453 75 458 87 
830 -0.07407143343634882 0.07007736053531251 0.830039961893934 0 0 0 0.78 180 112 233 147 470 77 495 246 505 262 
831 -0.14789573634624983 0.0815679191408088 0.38179633176125255 0 0 0 2.03 172 14 279 87 332 280 
832 -0.1332931295382704 0.1342925437555984 0.6939818206752854 0 0 0 0.67 233 148 395 95 459 96 
833 -0.07060489424336744 0.11805571605774713 0.8097913697691478 0 0 0 0.58 332 281 385 84 459 97 489 342 505 263 
834 -0.14347321493054993 0.1281180329545593 0.6795401255885707 0 0 0 0.64 180 113 233 149 279 88 489 343 
