# Image list with two lines of data per image:
#   IMAGE_ID, QW, QX, QY, QZ, TX, TY, TZ, CAMERA_ID, NAME
#   POINTS2D[] as (X, Y, POINT3D_ID)
# Number of images: 236, mean observations per image: 17.453
128 0.9601242903099835 -0.1803989742393588 -0.2129995931808819 0.01577124421596028 0.2595899804970622 -0.0786510230970946 -0.18753084656836916 128 image_000128.jpg

162 0.9938810200757588 -0.06399510614873308 -0.0899738075047547 0.00313936243344627 -0.1431070999136216 -0.03115227369765773 -0.16141599306124907 162 image_000162.jpg

164 0.9957642069153461 -0.06993847445395542 -0.05941554691587272 0.0056622288345581666 -0.11656394706926565 -0.030203179610687407 -0.2907842441764903 164 image_000164.jpg

136 0.9925698819315467 -0.09656072372270394 -0.07361141634166662 0.007900483156330495 -0.209690973769718 0.01542447080408453 0.16739535462552257 136 image_000136.jpg

200 0.9819251005406153 -0.12912994047980808 -0.1382354859308111 0.006285897065775882 0.06915749658801132 -0.17633554791716155 -0.679491454197887 200 image_000200.jpg

232 0.9787508494596193 -0.06238229893900695 -0.1953274132129847 0.0015570347626738881 0.14830263360343177 -0.01005038821019841 0.0088971890226291 232 image_000232.jpg

142 0.9780235831203963 0.07649833897350271 0.19355994058902973 -0.012346469686601351 -0.4771771328478469 0.08853078444192913 0.043362215302971435 142 image_000142.jpg

146 0.9754053853269675 -0.12548097428002386 -0.18116699354979496 0.004169521668892344 0.17978708566630622 -0.11943329464801082 -0.45587842941353546 146 image_000146.jpg

148 0.9972445573814692 -0.06543365225779176 0.034604607791925854 0.0049243963920701074 -0.3071586488026628 -0.011736003059337393 0.06952484552419146 148 image_000148.jpg

213 0.9832716450898423 -0.06325864989783284 -0.17077930829093227 -0.0031046521827228306 0.14039277389251673 0.02217529602177317 0.12253671694502408 213 image_000213.jpg

118 0.9774356266762538 -0.09879022023627917 -0.1867032273606587 0.0014110850663469484 0.17605202622752666 -0.01985451027212958 -0.06054656259754447 118 image_000118.jpg

185 0.9905847899658009 -0.12701387682736706 0.050163342480269026 -0.009637945337530898 -0.2083037265293968 -0.06368372116000183 -0.20053709703945843 185 image_000185.jpg

221 0.9918622053517786 -0.05273698132461053 -0.11579320746458063 -0.0044830222550647555 0.06594685332274634 -0.01286354740040473 -0.1015606026739702 221 image_000221.jpg

126 0.9981553810046995 -0.04876430466516509 0.021526644905901896 0.029059956233463264 -0.30164513969478135 -0.021896391366727323 0.049540036597562453 126 image_000126.jpg

223 0.9949637959876202 -0.09809062962161595 0.00962687678769769 -0.01823692873429377 -0.29314153837816065 -0.08586484290364477 -0.4373185163041714 223 image_000223.jpg

196 0.9928187002379741 -0.0726826759562758 0.09299256697181298 -0.01950987409559151 -0.45219577759310214 -0.01989565324289233 -0.13014384852333494 196 image_000196.jpg

176 0.9783078681957429 -0.05251237396630214 -0.20036426066763846 -0.003213107766790222 0.23674621294971293 -0.03430772414637061 -0.3518188748855847 176 image_000176.jpg

147 0.939398585130636 -0.02594359217802425 -0.34183109541502293 0.0029592285457453746 0.09398314751621166 0.02334613392812636 0.1523901707186653 147 image_000147.jpg

152 0.9760158872060339 0.01310117186649031 -0.21728649463297617 -0.002816782557764063 0.32275921772124155 0.010314392458930503 0.03148194159824008 152 image_000152.jpg

222 0.944258219379769 0.0161704260134482 -0.3287098667447813 -0.008048183506523074 0.0725353020313599 0.020265629502935745 0.0714903068850801 222 image_000222.jpg

159 0.9963451024109945 -0.06974083867368332 0.04907407191967182 -0.00493858784862407 -0.3016926191802655 -0.043926190560878466 -0.3289210010785284 159 image_000159.jpg

219 0.9710846211689991 -0.02376395703541036 -0.23719123865775527 -0.013047870733355359 0.19685740519962097 -0.006248281998705386 0.001548716524545371 219 image_000219.jpg

220 0.9985193986518083 -0.04865376826062577 -0.022292137788445646 -0.009740530347574545 -0.2964210966041635 0.0076207590258208936 0.17614339579633373 220 image_000220.jpg

127 0.995587588981851 -0.08814941966471235 -0.02681682770555081 0.017773178430545374 -0.21325828788311818 0.0022195337067018456 0.1962846904740582 127 image_000127.jpg

204 0.9690164831295254 -0.031578592130556686 -0.2449689128227439 0.00028189536603168315 0.2975594163900732 -0.0024308811512273997 0.011993367492039275 204 image_000204.jpg

172 0.974414227859987 -0.060198453745539816 -0.21653257678665655 0.002590687053793958 0.2590526950022346 -0.007567831076056027 -0.10150999443137267 172 image_000172.jpg

227 0.9641897440342088 -0.04535835437478143 -0.2611552281258824 -0.008871735014636938 0.21494050702497142 -0.026633559860836604 0.009271303445391302 227 image_000227.jpg

214 0.9951130078642337 -0.06972591169249005 -0.06956273707645262 -0.007029872655546346 -0.11272476364910604 -0.06310227549447113 -0.4598816431594494 214 image_000214.jpg

217 0.9928287264585146 0.006399690265096765 -0.11908802516715196 -0.008257904678006031 -0.04373861039779996 0.03189395509690064 0.08604994502250803 217 image_000217.jpg

190 0.968206677766476 -0.09386530624464527 -0.23102089077607654 0.019861233871529393 0.2089968712227177 0.028558223048516143 0.1635594908934106 190 image_000190.jpg

224 0.9609359731688035 -0.1543587387529379 0.224244749612675 -0.049897243487859844 -0.33513485736111986 0.009924421068493887 0.03265268294098202 224 image_000224.jpg

198 0.9999207372027312 -0.012486774585804678 0.0007722638083457451 -0.0014169067885938002 -0.08191911001934173 -0.00952207648414298 0.0969958060686327 198 image_000198.jpg

199 0.9991533638637455 -0.009125991388161407 0.04005360453606559 -0.0022342045619218424 -0.14936021958954318 -0.01699798667448695 0.07865605992923144 199 image_000199.jpg

181 0.9979334805326399 -0.045340866243447346 -0.043372155341225446 0.013850499186043837 -0.1711294714817927 0.00646111268728633 0.20320283271472506 181 image_000181.jpg

235 0.9289170266809713 -0.11958024130685707 -0.3496649288499367 0.023413105703966434 0.09493711729101847 -0.09437945809477202 -0.3429328012653114 235 image_000235.jpg

165 0.9307622217685468 -0.1175685520001955 -0.34543439074742177 0.023117495484522483 0.08502744592383982 -0.08997211738269897 -0.34403216220820576 165 image_000165.jpg

194 0.9995122645327875 -0.024905404053610504 0.01734526965453209 0.007354622868368235 -0.39869690926604084 -0.029059646254365773 -0.08491295837723045 194 image_000194.jpg

163 0.9464578940496672 -0.1002941491080765 -0.3058710789490513 0.024524184296060233 -0.06275646640889396 -0.038800202940659334 -0.19442364222662833 163 image_000163.jpg

135 0.987620166517123 -0.05582365921329359 -0.14620267117773236 -0.010719351569955219 0.07615811062557581 -0.06078809221322726 -0.5543075488645385 135 image_000135.jpg

206 0.9855659259250599 -0.10130784709962144 -0.13534192048234547 0.008893352323693196 0.06798435722270943 0.0563103868736451 0.03528183076306133 206 image_000206.jpg

207 0.9592238397210018 -0.19984138485504982 0.19525881688737626 -0.042743865372319605 -0.498899693444788 -0.09178156139770716 -0.21450497676596322 207 image_000207.jpg

113 0.9999998956918662 0.0002494505575750619 -0.00027528512834751605 -0.00025568033499754874 -0.00022030248544604986 0.00023087301133581373 -0.00011208466688774103 113 image_000113.jpg

188 0.9851934875178556 -0.05958709283885149 -0.16075372176613306 -0.001187579312696894 0.11434661887162821 -0.03596259446276431 -0.28594126065290737 188 image_000188.jpg

