# Image list with two lines of data per image:
#   IMAGE_ID, QW, QX, QY, QZ, TX, TY, TZ, CAMERA_ID, NAME
#   POINTS2D[] as (X, Y, POINT3D_ID)
# Number of images: 529, mean observations per image: 37.733
487 0.974922750045501 -0.03293874108054003 0.198127631975841 -0.09584420810561564 -0.5844577874231043 0.05969952194252368 0.3308967161354328 487 image_000487.jpg

461 0.9804566018788222 -0.01357351066001147 0.1730376409830316 -0.09262065883820217 -0.4070781953191683 0.1285678107912282 0.6983710317387877 461 image_000461.jpg

506 0.984505823989716 0.000719829876375957 0.1565221885043296 -0.07904788979533078 -0.498365229330236 0.05670360512220426 0.5034735236819254 506 image_000506.jpg

382 0.9866627360783801 -0.06497159735516223 0.1245171176073664 -0.08228501804214912 -0.3452241030537802 -0.008838840506110876 0.1109990452634972 382 image_000382.jpg

287 0.9946322205220213 -0.03036909962482439 0.07999191361735704 -0.0581872618641245 -0.4378937586733627 -0.0184735814853629 0.1283242352901625 287 image_000287.jpg

176 0.9988006246674522 -0.009630652916498351 0.02904560948083499 -0.03822192117353523 -0.3494816448071077 0.005869251094983128 0.2577657024179903 176 image_000176.jpg

404 0.7428250530861781 -0.03034087199981845 -0.004763713950669922 0.6687807406192282 0.05859344659820511 -0.06150016371069267 -0.03146338407735416 404 image_000404.jpg

479 0.9851660459184706 -0.02520031146458385 0.1369072650463331 -0.1003454386057838 -0.3999533492733685 0.04667674686755997 0.2813316445921809 479 image_000479.jpg

421 0.971925817601854 -0.03325100649865801 0.2110338441044325 -0.09858647112205605 -0.4895812093446046 0.04873045523263471 0.3425479375037517 421 image_000421.jpg

95 0.9785650797048152 -0.05156411380307237 0.1739105249522318 -0.09750208336672403 -0.4731495846062486 0.09076032547103034 0.4072676566557118 95 image_000095.jpg

460 0.9889689365393137 0.01062176968844948 0.1286794393695871 -0.07258941005761832 -0.4312087690210742 0.03588871095514221 0.4192687358446883 460 image_000460.jpg

409 0.996190085771212 0.0254015939891608 0.06053768674745842 -0.05740435974054235 -0.4009336522151284 -0.01152443691049466 0.1945042938025423 409 image_000409.jpg

510 0.9897166233006114 -0.09697653606993274 0.08968643082936739 -0.05488990015842327 -0.3524224316699083 -0.1476396937483033 -0.1954919311507465 510 image_000510.jpg

94 0.9927270719290575 0.0008951273110025535 0.08858713079540295 -0.08151367777063652 -0.4399178073767085 0.05184222461810865 0.3633371169964185 94 image_000094.jpg

386 0.9775586689546795 0.02797716583339793 0.1925968787118508 -0.08063974983802309 -0.492314924838425 0.1057306415759237 0.9714326538269815 386 image_000386.jpg

485 0.9629068929528728 -0.01949850829776183 0.2424035360727992 -0.1169215522365746 -0.5511880947088755 0.1634354549538316 0.7300278215225419 485 image_000485.jpg

425 0.9747934291280537 0.02006525020713569 0.2002498460807342 -0.09630760825364448 -0.4656883024344136 0.1038999531249716 0.8093478343588231 425 image_000425.jpg

514 0.9704216995718052 0.02263379484384389 0.2278068398171172 -0.07663863297106861 -0.4378998439872034 0.03167487406759086 0.5951517006567758 514 image_000514.jpg

420 0.9270350629391778 -0.07522833047519412 0.3341111604704979 -0.1526971604985727 -0.6828335556039351 0.126752892423754 0.375857434599508 420 image_000420.jpg

423 0.9955820317691448 0.02787132365835366 0.06878486160194518 -0.05751738998211167 -0.6543892224742515 0.06772098477304225 0.7074943737286551 423 image_000423.jpg

521 0.9982697877078398 0.009683746331920002 0.02854590002912848 -0.05048551869843909 -0.6458604215999399 0.07584338236299636 0.5233085970694361 521 image_000521.jpg

483 0.9939156539817449 -0.04166196589532601 0.04880688387342354 -0.08952006174228914 -0.1460529851358454 -0.02922841840029615 0.03964029138139119 483 image_000483.jpg

523 0.9922871614623661 -0.0148708622002575 -0.03847601914389481 -0.116895862224546 -0.4234875868332397 0.07585961283495019 0.237460654937873 523 image_000523.jpg

457 0.9961866453781727 0.02539946012962337 0.06053797904061599 -0.0574646681795369 -0.4009604768517882 -0.01148876575109191 0.1943624752988287 457 image_000457.jpg

361 0.9948129712032523 -0.07143433502586947 -0.06632937714567905 -0.02906375462041241 -0.1483158811800392 -0.09759035307118101 -0.1297838026795483 361 image_000361.jpg

497 0.9759127142277348 0.0313397752983936 0.2013883469409449 -0.07781340764479618 -0.41413807963204 0.09340891976809484 0.9419073483063936 497 image_000497.jpg

471 0.9846748638095018 -0.03019650292089785 0.149405944434145 -0.08474342193249436 -0.3665430773333667 0.0267091527561579 0.2207860827164193 471 image_000471.jpg

434 0.9957525947356108 0.03099964725155265 0.06434865339499547 -0.05809511815831352 -0.4326113280287071 -0.006223709369934357 0.2437013448321267 434 image_000434.jpg

428 0.990132677977125 -0.08689703191271753 0.09626885596770875 -0.05308948311365812 -0.2600284068664613 -0.1649529656255603 -0.407845089785786 428 image_000428.jpg

520 0.9913065710966261 0.001087389074107262 0.1311979474005653 -0.009858918983830766 -0.3920570793643776 -0.08534325859384803 0.06203125446866814 520 image_000520.jpg

422 0.9795098198991754 0.02606163381575888 0.1835137275181032 -0.07876557481761841 -0.4917711363374485 0.03126800588951794 0.3187144539161946 422 image_000422.jpg

362 0.9978196560766162 -0.003193508217098217 -0.03683592706380382 -0.05467037524803749 -0.3039830850754878 -0.03890825716044101 -0.08305914015453228 362 image_000362.jpg

383 0.9844486148463309 0.04463721212345401 0.158180589939183 -0.06202696983956615 -0.5134323649944293 -0.007816148725676883 0.3640630088543234 383 image_000383.jpg

513 0.993994406915734 -0.04889171449388406 0.06800368929929089 -0.07042881168791931 -0.7463822601228387 0.1095005396098352 0.4492168777962913 513 image_000513.jpg

394 0.660875113540734 0.0208259035921203 0.1559797118000547 -0.733812438943948 -0.151853397677495 0.3207578454545604 -0.4064744037829934 394 image_000394.jpg

359 0.983902444999036 -0.163899297453186 0.0476332465729374 -0.05295349695905704 -0.2393903685633864 -0.1618326186458487 -0.1830214263472365 359 image_000359.jpg

424 0.9920531741700515 0.03103914446631933 0.09446535779154379 -0.07709323775299741 -0.5871126504498497 0.07523717095137458 0.615411969171624 424 image_000424.jpg

463 0.9945109719877591 0.04126655799566902 0.08083489969249472 -0.05206454435464923 -0.6422618902069488 0.05154724843602902 0.7527171736089 463 image_000463.jpg

399 0.9644662489414393 -0.03419168437565074 0.2436043800786099 -0.09639859635337887 -0.5307880221191947 0.0782465201977543 0.4388807223917363 399 image_000399.jpg

501 0.987610317597025 0.09478285809283067 0.1139795523856059 -0.0514852602754891 -0.6161224135996652 -0.03746023946847809 0.6133312739296382 501 image_000501.jpg

440 0.9800459454484286 -0.01119735852339572 0.1628053493659939 -0.1134856034482389 -0.6328494086157062 0.158521635795918 0.6609828410911746 440 image_000440.jpg

