# Image list with two lines of data per image:
#   IMAGE_ID, QW, QX, QY, QZ, TX, TY, TZ, CAMERA_ID, NAME
#   POINTS2D[] as (X, Y, POINT3D_ID)
# Number of images: 529, mean observations per image: 21.930
161 0.7066273238504897 0.20055230303234856 0.06895129421620506 0.6750572988689629 0.08251122592581622 0.17751615926546682 0.9476514858711695 161 image_000161.jpg

313 0.7243310106581411 0.09016682864269208 0.019674734788516165 0.6832477145024096 0.06928802972928222 0.05824083290969445 0.24445646919853703 313 image_000313.jpg

159 0.7403110709073594 0.11666090026310753 0.08227406200022919 0.6569328378079783 -0.42998810383302527 0.0467362692927912 0.12435522562652011 159 image_000159.jpg

448 0.7380704178706164 0.1335012952326903 0.013938936069875705 0.6612376014844359 -0.12356700960545203 0.16418089938236582 0.7995215310965338 448 image_000448.jpg

141 0.7340146870468446 0.16281298148287915 0.07728365189841499 0.6547836816869123 0.09171993950511748 0.22389124846029732 0.9161266000903479 141 image_000141.jpg

83 0.7318606446172056 0.16395783315220416 0.030383763419103385 0.660737976341509 -0.2516875760961318 0.14708047466867427 0.654117280022876 83 image_000083.jpg

474 0.7247987668854068 0.09089261878057123 0.04520540876216163 0.6814409478189164 -0.11317876263497764 0.23731792422536363 0.7315583251685699 474 image_000474.jpg

351 0.7254493920385273 0.12376406824081015 -0.0032334821464605635 0.6770488955292039 0.09241719474882562 0.18604289519907932 0.9040166446149976 351 image_000351.jpg

100 0.6870191114764443 0.21038861742561016 0.026836510425740274 0.6949972310428907 0.07128425031369057 0.10483554296121497 1.0120237959252767 100 image_000100.jpg

339 0.9971374341234739 0.028048541446568875 -0.0664843932357342 -0.022584204356827363 -0.018912218788472906 0.04837770151680341 -0.03769332158002989 339 image_000339.jpg

84 0.7144779006776759 0.0783816621899223 -0.02832808023328365 0.6946763295967039 0.15129184267879126 0.1633928737889885 0.7240647599140266 84 image_000084.jpg

142 0.7244775215751754 0.1809069681672204 0.06835310795028629 0.6616138573973119 0.10146300907554215 0.2271177613123427 1.023118692332878 142 image_000142.jpg

384 0.738059685550144 0.11262890873030773 0.05968327951424956 0.6625861897415413 0.16877755645760378 0.04061042691434667 0.12513298897946704 384 image_000384.jpg

113 0.7440567074256081 0.19710777100839602 0.1644959120820407 0.6168218747044761 -0.2501598354477277 0.19549857931816741 0.5109672684538126 113 image_000113.jpg

494 0.7316564566073208 0.1231095504286243 0.030934191508565752 0.6697506221552232 -0.009411996241042109 0.25787078023929977 0.8813861197046868 494 image_000494.jpg

327 0.7317019939395036 0.1418168649825574 0.10756786832291783 0.6579736403849712 -0.14722506238238559 0.2391931686217617 0.6314107670834121 327 image_000327.jpg

493 0.7331060906292158 0.14455210380673583 0.0387027691346756 0.6634471980882094 0.2332599194130135 0.1789335140860549 0.7878022299408715 493 image_000493.jpg

63 0.7288653610659708 0.1856795617220457 0.06410006268007261 0.6558731533314383 -0.2238800234182781 0.14329307742476677 0.5636879318599554 63 image_000063.jpg

145 0.7713785830264572 0.06569508566834391 0.08601535175996763 0.6271049033096112 -0.2893715877155324 0.21921862789560634 0.4019061724625194 145 image_000145.jpg

114 0.719908940267604 0.13258897888632099 0.036236472860376456 0.680322100036875 0.20656000974108868 0.16199047461251112 0.6404748815360688 114 image_000114.jpg

345 0.7151076975099289 0.061212109536799945 -0.005037894546557269 0.6963107852663353 -0.21571431702697563 0.18548297453737345 0.5332569095525853 345 image_000345.jpg

278 0.7234694327217301 0.06471991323744622 -0.017004874992931972 0.6871056686944335 0.16746368559299776 0.14508369806589644 0.5723005762378042 278 image_000278.jpg

163 0.729742954879649 0.11614707937677102 0.032640612888180785 0.6729930560197378 -0.07795892817999044 0.1354185307598627 0.5675471947347736 163 image_000163.jpg

439 0.7458981738861883 0.1736156251326391 0.10206816639333165 0.6348824137558636 -0.07953737370210084 0.1508781578338244 0.5880938503019574 439 image_000439.jpg

447 0.6896579574182244 0.029179116899649256 -0.04931693220946962 0.7218645180994598 -0.10185114179042648 0.20922280846083882 0.7466623113991266 447 image_000447.jpg

443 0.7350522159913798 0.15844015832040317 0.06971066637104945 0.6555420291767236 0.2961080601309271 0.17343126318346602 0.6052632780148856 443 image_000443.jpg

456 0.7438698406697669 -0.0035058114964112287 0.03037473136539056 0.6676246979881583 0.14281413411284696 -0.06660858149962895 -0.13486137180369048 456 image_000456.jpg

274 0.726248961803118 0.15657426996548704 0.049973585876520364 0.6674950161499946 0.15567699484473185 0.21196967813601564 0.9710105567789719 274 image_000274.jpg

147 0.7410512667820788 0.1552676692183058 0.11592672587723057 0.642881047202491 -0.16581410878394692 0.10836040354898265 0.30635920306122716 147 image_000147.jpg

288 0.9977735060944766 -0.03600139644099093 -0.05510310361584658 0.010750561128045953 0.07580046030249474 -0.017990465025058307 0.2670807052569823 288 image_000288.jpg

96 0.6934500245785136 -0.012452552183969073 -0.058607054973637926 0.7180092030951711 0.18148060628064216 0.03038120821549 0.1358610155902746 96 image_000096.jpg

146 0.7163951052003865 0.14661579742623354 0.027894717402135588 0.6815450582789313 0.25097574307498366 0.11146066480780514 0.44389552474588945 146 image_000146.jpg

173 0.7299260150242523 0.1885623131573796 0.0502124917456121 0.6550808912091551 0.10839568745637335 0.20160049882766867 0.8919683409221432 173 image_000173.jpg

55 0.7265279004339517 0.11403687501236363 0.04638012623945303 0.6760189703221188 0.21225462561509623 0.1430231256880765 0.46255037448670255 55 image_000055.jpg

67 0.7213711259125887 0.15631652740045637 0.05133310691673584 0.6727211713140994 -0.06008214787227559 0.15873444652979218 0.6225947647394938 67 image_000067.jpg

112 0.7275088019173507 0.18957956867636788 0.04901007249385415 0.6575625403060273 0.0925394502300873 0.19035104895537716 0.8869779438314285 112 image_000112.jpg

221 0.7187561884687778 0.11706733889452732 -0.004405913645643021 0.6853213939845738 -0.12055773461783409 0.20074467586698885 0.5771480633858008 221 image_000221.jpg

62 0.7001899777047729 0.04613353776597199 -0.017810367082720352 0.7122418074470894 -0.03566592420273089 0.2516602984887728 0.8178931996755551 62 image_000062.jpg

175 0.7461808181984312 0.13316150589181894 0.09878153269426147 0.6447669556106277 0.12972297667421537 0.1726831241809058 0.5810579400003769 175 image_000175.jpg

74 0.7289758258927443 0.0592735907737729 -0.05105895730923454 0.6800542664563504 -0.09256683870282603 0.13901269013273093 0.7260433369851386 74 image_000074.jpg

151 0.7134936192420772 0.19925232659281533 0.05210091531084956 0.6697095075615443 -0.03254882106915652 0.1462601634881098 0.7324580810811757 151 image_000151.jpg

401 0.7285723185639085 0.17211788719880028 0.039135220566994484 0.6618355629424552 -0.006337280732530037 0.17690559051001872 0.8177883418640832 401 image_000401.jpg

396 0.7527249404201676 0.11126579976627396 0.12234415628931351 0.6372260179634428 -0.515637487658843 0.0936125265000315 -0.03986504418921166 396 image_000396.jpg

333 0.7154759095180128 0.13688053189682708 -0.09610672215558744 0.6783224594182735 -0.03459038098007251 0.025802358065894898 0.44624368835233114 333 image_000333.jpg

110 0.7311777296881111 0.14245066208251023 0.036527300020897525 0.6661476470042039 0.19821670986966605 0.14877205310780062 0.5832891301162583 110 image_000110.jpg

75 0.7258670363129489 0.1289317864751968 0.0514529405635138 0.6736811151460318 -0.4409342493160675 0.14282912714111412 0.2185320096372238 75 image_000075.jpg

397 0.7233461542130437 0.1720957693472999 -0.0034800735097889135 0.6686861365685663 -0.33391349276590254 -0.01532093448703098 1.0570789953480662 397 image_000397.jpg

363 0.6963064318755001 0.0660266524076621 -0.11686797249424394 0.705081393163052 -0.3318773554436162 0.1155665589834784 0.807919683031285 363 image_000363.jpg

482 0.7327491334306792 0.20867957034261636 0.09124536284744099 0.6412532721585912 -0.386180736413706 0.12210525945166611 0.6351274582310527 482 image_000482.jpg

347 0.7010893494221576 -0.01833567944198182 -0.04567607254035843 0.7113728158966683 -0.05315819171665439 0.12207578735678248 0.4019946291069822 347 image_000347.jpg

60 0.6733878093008885 -0.044045074943290755 -0.16208187316162243 0.7199571930656918 0.37717083436295423 0.2714953505527236 1.2245499451764903 60 image_000060.jpg

45 0.999999850988377 0.00019051961063699794 -0.00014509783775141068 -0.0004848145030628203 0.0001009032081355979 8.592382180829437e-05 -7.944554019321718e-05 45 image_000045.jpg

