# Image list with two lines of data per image:
#   IMAGE_ID, QW, QX, QY, QZ, TX, TY, TZ, CAMERA_ID, NAME
#   POINTS2D[] as (X, Y, POINT3D_ID)
# Number of images: 90, mean observations per image: 236.067
213 0.9958407310100502 0.07373098763950986 0.04953154047938574 -0.020288236907482132 -0.08818975969406172 0.1126902755931665 0.9152355417265231 213 image_000213.jpg

221 0.992764138125612 0.06726925242672041 0.0955489363693573 -0.02765169131529521 -0.0874841441426879 0.02621299289193095 0.6421817762192539 221 image_000221.jpg

13 0.999997156295804 0.0006264797903465018 0.0020371912157202098 -0.0010683474307885482 -0.007206644055575801 -0.003673302467885538 0.003885844674561304 13 image_000013.jpg

224 0.8980361157065055 -0.012421935006403475 0.4165972446287094 -0.14079617777452075 -0.07765236013896348 0.2248961352334689 0.7359015910027044 224 image_000224.jpg

231 0.9991183301643879 0.03602165776053807 -0.00970574579621666 -0.019256182778522684 0.008340716110868111 -0.006264093915127004 0.06421726024330422 231 image_000231.jpg

98 0.9933764643155715 -0.025751701876339936 -0.11195327076970155 -0.0025510795521961485 0.15135298747847725 -0.072844145777264 -0.1905171699476594 98 image_000098.jpg

16 0.997149519552137 0.058442739390150544 0.04642985144537231 -0.01102495240177521 -0.06553376747011253 0.07560978916226939 0.5370186417122542 16 image_000016.jpg

214 0.9858055010264593 0.07283428810085624 0.1459460274856685 -0.03977973335311901 -0.255125040586417 0.02037179585408411 0.19032673574693015 214 image_000214.jpg

187 0.9908345889239476 -0.02563400543358845 -0.13143181270389567 0.017759624110761714 0.11713397749063378 -0.08476814596460167 -0.2520011258280109 187 image_000187.jpg

165 0.9908815358881004 0.014250632106160921 -0.1327766531114845 0.01791794562620853 -0.4046641708702967 0.02995291186252444 0.1352075606490844 165 image_000165.jpg

201 0.9789301851913058 -0.025608566492143676 -0.1997428715798654 0.03380362918979717 0.051990298148636385 -0.005326967187537572 -0.012024161576038049 201 image_000201.jpg

235 0.9908276720320554 0.015034876848400323 -0.13312135409477557 0.017696956547995357 -0.40408580055809223 0.031304952691720525 0.1320222569983104 235 image_000235.jpg

91 0.9891750823179022 0.1353421879107848 -0.05385558603134382 0.0177405678989946 -0.41027687351542913 -0.016314744790955203 0.1669383405072219 91 image_000091.jpg

124 0.9991665468265131 -0.03029761622547314 0.008833952055860694 -0.025888630753114247 -0.0422651854330329 -0.05735907052183804 -0.17583353790848666 124 image_000124.jpg

157 0.9978421715088807 0.057827022437601516 0.030269682646556308 -0.007126423166216397 0.052061813679942975 0.07485517584103568 0.5261574104400807 157 image_000157.jpg

200 0.9957946639662918 0.01653340429146575 0.0850522184332269 -0.029761627399158525 -0.13803454141070146 -0.03070801039229591 -0.14095361066348294 200 image_000200.jpg

175 0.9791911078234888 0.06519035691543153 -0.11290544995409231 0.15552279653016549 0.043169042250813076 -0.011069820401505902 -0.10867433726103419 175 image_000175.jpg

4 0.9941811413150586 0.07170577358627594 0.07639479794878236 -0.025019452540796464 -0.15064194779666748 0.12048908037727184 0.9097165076021242 4 image_000004.jpg

11 0.994318813396885 0.10316991281315617 0.025772212903309236 -0.004676372910035109 -0.08401107754949955 0.061450274753005574 0.9019953678022022 11 image_000011.jpg

148 0.9641195145786544 0.07372938805781191 0.2516508694264428 -0.04134455338738937 -0.3470281791910144 0.08352450525265621 0.8936234227169989 148 image_000148.jpg

28 0.9905408901291806 -0.09075832209738581 -0.10218155765423859 0.012272125085207109 0.12514607172859876 -0.08884110884159185 -0.1722357928111038 28 image_000028.jpg

2 0.9914749423186436 0.058482886008917566 0.11454243763034402 -0.020910206898724734 -0.14396867181186773 0.06989696405124782 0.4712835319481532 2 image_000002.jpg

9 0.9865057931494207 0.06474775841447185 0.14666817564841209 -0.03320387523828981 -0.244853805768297 0.005803409184537063 0.0705150598571935 9 image_000009.jpg

146 0.9988367431634009 0.014298075167739606 0.03862475361632424 -0.025076860332054637 -0.05407009075705633 0.026781714302841212 0.12997922289193556 146 image_000146.jpg

164 0.9839556243951841 0.07180874471745992 0.16069072564172757 -0.02921169992014017 -0.24913553123682666 0.06635289929791587 0.4141492116333804 164 image_000164.jpg

38 0.992715763935462 0.053666062924334575 0.1039257928153133 -0.028892899872332477 -0.18206732827338443 0.100449598857677 0.6824341320912939 38 image_000038.jpg

43 0.984577272873031 0.12155247518254356 0.12258201347148313 -0.02839432096271664 -0.13145274437279506 0.016024712662039586 0.912694569142106 43 image_000043.jpg

44 0.9928771983558741 0.05422520098966321 0.10281259555295685 -0.02615482010112516 -0.1908996129273897 0.008263415873105265 0.05123571201089587 44 image_000044.jpg

185 0.9631061385339807 0.019256025810228356 0.258811252881727 -0.07122148040125552 -0.18636074789367474 0.11684571867888155 0.5209246799105984 185 image_000185.jpg

77 0.9918318963354766 0.056565515865677506 0.11241356722255623 -0.020809005814254603 -0.22904428611734523 0.029813936823829636 0.18478643222022012 77 image_000077.jpg

222 0.9829491420879725 0.1451327363577388 -0.112163852414575 0.01291271586465888 -0.40205049200074106 -0.018581447454760536 0.7192758700948136 222 image_000222.jpg

96 0.9810652471737511 0.038346801260120765 0.18151054526736185 -0.05562749543685146 0.024818398546115117 0.11260549652501198 0.6133257102782226 96 image_000096.jpg

232 0.9961736365628642 0.08297157704558501 0.025130918501338837 -0.011056364787534394 -0.11503629269588155 0.08092903581520909 0.7527716605818927 232 image_000232.jpg

234 0.9553489552925841 0.052074794914259384 -0.29029220627405633 0.018083662583967167 0.11713246138953866 -0.004269333895091762 0.07759331590068529 234 image_000234.jpg

112 0.9891794628550953 -0.007008644280411041 -0.1464021437969739 0.006424884575357703 0.14122970778134533 0.05428261460528534 0.2632964541353741 112 image_000112.jpg

118 0.9980770145335637 0.049057647996354405 0.03209408466897863 -0.020139052530760565 -0.06474132490719614 0.12803079573435422 0.6612973195607272 118 image_000118.jpg

220 0.9746708100212536 0.09691110533990423 0.19669831872750151 -0.04398666625865217 -0.4256283896499742 0.08486470036862395 1.0399434918623844 220 image_000220.jpg

223 0.9734976071190744 0.04403361221228897 0.21682181047412688 -0.05789430532650466 -0.358170648563463 0.028079604569215467 0.2210825993741453 223 image_000223.jpg

128 0.9989580830202794 -0.04018977744093368 0.004765489974888305 -0.02109122926980607 0.0015942364064117807 0.16218017863992887 0.440031230051926 128 image_000128.jpg

27 0.9842057618456199 0.11116260803222285 0.1369341389018456 -0.015196435253815796 -0.12416577072807822 -0.012901658312627684 0.4371217422300602 27 image_000027.jpg

33 0.9785454444619586 0.08502735674983365 0.18456187755531386 -0.03400100665227775 -0.31480062279052723 0.11983512007914182 1.1320619540554056 33 image_000033.jpg

36 0.9934345223414848 0.051337580139764465 0.09788200738263243 -0.02951973667843297 -0.16264012101518013 0.011895499358259818 0.10739674896050228 36 image_000036.jpg

176 0.9961004399163271 0.08500906680396958 0.019282403650168766 -0.013622190419204918 -0.005884937298673782 0.022318147901637754 0.2792212952693236 176 image_000176.jpg

50 0.9972900131809136 0.07343749120806453 0.004410094546311565 -0.00034966628662874715 -0.02742708405685522 0.04737609471504729 0.40934462469908506 50 image_000050.jpg

61 0.9985217616876378 0.05235455453032866 -0.01457655931745553 -0.0009000471973154153 0.008940071651280627 0.09835953685566687 0.617858300680068 61 image_000061.jpg

85 0.968106647439369 0.03941255302096631 0.23864264625117548 -0.06531349701009091 -0.4381918409770759 0.04193163432171295 0.20386590400520413 85 image_000085.jpg

219 0.992115706399893 0.12399589159255611 -0.01468159275854052 -0.010765012998104381 -0.11915068688675251 0.030483623626335443 0.7226942173564851 219 image_000219.jpg

92 0.9944879538868073 0.04172577242560777 0.0928752339749474 -0.02503716903973268 -0.1685471695155568 0.013277660944662975 0.07439844317933147 92 image_000092.jpg

93 0.9858828946732175 -0.053845465908963656 0.1492725090939883 -0.053416447017452046 -0.28548853167133853 -0.07332442911053706 -0.18830231418089607 93 image_000093.jpg

158 0.9986394094360305 0.005074009677947138 -0.051350193521399745 -0.007532374074848428 0.043910555316076835 0.07808315751881385 0.43568713592719854 158 image_000158.jpg

196 0.9473139254185361 0.06778269545058463 0.3040951725638361 -0.07435024756681637 -0.4424315535383124 0.07792207286525232 0.6180783989340786 196 image_000196.jpg

39 0.9948461629632372 -0.09617338422267774 0.03155496756621541 -0.006004463641788823 -0.053996434247057204 -0.049337249884916515 -0.10194701086062621 39 image_000039.jpg

110 0.9784149627528235 0.10075656960517801 0.17819591155746056 -0.028257628982967565 -0.2739798185872495 0.06232963054540702 1.041645123988328 110 image_000110.jpg

135 0.9923533547327231 0.09047452627404941 0.07898109167840175 -0.028480851397416206 -0.14056673182878585 -0.004253741742346822 -0.006615948026801884 135 image_000135.jpg

32 0.9939303626641892 0.06494263108610866 0.08501273545267778 -0.025646058520497395 -0.15291308296104766 0.007944675198097322 0.1777818216608662 32 image_000032.jpg

109 0.9495256076816918 0.030132762703358625 0.30362951361765933 -0.07281656952895803 -0.3917650636291696 0.03325839150393646 0.2026155417089683 109 image_000109.jpg

19 0.9714114888051094 0.05242273159879004 0.2230708752213636 -0.06205598543366121 -0.3642519413925012 0.07982912502766894 0.4479930702120798 19 image_000019.jpg

159 0.9609866623662591 0.07154810430668208 0.2615648917324909 -0.05449136707757652 -0.3121852667290731 0.047878370008163224 0.3679275393099659 159 image_000159.jpg

197 0.9844372599429035 0.07366863169233115 -0.15794664553281285 0.02256268824604758 -0.3852925242176319 0.05794978337679933 0.4777187198752105 197 image_000197.jpg

194 0.9627041847644061 0.1149944581126925 0.243423547823341 -0.02686831063119153 -0.5026211667341653 -0.002793618463259373 0.6999278373305216 194 image_000194.jpg

41 0.9984650426919421 0.04731668822365259 0.0257502512841695 -0.012869433485507304 -0.030163792048271354 0.1434695846632504 0.8060853829995155 41 image_000041.jpg

136 0.9878724826010759 0.047540273929194146 0.1447710951166769 -0.02981952474843288 -0.39284882553134604 0.1706105828107056 1.0081315924407708 136 image_000136.jpg

52 0.9555845176235955 0.0004210145586397129 0.2856983349399551 -0.07234992447719077 -0.450210248932557 0.0572331843889372 0.2603079791590731 52 image_000052.jpg

227 0.9932691077293331 0.10377100168523938 -0.05092637297379402 -0.007386934997367939 -0.11232013661361259 0.03939257852971095 0.7037997200952515 227 image_000227.jpg

29 0.9854444301329127 0.14861921735894038 0.08239613580597757 -0.0047423283978764675 -0.32693092357226816 -0.09252214475468207 0.8271785767828755 29 image_000029.jpg

162 0.9883311238305987 0.07560240402711157 0.1296920259552279 -0.025803955459262524 -0.33181636284911464 0.05044165678784987 0.5789492995019269 162 image_000162.jpg

204 0.9940086284861595 0.10723975319965173 -0.021114573662606887 0.0008048987720259705 0.0014328384639597756 0.0337540595788616 0.7280564074604362 204 image_000204.jpg

111 0.9927392943193792 0.0733397606404491 0.09246033068227498 -0.023260503487669986 -0.21679209746082037 0.11723986962734921 0.9055580860983921 111 image_000111.jpg

17 0.9952572964183352 0.09050115321241822 0.03546533437309143 -0.003830095450264149 -0.07334820166029271 0.06283186633334603 0.7030221299918097 17 image_000017.jpg

40 0.9492126712980818 0.008833550638794365 0.3048746929311326 -0.0772573308108171 -0.4262553531822008 0.1090814457818376 0.5048681956899526 40 image_000040.jpg

15 0.9975271023104839 0.06789197207721444 0.018171652071667842 -0.0003890326137684574 -0.15358909532277493 0.08242481926175618 0.6704996199636257 15 image_000015.jpg

152 0.9898675379035613 0.14172546720571796 0.008103910810651893 0.0032374016373260127 0.07549927545491354 -0.032576852898275055 0.7686250932817789 152 image_000152.jpg

71 0.9756273717818474 0.08564751830703674 0.19778382553736812 -0.04119831859462503 -0.07278696084103614 0.0678928657900936 0.9281327874063681 71 image_000071.jpg

172 0.996971650045896 0.07728130630108983 0.004208148672950488 -0.007577213665340016 -0.0025397828114035632 0.06881519806454542 0.593259785854851 172 image_000172.jpg

3 0.9924905920285837 0.11013671997151268 0.05115508200339154 -0.014679765914174933 -0.08429137208158836 0.036264637750537815 0.8380640461346411 3 image_000003.jpg

103 0.9953656567296559 0.06363650345051858 0.06748159014698092 -0.02537374365716291 -0.13369100955729674 0.10198767939146287 0.6705916396844307 103 image_000103.jpg

60 0.9829364848304313 0.07050225281420726 0.16223779185910675 -0.050440044274070506 -0.2530585957227471 0.12338766180151979 0.9646699082990465 60 image_000060.jpg

53 0.9997998223001516 0.019182862312538813 -0.005590672732733745 -0.001034464625641312 -0.09290032143845989 0.17194706866607928 0.7317450627564881 53 image_000053.jpg

97 0.9971025189830421 0.06981967945563433 0.022880095588111993 -0.019704858266774046 0.05987088724109199 0.1616811245693764 0.9672329568880909 97 image_000097.jpg

190 0.9990666724309526 0.0418132343925357 -0.00984441545300008 0.0045298436502664505 -0.09082484368810337 0.1638083932877793 0.923694592284877 190 image_000190.jpg

217 0.9828460095689162 0.1589019071590332 0.09234237390494292 -0.015387880574573045 -0.2343779781752878 0.03907574564028701 0.8984462206546934 217 image_000217.jpg

82 0.93861731321059 0.0683022644646227 -0.3293303461293902 0.07664114194823878 -0.20817950564014204 0.038650746091320284 0.3509434665151214 82 image_000082.jpg

113 0.9647180766265884 0.13424898821972917 0.22465239866685469 -0.028766811169777858 -0.015085263682834915 -0.012135205290367962 0.9166023166834973 113 image_000113.jpg

170 0.9162376997388235 0.049808701951270136 -0.383508108230307 0.10463790947070296 -0.17282924107746267 0.03634136985780976 0.28253815303849816 170 image_000170.jpg

