# Camera list with one line of data per camera:
#   CAMERA_ID, MODEL, WIDTH, HEIGHT, PARAMS[]
# Number of cameras: 62
3 RADIAL 760 1140 4091.4429895158137 380.0 570.0 0.0 0.0
20 RADIAL 1140 760 1636.5771958063253 570.0 380.0 0.0 0.0
428 RADIAL 760 906 625.297344899839 380.0 453.0 -2.0964615176737863e-16 -2.521480653583033e-17
510 RADIAL 1140 760 892.6784704398139 570.0 380.0 -6.890228229169337e-18 -9.439810509489411e-19
511 RADIAL 1140 760 892.6784704398139 570.0 380.0 -2.6965370320084816e-17 -5.7258116281704134e-18
258 RADIAL 1140 760 1074.857142857143 570.0 380.0 -1.1455982125179374e-27 -4.6523630405093044e-29
382 RADIAL 760 1140 1584.7533632286993 380.0 570.0 -1.4907641475229955e-28 -7.902235006566658e-29
386 RADIAL 760 1013 2152.086263478668 380.0 506.5 1.8182257789212796e-27 8.516333417515326e-29
132 RADIAL 1140 760 879.4285714285714 570.0 380.0 -9.928276715393087e-28 -9.302330705650277e-29
264 RADIAL 760 1013 1036.2107127047366 380.00000000000006 506.49999999999994 -4.114646288931305e-28 2.717841522640157e-28
520 RADIAL 760 1011 1213.4876033057851 380.0 505.5 2.624245179202826e-27 2.6393329143871558e-28
266 RADIAL 760 1013 1036.2107127047366 380.00000000000006 506.49999999999994 0.0 0.0
143 RADIAL 1580 777 1940.8277109419237 789.9999698003146 388.4444294388961 0.0 0.0
17 RADIAL 1140 760 1487.7974507330232 570.0 380.0 -1.623858184483549e-28 -2.9615391885238175e-29
19 RADIAL 1140 760 991.8649671553487 570.0 380.0 0.0 0.0
152 RADIAL 1352 755 1483.6296869322312 676.0 377.30232558139534 -1.1887762137201381e-27 -2.1240506586929046e-29
154 RADIAL 1351 754 1100.69286049244 675.5 377.0232558139535 -3.7261582931642056e-28 2.7659825490125465e-28
284 RADIAL 760 1013 1216.0 380.0 506.5 0.0 0.0
287 RADIAL 1351 760 1173.3522727272725 675.5 380.0 -9.47135176201716e-28 -5.273016113282452e-28
32 RADIAL 1140 760 1226.2948207171314 570.0 380.0 -1.0611457992705682e-27 6.102120287656407e-28
37 RADIAL 1147 760 1704.1142857142859 573.5 380.0 -5.438302310004681e-28 -2.261252162557039e-28
302 RADIAL 760 1013 1216.0 380.0 506.5 0.0 0.0
303 RADIAL 1157 771 955.0952660242717 578.5 385.6666666666667 -1.3286464907452722e-27 2.437939960846538e-27
47 RADIAL 1013 760 839.3428571428572 506.5 380.0 5.884321685070515e-28 6.4502908659677035e-28
46 RADIAL 1386 774 1174.956506684769 692.9999999999999 386.79069767441854 3.7521954215648627e-28 -7.780147418497034e-28
174 RADIAL 760 863 1035.2205882352941 380.0 431.5 0.0 0.0
179 RADIAL 1013 767 938.2914526140368 506.5 383.2972972972973 -8.596348584467324e-29 4.088707864440297e-28
52 RADIAL 1142 760 1696.6857142857145 571.0 380.0 0.0 0.0
311 RADIAL 955 760 810.4805725971372 477.5 380.0 -7.889026738266807e-29 -3.5583677254758546e-30
314 RADIAL 760 1140 2533.951973951974 380.0 570.0 -1.7368463794931747e-27 -8.196818028622838e-29
190 RADIAL 1684 760 1202.857142857143 842.0 380.0 4.521563508336245e-28 -3.113038976851015e-28
319 RADIAL 1013 767 1065.8790259490142 506.5 383.2972972972973 -1.6844227589999486e-27 -7.375640018935008e-29
191 RADIAL 1684 760 1202.857142857143 842.0 380.0 5.8527903600210075e-28 -5.800402176638758e-28
322 RADIAL 1013 760 752.5142857142857 506.5 380.0 0.0 0.0
323 RADIAL 760 1013 781.7142857142858 380.0 506.5 6.675321335494769e-28 -1.5584442146636796e-27
72 RADIAL 760 1013 2200.2844444444445 380.0 506.50000000000006 -9.465588175917337e-29 8.529371963238828e-29
329 RADIAL 1140 760 1239.831208944186 570.0 380.0 -2.4460026739657207e-27 -5.475156905420475e-28
330 RADIAL 1013 767 805.4134596747322 506.5 383.2972972972973 -5.255138668573677e-28 -8.017896729376833e-29
460 RADIAL 1353 755 1762.114748622096 676.5 377.5813953488372 3.0040058234269345e-28 4.383177617741623e-29
461 RADIAL 1013 767 1547.3205782916095 506.5 383.2972972972973 8.562145272361222e-28 6.815580794813415e-29
78 RADIAL 1520 760 173.7142857142857 760.0 380.0 0.0 0.0
80 RADIAL 760 1351 1621.3333333333333 380.0 675.5 0.0 0.0
212 RADIAL 760 1141 5083.474972690355 380.0 570.5 0.0 0.0
342 RADIAL 1147 760 1278.0857142857144 573.5 380.0 7.698191154902337e-29 1.3372764383813256e-28
471 RADIAL 760 1351 1621.3333333333333 380.0 675.5 0.0 0.0
348 RADIAL 1013 760 822.2402597402597 506.5 380.0 -5.7377574533376745e-28 5.380468559704676e-28
94 RADIAL 1013 760 1554.034090909091 506.5 380.0 -2.0219726040399274e-27 -3.771479276615526e-28
479 RADIAL 760 1013 1110.2608695652173 380.0 506.5 -1.0266649125112313e-27 -2.735050188175743e-28
95 RADIAL 760 972 1443.7485109199206 380.0 485.99999999999994 0.0 0.0
225 RADIAL 760 1140 1465.8733776806068 380.0 570.0 -9.063709429988157e-28 -3.544161885650122e-29
354 RADIAL 1013 760 1045.231818181818 506.5 380.0 -6.616516916502794e-28 7.740630224933125e-28
126 RADIAL 797 760 637.6 398.5 380.0 2.7537339234557353e-27 5.943094326218408e-28
122 RADIAL 1153 769 1290.1464038751064 576.5 384.33333333333337 -1.0415288546360231e-27 -6.380875535947127e-29
487 RADIAL 1144 760 1470.8571428571431 572.0 380.0 -6.547730402609059e-28 -2.240372674547451e-28
359 RADIAL 1013 760 144.7142857142857 506.5 380.0 0.0 0.0
105 RADIAL 760 1013 752.6532497525569 380.0 506.5 0.0 0.0
106 RADIAL 1013 760 839.3428571428573 506.5 380.0 7.8651211328321e-29 1.0551334793184287e-28
362 RADIAL 1351 760 810.6 675.5 380.0 0.0 0.0
372 RADIAL 1140 760 921.1790373409709 570.0 380.00000000000006 -6.477571663629949e-28 -1.656877531156339e-29
375 RADIAL 1351 760 1042.2 675.5 380.0 -4.341253132117851e-28 8.664065485018195e-28
506 RADIAL 1013 760 1389.8360000000002 506.5 380.0 4.358618279461419e-28 -8.51911277516632e-29
123 RADIAL 1013 760 1796.973913043478 506.5 380.0 6.83975241932169e-28 1.5211387108996558e-28
