# 3D point list with one line of data per point:
#   POINT3D_ID, X, Y, Z, R, G, B, ERROR, TRACK[] as (IMAGE_ID, POINT2D_IDX)
# Number of points: 1099, mean track length: 8.07
0 0.06991010249020398 0.08307069399702705 1.0373021448420483 94 92 85 0.41
1 0.025034315042817536 0.11281755147627873 1.018055900241152 124 114 95 0.22
2 0.1239412310861001 0.12855683906023066 1.0333510841676607 97 93 83 0.54
3 -0.25809194991817863 0.06146127340074765 1.0199610365496687 133 133 126 0.31
4 -0.06500659518816287 0.06420193775819631 1.020424103605292 142 137 126 0.31
5 0.07875791969956868 0.07518746675982083 1.0353294313055015 85 82 73 0.27
6 0.3395651676866289 0.08621586227448474 1.1223672893028784 204 210 211 0.09
7 0.00026034611534523554 0.08727915539404756 1.022499325946859 127 124 116 0.19
8 0.03615692993230974 0.08856160505270759 1.02969380627956 185 179 154 0.24
9 0.08850041899354137 0.09947043623004599 1.0373276478618196 128 123 112 0.18
10 -0.026925417509832444 0.10679406481298977 1.010096986802755 140 133 120 0.24
11 0.24576688584872694 0.1332730091449149 1.0568631930061518 112 110 101 0.2
12 0.09712899568396621 0.2512793533456941 0.9751573403745268 86 81 69 0.22
13 -0.2584352114329582 0.08934511604421637 1.0005107058619327 104 108 112 0.55
14 0.1264108237278206 0.10019268212161742 1.0337138856041435 116 115 107 0.39
15 0.025469871183623302 0.11669927893783179 1.0166051206681137 177 173 160 0.42
16 0.11263510652965564 0.12055694177994712 1.0326262422408827 182 172 147 0.24
17 0.12224095382965922 0.14475676911664795 1.035500724826304 123 130 128 0.23
18 0.3668430523055081 0.19570502485043426 1.0602692855000773 79 77 74 0.28
19 0.2716652263843028 0.3007012993029461 0.9924498710380226 50 50 44 0.34
20 -0.14113624652175905 0.07496522298878361 1.0163086904584009 87 85 80 0.41
21 -0.13417024928871427 0.07457486475311619 1.0143456121348602 86 84 78 0.35
22 0.035021664244701656 0.0789431590481078 1.029635467219066 154 148 130 0.89
23 0.0016967634043579397 0.08182244016219323 1.0237367362051224 165 161 151 0.42
24 -0.2363187320847822 0.08131901083007323 1.0077397549572342 141 144 146 0.32
25 -0.23258080078545965 0.0860667297531126 1.0118366351986452 63 65 64 0.46
26 -0.19740492706424198 0.09550715719648306 1.0033757687121536 138 138 137 0.33
27 0.046607455867082544 0.09847705782986338 1.0295586912601067 143 133 107 0.29
28 -0.04943132720978495 0.10282516863491509 1.0052805378855851 149 147 137 0.71
29 0.12606933948998167 0.13879723805230657 1.0287432306393827 47 45 36 0.36
30 0.05826814376761842 0.17783397363295397 1.014250318605932 104 101 91 0.22
31 0.19909007721277755 0.20091304189687129 1.0220901133814384 51 53 53 0.31
32 0.2117176867672565 0.24919696893889592 0.9962272235293301 83 83 77 0.37
33 0.08590089891518868 0.25335994173073456 0.973544246069243 75 65 44 0.24
34 -0.19136694831832346 0.09503522433242353 1.0077476185611376 84 88 90 0.37
35 -0.23080211474002754 0.09552880025702416 1.0047353536644947 66 66 65 0.37
36 -0.20350746548220777 0.09460658369468816 1.0012546699992093 71 74 76 0.35
37 0.24040264532993552 0.10545109102462445 1.0710482036686533 148 149 145 0.38
38 -0.16599826360949274 0.10134061126236832 1.0009799466630152 128 129 124 0.84
39 -0.17986978733670383 0.1272132280388975 0.9897388665016236 118 111 100 0.34
40 0.054894837699241104 0.13617640819589735 1.0139591709682323 48 44 34 0.29
41 0.10178374763034158 0.1397753030751448 1.0190124078308924 108 83 41 0.37
42 -0.3275846947205668 0.14646302774916753 0.9774477398269926 140 141 138 0.29
43 0.36589846249718355 0.17842000496637703 1.0700730035669914 39 40 36 0.33
44 0.2224557353000354 0.24737417109389293 1.0006557796024074 33 34 30 0.28
45 0.17691502049415453 0.25294653796080446 0.987634545966776 91 90 84 0.34
46 0.16179666586041735 0.09009518991941368 1.0587503963888436 59 65 71 0.55
47 -0.038163387380747954 0.09729164231890938 1.0130754694231658 152 148 135 0.5
48 0.16313449971296573 0.1026012958197352 1.0576001617935327 98 99 94 0.37
49 0.11590595315157734 0.13788634528323762 1.020496431109234 48 48 48 0.63
50 -0.31995081194728525 0.1527689962850741 0.9711456184931225 50 47 46 0.49
51 -0.2397013419714742 0.09553749626957 1.0010808140755483 149 149 145 0.39
52 0.30458452675444164 0.10964284592856813 1.0834727175089423 122 124 120 0.69
53 -0.23656430932358805 0.1103016230626221 0.9945795480817495 95 90 80 0.77
54 0.17073935434582202 0.11931723559962654 1.046048722425961 80 74 64 0.79
55 0.14214852715230494 0.1196098477127065 1.0363746571889092 77 72 63 0.54
56 0.21839578071495394 0.1775185103126192 1.100590780221578 160 163 152 0.54
57 0.2796738659062294 0.2847074915827791 0.9997114534614618 144 141 127 0.44
58 0.12194325203345802 0.10356287534517666 1.0374786647257088 99 95 86 0.87
59 0.2424216133843209 0.1369834119338561 1.0533549851544397 162 155 134 0.48
60 0.11958085307728707 0.16971864614435528 1.0148306479502451 90 92 93 0.61
61 0.2240971921864488 0.17615149918838663 1.0392169769160777 48 50 51 0.81
62 0.12145962888723703 0.19761543021114594 1.0050988156890908 66 66 62 0.58
63 0.26328752685121726 0.2823140802405913 0.9969812133172717 35 36 37 0.43
64 0.1244964861832096 0.09450439583094115 1.0433281192785884 179 178 170 0.59
65 0.33622062652929063 0.11078623366177963 1.0934333353449543 76 80 76 0.25
66 0.05300221393224956 0.12958041312973978 1.0100678575432098 134 126 109 0.79
67 0.019840463930872482 0.13434520155293475 1.0065677498938352 65 55 42 0.16
68 0.1626782472857994 0.16477517400265812 1.0332739975076506 78 77 75 0.2
69 0.07766508032468257 0.19559220261119298 0.9971703600582503 52 53 57 0.32
70 0.09267592541225114 0.1966452170994864 1.0008950722763224 55 56 57 0.32
71 0.018780862161112348 0.08995163578663246 1.0257316301568495 183 171 135 0.26
72 0.1448062476753681 0.10122389578864725 1.047743727836307 81 85 86 0.46
73 0.26632742139845167 0.10647198546180928 1.0787924886832507 111 117 122 0.26
74 0.12082971011282372 0.1322704822888739 1.0277136099658326 118 115 103 0.36
75 0.18878835741651334 0.1351493005412506 1.0417634761882701 142 137 122 0.42
76 0.2973811294737036 0.307329700522174 0.9912529020413087 159 158 149 0.39
77 0.19603035567164276 0.3122110945779862 0.9690721491087544 126 125 119 0.37
78 0.1448895414719227 0.08781666704065473 1.052044617155326 80 87 94 0.58
79 0.22236067475732746 0.12028130203269825 1.0525661865661047 80 73 62 0.47
80 0.1550837994984811 0.13353689424168608 1.0332737903958178 126 122 113 0.48
81 0.16088453304770076 0.14235830854311182 1.0347883076634738 46 46 40 0.2
82 -0.01604854533096436 0.07695615704072767 1.0192060487647105 102 97 85 0.32
83 0.17291064305669945 0.10146250878859911 1.054356164869521 144 145 145 0.4
84 0.27491633913570285 0.10636956355174769 1.074521654154709 153 156 153 0.44
85 0.13443966792047835 0.13114464345560464 1.0307723095067247 142 136 121 0.78
86 0.18775795879107862 0.10000669892885851 1.0575608575544515 53 55 61 0.48
87 0.20350524123204636 0.11952812753332907 1.0521346515891064 90 79 64 0.69
88 0.24439537911305712 0.12074579658549515 1.0585554354137447 81 75 66 0.59
89 0.25956889529188043 0.13370526615043654 1.056784260328511 135 131 118 0.48
90 0.17273535524837053 0.13477584045618313 1.037874483479286 127 118 98 0.65
91 0.17782934085877647 0.2784268166182148 0.9785659296500491 162 156 140 0.34
92 0.20684561397786486 0.1355062972795828 1.042974867367248 144 138 122 0.5
93 0.06672174239066578 0.16004971408803859 1.0063046413411876 171 167 151 0.64
94 0.10208238174107974 0.16194662081025493 1.0174621185753603 215 212 192 0.26
95 0.13720378420019239 0.1633128786080422 1.0205111562578726 198 194 178 0.31
96 0.19092497189218224 0.1727798027766228 1.0332902541193216 98 96 95 0.15
97 0.15478055840159005 0.17325976269032095 1.0191066416220271 39 41 41 0.27
98 0.20928191797716997 0.19079589355577942 1.026890691231367 183 177 162 0.4
99 0.22649985469479403 0.22034646173547795 1.0232549116867253 71 71 74 0.34
100 0.06213123230380164 0.09627868854021328 1.0434537623832756 169 166 157 0.97
101 0.3132016523930185 0.13249633457617666 1.0707459328045448 158 150 126 0.2
102 0.010901595110667173 0.09866127309529746 1.0211988882148082 178 172 155 0.43
103 -0.01782635457139388 0.11177071816604205 1.0112390172376795 207 202 189 0.18
104 0.2995051420327523 0.1322003153074228 1.0706705481648842 168 159 136 0.08
105 -0.2806329722904642 0.1215485578012817 0.988684833459162 166 157 139 0.3
106 -0.28681564245510854 0.12154818470572896 0.9873480740543242 157 150 133 0.31
107 0.10632936383726331 0.2535967353675095 0.968599990544359 188 185 173 0.31
108 0.011934684574801641 0.07985504753273372 1.0282848685006538 186 178 164 0.41
109 0.0663052441900774 0.08586978359134174 1.0353263287737415 193 190 176 0.22
110 0.04450994266606932 0.08776232042299642 1.036001209371658 158 151 132 0.17
111 -0.25576038538983825 0.08619761101244403 1.0053906696346564 50 52 51 0.38
112 0.21770569806892937 0.12817081728455096 1.048034956618802 191 186 157 0.14
113 0.16197891007025042 0.12698098583493164 1.0430327470446854 155 145 117 0.4
114 0.19882623730954294 0.1889073591292916 1.0268318453982153 111 112 108 0.28
115 0.1768302193243454 0.24640089313609298 0.9898675709804712 115 115 109 0.39
116 0.14186517986353664 0.2474993162773688 0.9794079183462215 98 98 94 0.14
117 -0.24983976409823908 0.07348858722171206 1.0106780910887014 140 142 142 0.31
118 0.09519708646121436 0.09856628912887665 1.0372492843362062 149 146 136 0.47
119 0.3408389491943461 0.10821525732313671 1.0881949836909597 136 136 137 0.35
120 -0.04214789516269946 0.10595839122403347 1.0086806110689166 133 128 117 0.4
121 0.04458123355339022 0.13024533485272152 1.0137936448746092 128 121 104 0.34
122 -0.2560873866383179 0.1294143113669072 0.9836420759237665 141 139 124 0.33
123 0.2860078332685808 0.31417893809153935 0.985221140195575 143 141 127 0.3
124 0.1274769725419297 0.12106124512100828 1.0347706298581285 150 148 140 0.37
125 0.1569345626991312 0.20389664158049017 1.0074054008333138 108 112 108 0.65
126 0.18863203176631457 0.24684213978174788 0.9961924751171715 80 80 77 0.39
127 0.10651308690159933 0.1236282325032058 1.0282546344696033 143 137 125 0.84
128 0.35901263968971125 0.14139691066169813 1.0762880611565901 131 128 118 0.43
129 0.18962516933399065 0.14947947685731677 1.0378830501886267 61 60 61 0.67
130 0.28994138507243367 0.08666559748633755 1.083933355973751 157 153 142 0.2
131 -0.24882232460697062 0.08757022672104749 1.0013080329899098 92 97 103 0.29
132 0.23843445585972653 0.11586161905911127 1.054270226030443 89 86 76 0.26
133 0.143569481110895 0.12573859224945413 1.0376697794127487 137 130 114 0.13
134 0.36668007955355275 0.20619258489873846 1.0518119489052375 54 53 47 0.31
135 0.03609421896359377 0.08512883271280822 1.03156985296339 144 131 106 0.29
136 0.2365796920120263 0.09679507220941944 1.0695676691634217 75 72 61 0.19
137 0.1259406231851643 0.11319838742712793 1.036916874642761 125 123 114 0.46
138 0.3467057867977178 0.13027210234056646 1.0784582316281108 107 100 88 0.45
139 -0.20923708628575977 0.12051369243308639 0.9917475642103343 158 149 128 0.3
140 0.28355498227889503 0.13160282115456615 1.066258937888961 155 150 132 0.33
141 0.3449455906977172 0.1347907998803337 1.08163173378064 138 134 112 0.22
142 0.3517560443275967 0.13490500445571124 1.0817130034809646 142 136 123 0.5
143 -0.23730836247584186 0.12942889144499242 0.9864966190498593 139 128 102 0.36
144 0.12050903518301684 0.185979076202959 1.0070069397482788 202 171 98 0.09
145 0.08961424362786798 0.09517870696852779 1.0383350083621057 154 151 140 0.64
146 0.0497488237310321 0.10963761111009628 1.023500695598735 149 129 86 0.36
147 -0.022356083591280527 0.1098967784253553 1.0100168350138392 169 163 150 0.41
148 0.07684066902826252 0.13651810416959398 1.017519806609334 45 44 39 0.28
149 0.09149348685048314 0.25219636896843045 0.9708879954975476 186 166 114 0.32
150 0.051052695322581755 0.0910815525551051 1.0328996686016312 183 166 123 0.49
151 0.05331485584694096 0.1051109640725657 1.0274685163513655 194 177 136 0.45
152 -0.2670351285907311 0.10241478600270867 0.9974953572598548 135 137 135 0.29
153 -0.21057531694947967 0.12746450175279989 0.9864351465450333 136 130 115 0.49
154 0.3443558032746616 0.15416358845604763 1.0686623205764112 153 127 74 0.26
155 0.1088306224366803 0.19110539184336353 1.0026724294933946 170 168 158 0.26
156 0.23757873619523384 0.24645818387325846 0.9925651319524672 172 174 161 0.44
157 -0.29406192609115606 0.12888972653468747 0.9827885797357626 124 118 103 0.34
158 0.14986965041070358 0.19756440687240198 1.0097142009176787 35 37 40 0.36
159 0.2772547259410788 0.30936663722851326 0.9859144594511136 55 56 48 1.31
160 0.2706467766698924 0.12122429966171541 1.069063746323153 102 95 81 0.54
161 0.15719851291540518 0.21999466047980093 1.0055015623733208 53 51 52 0.76
162 0.16030187374226107 0.27830694568128767 0.9729856263313014 24 28 28 0.67
163 0.11221159846534963 0.04568649449200033 1.1167016972824384 197 194 187 0.34
164 -0.0193047939433187 0.0723430684763641 1.0168617513073386 112 107 97 0.33
165 -0.037730421221226475 0.07939802809530343 1.011888626348592 147 142 128 0.34
166 -0.04281519830381488 0.08213928146934504 1.010948776227432 126 120 107 0.45
167 0.08406169993959083 0.07709714716725631 1.0366312665304132 126 123 112 0.26
168 0.09288626853681103 0.08066710139477483 1.037219910129734 105 106 98 0.26
169 0.07609093870689612 0.10006638862924876 1.0341551356259495 160 153 135 0.16
170 -0.010474390729175123 0.10577213259968246 1.0174648642353326 177 173 146 0.22
171 0.17339567553522128 0.10885804756208708 1.051978883363489 131 133 128 0.3
172 0.017125444690295033 0.11639393256418429 1.014628136279581 199 195 182 0.43
173 0.13756431523501889 0.12166323706267639 1.0337716544901014 95 90 76 0.39
174 0.13467866318121835 0.12536680173564888 1.0342992577890335 191 187 163 0.16
175 0.15346825115358362 0.12619770983846434 1.0380844831795863 158 149 129 0.86
176 0.15209186741122122 0.12951011812132576 1.0370911116989068 160 154 130 0.28
177 0.10195513483171059 0.13447190945874654 1.0188104445667447 207 178 126 0.5
178 0.36088502677768053 0.13649130387791963 1.0872213238774118 164 153 137 0.29
179 0.0569777186001474 0.14647394819171147 1.018288771538172 111 104 74 0.18
180 0.1283955999868245 0.18756719207353614 1.0091288875022624 157 144 95 0.21
181 0.25188356325945555 0.19521452112888021 1.0303324071768043 146 151 143 0.16
182 0.26794270121465047 0.20358103012829967 1.0387251740090309 64 66 62 0.23
183 0.3654690434962292 0.24144980218938433 1.0523068438308005 105 102 100 0.31
184 -0.04482068951152534 0.05011868418807094 1.103876319791529 197 206 216 0.52
185 0.10804221103469301 0.04553308852068727 1.121239402014007 106 106 101 0.33
186 -0.04195141745784301 0.06360530287821647 1.092358668497525 102 103 104 0.62
187 0.11278756989880147 0.05310973467745848 1.1172244947911887 198 196 188 0.34
188 0.25933245518999004 0.07639813151249783 1.1062332325896767 146 150 150 0.24
189 0.21497587746356991 0.08123271795668015 1.0745280666569557 111 118 124 0.67
190 0.17083687711343304 0.09252609564873518 1.055542541813152 121 119 111 0.29
191 0.14275484463650429 0.13837440322543373 1.0286747161460135 133 117 89 0.36
192 0.1376512645501864 0.15198148271298562 1.0239702398005985 162 149 116 0.46
193 0.26686637517918094 0.1921276074918414 1.0415275372636938 82 87 87 0.21
194 0.16308505385701216 0.07457493478016321 1.0678135753387656 45 46 42 0.65
195 0.07295007289370552 0.08857525444424186 1.0370824429356003 155 155 146 0.52
196 0.23742717963301904 0.08527211189690796 1.104050278897531 107 112 118 0.51
197 0.16876835813772614 0.08777297871704845 1.0619014289234603 182 184 174 0.45
198 0.3073969400307137 0.0929909943009919 1.0864928040133235 143 144 142 0.31
199 0.030819191604314226 0.13867535450679444 1.0094557220524716 144 113 57 0.29
200 -0.0747576009112256 0.0496882972164474 1.0287331403864464 146 148 150 0.32
201 0.2155853463765896 0.11286922640751611 1.0616739451821815 144 143 133 0.48
202 0.29679344864713153 0.11436208881379958 1.074457893015818 165 167 155 0.31
203 0.06950121935595614 0.042859772403977696 1.0539311602977213 234 237 240 0.47
204 0.1442646470162386 0.05824997750888524 1.064133222561367 143 156 168 0.67
205 -0.03587407532789174 0.07186316637227404 1.0197397854365349 175 175 170 0.73
206 0.3232890344347741 0.134510821943929 1.0652172876594317 128 118 96 1.26
207 0.021415311537670203 0.07669057372946082 1.09170532615827 147 143 128 1.23
208 0.18672568898213615 0.07588690328210483 1.0688516467776548 196 194 186 0.28
209 0.2261269111629526 0.20274407443222078 1.0272965063394974 61 66 65 0.46
210 0.2587156349359444 0.17648921119548958 1.0432649762707917 87 83 80 0.13
211 0.1389090119737172 0.18633904462871964 1.011014624450825 228 225 210 0.19
212 0.2943474009323788 0.24362685673730364 1.0230376534987813 57 56 50 0.08
213 -0.055572111712085585 0.05585107248548371 1.0831291293179997 95 98 100 0.8
214 0.017679634400941432 0.08844255479191812 1.0246480063297891 235 222 175 0.42
215 0.15442449494930416 0.1478134115230974 1.0305866154597458 79 73 70 0.5
216 -0.31286528687161136 0.12541797233572435 0.9853506901340416 125 118 97 0.26
217 -0.14905252294912427 0.05310732345116378 1.0191058479547896 99 100 99 0.36
218 -0.20937655223014726 0.08609666060566891 1.0069211497186648 90 93 87 0.35
219 -0.19488656303735474 0.08742479475633202 1.007530857842682 71 70 58 0.34
220 -0.1856227823232379 0.11623477688754738 0.9933994554163428 111 100 82 0.38
221 -0.2505766598956373 0.12120893087515369 0.990382055471067 178 170 152 0.51
222 0.2854723799624857 0.11464228395351252 1.0717953868566108 139 142 142 0.3
223 0.22412158645375066 0.12920075283454888 1.0525902858287306 148 142 124 0.27
224 0.23562293221997196 0.25753622865465225 1.002423054053869 115 120 121 0.15
225 0.09662420187947292 0.2553107303542555 0.9705742227093112 87 84 74 0.25
226 0.2026321693259826 0.2634884338868498 0.990663440029168 100 89 68 0.4
227 0.19868184454165833 0.07673359370335951 1.0713038962662007 67 63 60 0.37
228 0.1401608109266458 0.1476377015664579 1.027139931957536 144 122 77 0.35
229 0.2192508108925212 0.2008018128419402 1.0235993063658897 52 54 60 0.31
230 -0.2928545361492313 0.12479182274938304 0.9815700380431128 122 114 101 0.46
231 0.1787466895675495 0.0623484080647948 1.073474823284207 148 148 144 0.45
232 0.21275725577534138 0.28198144257365243 0.9865644195147677 135 131 113 0.37
233 -0.23509705793250016 0.12503686524874968 0.9848420853688961 139 131 114 0.58
234 0.19574921229507836 0.27801475515231333 0.9818367777293457 69 65 65 0.31
235 0.09561203959940258 0.11855246791777031 1.0240669844524843 189 183 168 1.07
236 -0.26686001940048304 0.054186017859851325 1.007044012565506 111 111 107 0.14
237 -0.14989625036223236 0.05696582998765559 1.0194678229002996 163 160 149 0.17
238 -0.2620383930758167 0.060154195200853994 1.0004336697849867 136 137 126 0.09
239 -0.2617297361064035 0.10005281348856403 0.9958841614874437 113 115 114 0.15
240 0.025030449397842214 0.09218694899330702 1.0266013370954419 186 173 145 0.11
241 -0.3138481494795245 0.10464058159211885 0.989097765550225 155 156 153 0.17
242 0.24016453196498594 0.09426565035839593 1.075141027929845 218 211 187 0.27
243 -0.19303873001821378 0.10338422972581379 0.9952273605194877 139 141 135 0.22
244 -0.03270983686130701 0.10210414814899882 1.0106222023708962 138 129 116 0.2
245 0.01955443394790296 0.1024929818299562 1.0169031861900841 161 155 134 0.06
246 0.2353182333748016 0.10220268730540388 1.0726772014759616 115 116 112 0.18
247 0.09412822074781262 0.10423315380410453 1.0334422053748809 178 175 158 0.1
248 0.2528568537877742 0.11204855776806319 1.1029518730904753 113 114 106 0.19
249 0.23664870373819968 0.11159642013437401 1.064019124625159 126 128 126 0.18
250 0.2396113886172892 0.11331624183113985 1.0581602681522797 147 147 142 0.31
251 0.20632701701463535 0.11444390020441779 1.0493229393427355 97 90 81 0.18
252 0.13163423021892065 0.11786902752105996 1.0381513830345868 152 149 128 0.12
253 0.33887685246162264 0.11676166424039242 1.0773739171699037 141 144 139 0.1
254 -0.320436597467438 0.13641682065209176 0.9890867971343839 171 146 101 0.47
255 0.1630995267517883 0.12348775824536865 1.0441077857766048 107 95 64 0.2
256 0.07008796823295578 0.12656381670337602 1.0216321955206211 124 120 104 0.21
257 -0.005878618289784112 0.1290447691927248 1.005527173710326 131 113 86 0.25
258 0.3243953921260142 0.12961376041798742 1.0755444097014837 124 115 92 0.17
259 0.31435209908448647 0.1450929998763045 1.0623370721666032 167 148 114 0.29
260 0.21718640696802052 0.19108549029843586 1.0275856809732786 141 122 74 0.28
261 0.3677201330276668 0.20150880533063312 1.0617131399776523 124 126 124 0.22
262 0.07664660425498335 0.2013759575070926 0.9891174707551184 118 117 113 0.27
263 0.24774098977055703 0.2624573416273388 1.0248008368819725 137 138 128 0.14
264 -0.24814653662502517 0.06490375237757372 1.0139845327340609 165 169 163 0.17
265 -0.3054299415480184 0.07729674941461331 1.0260981959996045 115 122 128 0.18
266 -0.25702373682362273 0.07372481250908301 1.0060165296517944 178 176 168 0.3
267 -0.13757465240948363 0.07140591873459395 1.019949756882421 186 187 181 0.31
268 -0.015976759411071084 0.06796556981431642 1.0201161210297158 212 211 194 0.13
269 -0.16447175602981884 0.08470444866304269 1.0102986810056485 81 82 79 0.35
270 0.16943766665295057 0.07910840635846803 1.066392626865259 232 228 206 0.25
271 -0.25640743316711007 0.09492197351323088 1.001406716052195 71 68 71 0.1
272 0.28547038315093115 0.0891402145842076 1.0805868353705297 84 83 76 0.3
273 -0.23834844625736232 0.10221446208120503 0.9943954278986555 114 118 119 0.13
274 0.11850500417946402 0.10812450968313905 1.0378301944995136 134 128 110 0.34
275 -0.3142446121115675 0.1215707183380693 0.9820658855617578 154 147 125 0.29
276 0.3569188636211058 0.12141209402246211 1.077704072793179 78 73 63 0.45
277 0.19734168074730501 0.1283980912335644 1.04808767514714 176 168 147 0.37
278 0.24002581592983607 0.12992417603961826 1.0562179092883714 138 133 119 0.32
279 0.2724240896276289 0.1312859726339268 1.0644086977207994 154 149 131 0.35
280 0.0248410344150215 0.13366518103048308 1.0082005820412796 165 139 98 0.11
281 0.11218261586633801 0.13765954311548537 1.0233796046495711 45 41 36 0.24
282 0.14647677895996694 0.15452592572365145 1.02624928049087 55 54 52 0.32
283 0.18257143781428053 0.1869237451555118 1.018006067584866 83 85 86 0.19
284 0.3133270104008263 0.25569863257562114 1.0192694137374136 110 110 105 0.33
285 0.13592403968698213 0.2554195154699745 0.981154886680186 202 202 192 0.29
286 0.19912554939498217 0.2604986760335887 0.9931426977245689 137 124 86 0.22
287 0.36875602211127506 0.26297686730945136 1.0320960831550954 101 102 102 0.22
288 -0.07464933572507697 0.04388219067176114 1.0301973129390196 136 142 148 0.21
289 -0.011353477545296553 0.04486014340762932 1.0181543715777817 132 133 135 0.12
290 -0.26465460442362604 0.07339635117740086 1.0092237385931344 191 193 186 0.11
291 -0.27661066909366844 0.08112168568883138 1.0040313177434579 169 170 165 0.08
292 0.24844561239538188 0.07261615793711328 1.1261216951122588 112 111 110 0.03
293 -0.15927203342651788 0.07926384831454593 1.0115984307970862 148 148 151 0.14
294 -0.13712633484327272 0.07906861434046812 1.0128800339861412 218 213 204 0.25
295 0.2107220674201546 0.07552782709440249 1.0713051196333618 37 40 43 0.41
296 0.1791343347537818 0.08207870244617572 1.0665543823686146 199 199 191 0.15
297 0.3006483773080105 0.08094872902787495 1.0935045951470241 55 55 49 0.45
298 0.22858817064311387 0.08617342651221081 1.1008037226043843 102 110 117 0.35
299 0.20791943118034115 0.09459426125441654 1.0654598376450515 88 88 82 0.28
300 0.20851094471843384 0.14942525626033318 1.0408825528225856 147 119 69 0.5
301 0.23234591782666994 0.15997220281060626 1.0496848253709568 64 61 60 0.34
302 -0.03900186313208214 0.05753408660935195 1.0871586300859473 185 195 208 0.9
303 -0.24463578934232924 0.0699278981378718 1.013152507175473 52 49 48 0.21
304 -0.15194543897327714 0.06840758846127454 1.0178696608713143 52 52 54 0.35
305 -0.028520074607792982 0.06335139155966603 1.0236525268369951 152 154 142 0.6
306 -0.22274345290536188 0.07818012483591893 1.032802889988856 117 128 136 0.28
307 -0.014906903250754368 0.08650217079302462 1.0205951549469674 167 164 153 0.49
308 -0.16415190137470617 0.09371186221445597 1.0028681289862769 106 106 107 0.38
309 -0.24482365836638934 0.1016589764648358 0.9942952196517761 157 159 158 0.41
310 -0.16906563218558976 0.1265378571141635 0.9900148933398077 138 132 119 0.25
311 0.24868776328605932 0.26283748911173666 0.9990015785881623 156 155 146 0.44
312 0.19521841348079488 0.2671657469192292 0.986845760417879 163 161 148 0.65
313 -0.08156159368093288 0.039768695217563585 1.0380721888592053 250 254 249 0.38
314 -0.06894955195460928 0.04157384798096741 1.0610967712897024 253 255 254 0.11
315 0.05695409434876857 0.044289643863903654 1.0647433674115934 248 249 250 0.36
316 -0.31302753045953824 0.07341118830196876 1.034746364873852 55 61 68 0.83
317 -0.28299952416694335 0.09570464206805551 0.9985353855892634 57 58 57 0.31
318 -0.28627206709260905 0.10374008050701387 0.9958560177178422 120 121 117 0.52
319 -0.018454463328348585 0.11660838039907605 1.0016950712206891 170 163 139 0.29
320 0.07977193382711055 0.08098532383738488 1.167911358391712 200 202 190 0.03
321 0.28856100152365244 0.07928048118157835 1.0878261215703315 158 158 153 0.47
322 -0.29348719325920375 0.09489101479669253 0.9892728344251961 98 95 97 0.18
323 0.12570173665042944 0.04740140649142082 1.1056876132212452 191 215 238 0.69
324 -0.25636324213503126 0.06776158121096379 1.0102237537956218 154 154 154 0.56
325 0.006258469072921686 0.05708257911213292 1.0420695784222271 187 190 193 1.27
326 0.2904351848507549 0.10375736009032956 1.0823536776154312 79 77 82 0.39
327 0.1568191700038067 0.1978926030328227 1.0100344083529333 64 58 60 0.22
328 0.10693571655045048 0.2762217942985248 0.966394893820625 140 136 116 0.36
329 -0.2560622715192105 0.09297849015077346 0.9999683888355897 56 58 60 0.41
330 0.22458015888717425 0.14897930274829338 1.0445698931830605 94 90 88 0.28
331 0.2593942187420865 0.15265597946308368 1.057767359575254 64 64 63 0.4
332 0.15472579042638018 0.07971946955526482 1.063909153419529 107 120 127 1.0
333 0.1274052056929472 0.08342100736806321 1.0507193785372944 179 178 171 0.75
334 0.25212382368142566 0.08277667393721726 1.1057488471045298 80 85 90 0.58
335 -0.03497518796229534 0.06329346126885578 1.0125907246707808 169 165 157 0.65
336 -0.19726383931184263 0.0782418738623908 1.0068386675664847 209 206 186 0.19
337 -0.16114124491921786 0.12371131781954554 0.9821093383396596 167 164 157 0.32
338 0.14315962449782335 0.12889731661155523 1.0349921477363115 112 106 91 0.18
339 -0.2561612755352844 0.0816564343777687 1.0032872050517592 185 185 179 0.17
340 -0.05269356357810717 0.08741942016032758 1.0059217977189756 141 136 125 0.2
341 -0.3034277939194981 0.11773995912302304 0.9867629600412289 137 128 111 0.21
342 0.21192964366992895 0.27528746635545354 0.9883652235684817 87 81 69 0.37
343 -0.2559051797854946 0.10216944422017327 1.0020623673047895 64 63 67 0.34
344 -0.2847138354193359 0.1354241991950256 0.9827927144614362 68 62 48 0.32
345 -0.30062365369707156 0.13521825294508585 0.9788540187754121 38 37 31 0.29
346 -0.26031719698167843 0.13374854069400455 0.9748775662553729 53 52 51 0.29
347 0.001965140892441745 0.12099188111414495 1.0077189391742067 159 153 135 0.11
348 0.3226100697115345 0.13296640194214085 1.0696059923418828 146 137 119 0.21
349 -0.011985506691690627 0.0705276004734735 1.0223758261736517 120 115 101 0.16
350 0.031357520579205364 0.13248282732290573 1.0059232255384 170 139 86 0.3
351 -0.31287897422348115 0.131695825459424 0.9857952898520911 149 122 81 0.36
352 -0.3052456849280874 0.14350419067232362 0.9792616469024134 172 154 116 0.46
353 0.17115469353216767 0.25622309012750066 0.9848414812605844 168 164 150 0.85
354 0.1429660097994457 0.27792248540377124 0.9707857363728568 156 148 132 0.37
355 -0.2996980663314625 0.125240269226237 0.9839746700646208 106 98 86 0.54
356 0.01136494339980997 0.10871015164412234 1.0176678725734403 140 137 122 0.27
357 0.01212958666119158 0.12847488980231894 1.0076703897898491 128 125 113 0.36
358 0.10331482605921061 0.0489125140828317 1.1243432785112157 91 98 121 0.24
359 0.1168405751228346 0.050968298661686846 1.1304011988425282 186 185 182 0.22
360 0.14439456494744135 0.06927122963826068 1.0580320790339641 128 132 127 0.82
361 0.06880747269602937 0.06894062293405573 1.0398845770052763 211 206 193 0.18
362 0.07406355593880362 0.07475747298723838 1.0446098973838442 126 120 107 0.21
363 0.18841561390405379 0.08264337392466005 1.0616921453253805 179 179 169 0.43
364 -0.011396784009128315 0.07990241475600672 1.0174235417954987 126 118 100 0.37
365 0.24017452829634353 0.08916164658142194 1.0785893229608579 204 201 181 0.34
366 0.08027677431814055 0.08589451075405478 1.0326053866423195 138 129 114 0.37
367 -0.2003522941831482 0.08679305676456223 1.0035695037713632 93 96 87 0.21
368 0.034065277669702625 0.09444251010159689 1.0273767307073236 181 171 150 0.19
369 0.1023264970308716 0.09662724313329277 1.0377143321635944 130 123 109 0.5
370 0.10933805567513014 0.10063698169562656 1.0356628522141191 130 124 106 0.33
371 -0.03673841980745865 0.10142313079107498 1.0108055896417296 197 190 173 0.18
372 -0.1986919692313687 0.10461694168872392 1.0017053131213856 148 150 142 0.57
373 0.24458373228888852 0.11145985157498806 1.0623091554145896 116 116 113 0.25
374 0.16891828624828525 0.11069688636722494 1.0502045539520866 154 155 153 0.22
375 0.2790764221858915 0.11510559536949068 1.0720735617127743 124 125 124 0.18
376 0.24936111301425154 0.11362057889836757 1.0591713728773051 159 158 150 0.39
377 -0.28098894545403846 0.10907804056232233 0.9988546936099727 116 111 105 0.06
378 -0.1981905326568305 0.12593428959177294 0.988155986680146 167 162 148 0.16
379 -0.1904034902031072 0.1260361774855139 0.9902174565817295 152 146 140 0.16
380 -0.2660312782553108 0.12678097692676918 0.9873173282264474 178 166 144 0.29
381 0.14239291474608354 0.13415440965537986 1.0318279865312951 99 89 71 0.19
382 -0.249676820660253 0.13233763411373678 0.990780777461174 113 107 92 0.11
383 0.30143593576349687 0.2047095546034937 1.0448379134029875 54 56 64 0.25
384 0.0807802860052423 0.2441680929251662 0.9760494918226883 64 65 60 0.35
385 0.30948094311777685 0.258199150274971 1.01387681232287 128 132 130 0.2
386 0.34671599191973274 0.27951564000717893 1.0163144940541364 112 106 86 0.51
387 0.1404493144902963 0.06457858835123188 1.0639257082946851 126 130 132 0.65
388 0.2801330435429496 0.07581745039134255 1.088491837708523 157 161 160 0.34
389 -0.12985167612315932 0.07104173141923772 1.020463932342993 186 184 178 0.41
390 0.14328253660019807 0.09716865890640788 1.0404147155229508 104 110 121 0.2
391 0.10526507943134965 0.10278099397756786 1.0387285978789003 177 174 160 0.36
392 -0.18848186398512673 0.10533675258552512 0.9875629525532706 94 89 78 0.23
393 -0.2471903069916136 0.10574366451249455 0.9834879249572791 123 120 106 0.2
394 0.18055578690691299 0.11361084717732566 1.0438632302702977 66 63 57 0.35
395 0.1362456406813296 0.13088654854897006 1.0314776788810212 150 146 134 0.25
396 -0.31967524372014716 0.13183413950661405 0.98428385754002 118 102 71 0.35
397 -0.2356810842269981 0.13747825800274177 0.9849498258502528 156 129 75 0.24
398 0.33392825873678683 0.19477163138108453 1.0561148007651773 83 84 78 0.32
399 0.22114996374392537 0.2556741181867922 0.9952178826488222 90 95 99 0.17
400 -0.05563638955325762 0.06913606391663603 1.026707801726619 211 207 191 0.26
401 -0.2579353281085446 0.07706328090535713 0.99837814407446 92 86 78 0.1
402 -0.24830685997437174 0.09445265571490219 1.0053668953647905 61 61 67 0.21
403 -0.3082650449888296 0.09599224053205661 0.9962925078308738 104 102 104 0.3
404 -0.2829101993969395 0.14378251238743692 0.9795058092878346 94 88 75 0.27
405 0.08410362335694796 0.07180719239654727 1.0347329192764132 153 152 148 0.93
406 0.2558712594827743 0.10623484469978148 1.075505195968693 109 111 111 0.27
407 0.17996154663544145 0.10972150691584034 1.0511974143921685 147 153 152 0.4
408 -0.33164728444771113 0.15357169475955074 0.9735535491103386 74 67 61 0.31
409 -0.22302407484645287 0.1638744843701024 0.9766728471957362 59 58 56 0.54
410 0.1631331382270382 0.20031323121218916 1.0214383116960863 73 72 75 0.14
411 0.08959798428060049 0.29814027385411274 0.9519470630645768 145 141 128 0.31
412 -0.1854674253951888 0.10416707747728088 1.0205162064364317 131 134 122 0.69
413 -0.29929866666338356 0.10388152432724528 0.9934908175082099 129 130 118 0.26
414 -0.2850391892222144 0.11130017620655688 0.9837320384721359 95 87 71 0.58
415 -0.327849514403987 0.13757146130422263 0.980579635868968 155 147 137 0.47
416 -0.2111471366483817 0.11064033122989882 0.9912564954896919 88 81 67 0.54
417 0.17222141250413955 0.18438705194036517 1.0163764811279414 233 226 218 0.63
418 -0.12331488367076758 -0.20559830610581248 0.07174230420831339 54 57 58 0.53
419 0.28718529602566006 0.0503095486855899 1.09383324972418 140 136 136 0.16
420 -0.10732705881020314 -0.13474306068382483 0.045902996531556176 103 108 110 0.73
421 0.2928874501029574 0.059420332026767386 1.0947918329870374 223 228 230 0.45
422 0.11782797593936974 0.040695444564389 1.1104823211212418 98 103 106 0.19
423 0.18554890077677166 0.046806013594579886 1.079606941439174 140 138 140 0.11
424 -0.07559879610760305 0.034637542215763234 1.0353764811907247 87 87 84 0.29
425 -0.01124279834079238 0.050442267355421726 1.0323258294698423 205 205 206 0.26
426 0.10656158046379241 0.07383095710164882 1.0522629445078207 145 145 140 0.26
427 -0.13690369524580642 0.07915349920905287 1.0119471286742374 147 147 145 0.3
428 -0.14373829761003776 0.08065426001349561 1.0126217987298043 111 110 112 0.35
429 -0.02745169908651548 0.11171595438117107 1.0074517522560664 168 162 149 0.4
430 -0.05869549143069612 0.10860082099290756 1.0071236994260102 121 116 106 0.41
431 -0.027404503703759686 0.11812797919047473 1.0030569463487191 112 105 92 0.32
432 -0.264570145026493 0.09423448549111664 0.9994133921986929 56 57 56 0.37
433 0.04121680709283063 0.13523014417235807 1.0114300597255617 43 41 39 0.26
434 -0.072000066626205 0.12396610494370913 0.9934405031047198 157 149 133 0.22
435 -0.013244364476374693 0.13294686521409743 1.0013162869667842 40 34 25 0.28
436 -0.32665162895327166 0.10979156998917447 0.9908070544147749 60 62 67 0.34
437 0.09781226990640757 0.18394981579717937 1.0058564236741603 120 123 117 0.31
438 -0.04165442528001337 0.1812799688793393 0.9778540350002811 79 68 55 0.22
439 -0.026129393671283915 0.1923765070760493 0.9848846033234806 51 49 39 0.16
440 -0.06260475174324351 0.18946624756191893 0.9708209044744567 125 120 108 0.33
441 -0.30141799691767795 0.17596812004975704 0.9702228733847718 62 57 51 0.08
442 0.1354941289303136 0.24716669913589007 0.9863366856161133 148 143 137 0.22
443 -0.06979341425805856 0.23842729578929 0.9415540597612303 112 114 107 0.34
444 -0.10954300100432325 0.24000494896145735 0.9446053351441025 83 81 73 0.41
445 -0.15982288297086047 0.24329024163303412 0.9381897658413967 44 44 38 0.32
446 0.1364455657329138 0.27340553577935106 0.9704123373283176 130 133 122 0.15
447 0.13311119664668758 0.2838413908573568 0.9666359846628787 45 47 41 0.51
448 0.10155802038486166 0.29126951025398373 0.9559725486982068 129 126 115 0.37
449 -0.13581056493446597 -0.35332854368292194 0.13821227380637024 68 70 70 0.4
450 -0.13007660997897344 -0.27059473230263703 0.15438926783045478 197 199 208 0.42
451 -0.11956381847151112 -0.2105270604001601 0.07393883732331881 52 54 53 0.15
452 0.1813672060864853 0.05163512400994034 1.081208131759615 195 206 216 0.6
453 0.09965887274453294 0.05414648410027685 1.1301033208940932 208 213 221 0.52
454 0.06338737915535636 0.04744063560195294 1.0505502502319324 85 86 84 0.31
455 0.24794325059747196 0.0873973209648533 1.1075662940576203 99 108 114 0.48
456 0.11825439559976053 0.0668808686779271 1.063829911837747 107 106 99 0.14
457 0.2703224550709195 0.09147245427637611 1.0799290713050753 113 116 115 0.33
458 0.0720511231777179 0.06434685626948293 1.051368476311673 166 163 150 0.59
459 0.17934686334309358 0.08134403417644993 1.064250089633874 128 131 137 0.21
460 0.019745396410128707 0.06405197435269594 1.0327108418800528 62 62 57 0.56
461 0.2950658288184638 0.11518955784423832 1.074722988304386 131 132 129 0.37
462 -0.09928247707936358 -0.13949771110971934 -0.15332367515591427 70 87 81 0.2
463 -0.10988589231821647 0.08368629533994758 1.0174402202768107 55 59 60 0.36
464 -0.2700410770213234 0.07013680116815424 1.0112118007968198 52 48 51 0.18
465 -0.06251269975943312 0.11318465097824114 1.0006284739466764 145 140 130 0.35
466 0.09030123927165981 0.1370817264300334 1.0200285223316305 52 46 38 0.24
467 0.1971709986439311 0.1577901697269994 1.0410956813890464 51 53 51 0.34
468 0.2329622808132424 0.17223560435086807 1.042076186528599 26 30 34 0.38
469 -0.08064942442364846 0.131703389759812 0.9888432688231534 48 41 30 0.47
470 0.0619467328373598 0.15318920630979754 1.0104017582475122 158 153 142 0.28
471 0.07028909868498417 0.15330109391537586 1.010116366525948 168 157 140 0.32
472 0.18265686109023 0.18777057938081076 1.0218018808975518 57 54 49 0.27
473 -0.27675330632970824 0.14444368295508644 0.9785927199109157 124 107 81 0.36
474 0.18358163711626915 0.19961158066077006 1.0166338352612967 38 39 43 0.29
475 -0.3006602255115376 0.15258397973238988 0.9771407808813118 39 35 35 0.32
476 0.18298801095559825 0.20896434999812172 1.0126299977809705 57 53 49 0.34
477 0.06314031426493996 0.1964323921066872 0.9932036127526181 150 147 138 0.4
478 -0.030345193524557952 0.18574683668757686 0.9795163780099099 144 142 132 0.37
479 -0.08298155938142712 0.18408497840746327 0.97205161680621 138 126 100 0.36
480 -0.004315847326265779 0.19419626019993158 0.9821500639520124 124 124 113 0.35
481 -0.04296402993644397 0.19073797445419957 0.9756165699299445 61 58 52 0.05
482 -0.2793516255714941 0.17289929470301735 0.9622108364984148 70 62 55 0.32
483 -0.14394197402017492 0.19258359515041998 0.9703679364299249 37 34 30 0.26
484 -0.23623468682768983 0.18518200628230636 0.9653609217232044 151 151 142 0.29
485 -0.15631105524582461 0.19123149549332 0.9641288837958607 123 116 103 0.45
486 -0.2955207941457631 0.1862460372948258 0.9629531887807525 113 96 68 0.2
487 0.20598607213693326 0.2492025446441758 0.9971812728481589 130 129 123 0.3
488 0.1473137721781352 0.24579450941901929 0.9806926605328262 115 112 110 0.23
489 0.2467725997795786 0.26248096049505953 0.9941875356834562 112 112 106 0.36
490 -0.27226466625440704 0.21583268336512035 0.946374942430125 127 109 79 0.25
491 -0.03169714397480299 0.23962861857464532 0.9528340545503352 78 75 69 0.53
492 0.186996033205974 0.2724040091970016 0.9822952199231189 33 34 35 0.28
493 -0.23540110501690756 0.23383658915139727 0.9429589496041761 103 93 65 0.28
494 -0.3016076817438748 0.24390858642535607 0.935928937603056 101 102 102 0.21
495 -0.16600954002186954 -0.3840724793359283 -0.08358324268815266 111 112 114 0.18
496 -0.15605400796599533 -0.45958912730206414 0.19432003912581092 46 58 65 0.45
497 -0.13757611486531537 -0.3558200431591042 0.13561847013260864 151 153 152 0.27
498 -0.14166530094214652 -0.28734864136660637 0.10347960851787277 101 99 96 0.15
499 -0.08446575433045792 -0.22559860930183548 -0.1930257521574021 168 151 126 0.22
500 -0.11908637145928867 -0.23023907130170002 0.08031584787176729 18 20 22 0.06
501 -0.07500423949032829 -0.2050073705538766 -0.08641825148975397 156 151 145 0.15
502 -0.09675418798858891 -0.2040307423373388 -0.118762116475902 18 20 18 0.31
503 -0.10818506053125762 -0.15026999776928357 0.05684247307158324 33 54 49 0.17
504 -0.10799775430454743 -0.14061980379220534 0.04881319706101437 102 109 108 0.48
505 0.28398632770310805 0.060085790924065796 1.1154451279901663 207 206 209 0.41
506 0.19083401150389598 0.051166858168239536 1.0772135827807108 208 216 223 0.6
507 0.13528921126423193 0.050747215433283 1.07000630638221 76 79 84 0.29
508 0.05709882070329958 0.042468351170242065 1.0533636627684002 221 219 226 0.38
509 0.2652495927666565 0.07854688805661635 1.088787426229623 34 40 36 0.25
510 0.2767747311194674 0.08042211957025533 1.0886866214654194 40 40 38 0.45
511 -0.0015328284154478506 0.04093394503279166 1.0443330031558187 218 223 227 0.53
512 -0.011517204762482643 0.04009376421394741 1.0382141240398004 214 216 220 0.28
513 0.17453828164494026 0.07581885687810908 1.066799600169724 58 58 56 0.33
514 0.1428838477787595 0.07275370018699819 1.0585517708929157 42 44 48 0.54
515 0.05267395429645418 0.0700635084255008 1.0850356018506946 176 175 166 0.68
516 0.16334329425390046 0.09250132138959588 1.0646136680032539 49 52 52 0.28
517 -0.08395616787465918 -0.13672052857510092 -0.14195114657082675 108 106 104 0.3
518 0.16433258653372895 0.10144765273968455 1.051108746158046 76 81 85 0.45
519 -0.0793862423843815 -0.13458284209056917 -0.14098723478537803 27 26 22 0.38
520 -0.08375646131406096 0.06684277479338643 1.0262945008435638 62 63 65 0.47
521 -0.12350359511933569 0.06792713021246641 1.0200989698349288 52 51 55 0.16
522 -0.005758793216533904 0.08428613940184251 1.0215277141676824 152 148 139 0.49
523 -0.10549881750038766 0.07745228192102509 1.0389066840717587 93 100 108 0.32
524 -0.08035856291013485 0.09314629334266336 1.0080339303925236 74 75 75 0.37
525 -0.08917265401937638 0.10153720597724057 1.0113787423017548 139 139 134 0.54
526 -0.09900823002992076 0.10120596266576486 1.0057789226751528 145 145 140 0.24
527 -0.12413673939851796 0.09992946340222046 1.0051056184750156 136 135 130 0.29
528 0.07837535730500382 0.12643213283903662 0.9974302008904228 127 124 114 0.67
529 -0.09817776160743036 -0.1250874947555538 -0.1517502922143024 87 88 85 0.36
530 -0.07300741197618323 -0.1203605581209922 -0.14595858456669922 98 96 92 0.39
531 -0.08505364742933981 0.12577261769508435 0.9931722891541387 115 111 98 0.35
532 -0.0984352971756799 -0.12162250420741545 -0.15545729445618972 90 94 94 0.22
533 -0.09201959098278463 0.13330183363295847 0.9965739587915655 36 35 34 0.32
534 -0.10043662090285717 0.13230469476374168 0.9886564998873055 44 40 33 0.27
535 0.022159781084264817 0.16280648210015622 0.9977114448108094 51 49 40 0.55
536 -0.3244407456934376 0.12859614640171832 0.9871688371603715 75 70 64 0.36
537 -0.3015004637710898 0.13614902799343875 0.9820926916661765 44 41 34 0.26
538 0.02212877927569224 0.19275667174447494 0.9890859652208726 40 42 40 0.05
539 -0.12091008762277154 0.19174969942627382 0.9695693915084643 46 44 40 0.28
540 -0.10989387243933915 -0.04248143106923173 0.012538149176391645 26 30 29 0.47
541 0.23632679358378134 0.27559347560908787 0.9955659740192243 38 40 40 0.26
542 -0.13410425590245975 0.25944904352098835 0.937927538531973 93 88 78 0.55
543 -0.2126111015027052 0.25948243692320755 0.9305281813594126 74 74 67 0.55
544 0.24217864444529655 0.30239760973528346 0.9839155478798017 114 114 107 0.48
545 -0.2882395844819444 0.26045785821240136 0.9264587348706008 77 77 74 0.45
546 -0.1690098459004935 -0.374751902848472 -0.08380185928285275 59 55 57 0.31
547 -0.1624348428318761 -0.34600483122703246 -0.09167141644131521 163 164 161 0.35
548 -0.07747055539494374 -0.2872654398634501 -0.20424438292187072 87 80 72 0.58
549 -0.0773380383063814 -0.2825714072626683 -0.20615485174513515 177 171 165 0.63
550 -0.12940177851375614 -0.3612209264008986 0.14208754160727932 73 78 85 0.15
551 -0.10180104273848206 -0.26334517875286223 -0.10474537143247055 102 104 102 0.23
552 -0.14939905277319138 -0.26957993577837036 0.09877713692662612 17 22 22 0.22
553 -0.1293284076576288 -0.2230394955493769 -0.12626637906907265 98 94 90 0.42
554 -0.20541246915667893 -0.18539508894671625 0.31014668450412514 229 229 231 0.14
555 0.28736726228474735 0.06081304653455972 1.0755820961506208 94 93 93 0.18
556 0.06259461991512755 0.033062469343641605 1.058509630258873 123 123 115 0.36
557 -0.007142972664718984 0.030662922965845576 1.0452820303951391 132 131 122 0.35
558 -0.07595980309505787 0.029502135712000468 1.0383191828151752 120 121 115 0.5
559 -0.0024971600546833373 0.04738704246484854 1.031987548213544 92 94 104 0.93
560 -0.10161891110464055 -0.144583809633667 -0.1498851556355718 15 22 18 0.28
561 -0.12433502720878199 -0.14610132981304344 -0.1524726307629049 18 18 15 0.12
562 -0.0846060085263632 -0.13456721304154898 -0.1439062358375925 25 22 17 0.21
563 -0.08387689214640677 -0.1320804972352154 -0.14565174770223166 130 128 122 0.33
564 -0.07603397407657753 -0.1299513826250815 -0.1421258055575235 33 29 23 0.24
565 -0.08124348938070976 -0.1304137989790686 -0.14360939672166037 36 35 29 0.23
566 0.22980440657114823 0.1374428481915755 1.0567469667384692 84 83 83 0.37
567 -0.08006488583909906 -0.12795824117830812 -0.14509523789713155 128 126 121 0.25
568 -0.07527115925562916 -0.12431775997382924 -0.1449985895479351 139 135 131 0.33
569 0.11617233642620373 0.14083639109110813 1.0362150212498697 37 37 42 0.16
570 -0.04097820674629156 0.12583453811688566 0.9975862263768265 143 134 114 0.38
571 -0.3222858756335608 0.11038494972777883 0.9899570752992581 56 55 59 0.41
572 0.21908705380592397 0.2006802325407314 1.0234284676390402 20 23 23 0.21
573 -0.24252021481957547 0.1930109276578064 0.9591657714340102 53 52 50 0.34
574 -0.259069865297639 0.1940471696052322 0.9616017378910588 41 45 46 0.41
575 -0.2818719055699872 0.19336174655835467 0.9592004318029049 43 42 42 0.13
576 -0.0773069939010762 -0.27624961354461325 -0.20838607209753446 167 163 155 0.74
577 -0.10629603550619997 -0.2782112868222587 -0.10282948537429909 37 38 40 0.39
578 -0.13490862390981156 -0.2711886063211342 -0.11542549060533816 107 110 118 0.37
579 -0.10101396798608114 -0.26196045768960374 -0.10151388361043802 45 47 49 0.35
580 -0.13893286717555026 -0.27510876496187114 0.10154211173931718 36 40 43 0.08
581 -0.09959857049595743 -0.23062790098445604 -0.11324416869980326 33 34 35 0.1
582 -0.07007390141029911 -0.20699050964341953 -0.11147681455135491 75 77 78 0.11
583 -0.12411710365884314 -0.19960393792794748 0.07248898324978346 27 30 30 0.44
584 -0.07169268753573411 -0.1887614758295073 -0.12042500125185714 139 142 142 0.19
585 0.2959488975804003 0.05836649760723089 1.092304510480615 194 196 203 0.24
586 0.13400105648999375 0.03626580090486811 1.0758862557087696 123 130 118 0.42
587 -0.0962603674831774 -0.1521706977232368 -0.1381402428362186 124 124 121 0.21
588 0.3009105238560412 0.07419279997642918 1.1090936992589637 79 83 82 0.81
589 0.14532700555716996 0.0450398984796303 1.0644717175668421 178 198 219 0.68
590 0.12561311596375008 0.046720523511407444 1.0891012257787147 218 221 226 0.47
591 0.04692187929798498 0.06071269541086047 1.063164477339947 201 201 200 0.87
592 -0.01842736882281378 0.0562187758848707 1.0427720478312774 185 186 189 0.77
593 0.14487523823569834 0.08746394504531313 1.053323946685147 54 57 62 0.31
594 -0.11931157793865985 0.09381845569711711 1.0097079899838808 140 138 131 0.33
595 0.10440465435666735 0.13073283499070756 1.0210823433117533 119 110 93 0.86
596 -0.09679122345526181 0.11012264016436155 0.9978420859037285 75 71 63 0.5
597 -0.27266116377001254 0.09667575117659029 0.9991660517668797 142 143 137 0.32
598 -0.16988155667348698 0.10969230862696892 0.9934151211616642 68 61 51 0.92
599 -0.08486836488289773 0.2562888088164659 0.9368215618794252 98 96 87 0.55
600 0.19656658154631837 0.2979666570881676 0.9734088518710287 109 105 97 0.46
601 -0.1598843206601042 -0.37122041653979726 -0.08052183174885104 163 166 158 0.4
602 -0.15953352068127652 -0.3361459557481455 -0.09432299194079763 38 39 42 0.42
603 -0.09101213666271124 -0.28269786181941325 -0.09957401827934735 23 24 25 0.18
604 -0.10966060918920603 -0.28517409743033334 -0.10725831339553174 38 40 42 0.14
605 -0.09730794844568694 -0.2713505846504393 -0.10030200643054187 42 43 45 0.63
606 -0.14085260791309304 -0.2694965206716703 0.09857897994469968 83 92 95 0.45
607 0.27538716873128777 0.07222765204101012 1.1571024785761446 65 69 73 0.47
608 0.27033242123092044 0.12056749145069975 1.0644205764979062 69 63 58 0.52
609 -0.13771320198110648 0.06494993510164332 1.0179522161210095 152 152 151 0.52
610 -0.0711480557501385 0.08982420511348314 1.008807014203758 173 170 162 0.57
611 -0.1373185747275575 0.0910416043979007 1.009617254192661 61 65 72 0.4
612 -0.15388481174806004 0.09546501886533325 1.0062933819494364 154 153 148 0.4
613 0.012903847298749884 0.11661609485270989 1.010471163639561 144 141 130 0.73
614 -0.07693751009490225 0.11159659670716261 1.000033880022074 75 71 63 0.6
615 -0.06614685916484091 0.12232851311395265 0.9990087691543942 132 127 114 0.65
616 -0.15835120835393188 0.12596403391341374 0.9901516171207094 125 116 101 0.56
617 -0.23387103810491475 0.1573939326756495 0.9777434978818925 156 149 131 0.22
618 -0.2721037282458238 0.16059308499930666 0.97468852673696 149 143 131 0.37
619 0.10369798665580782 0.20096680141252643 0.9978619110563214 168 160 142 0.23
620 -0.30989475428174446 0.15904864424480225 0.9720408248325506 150 144 125 0.29
621 -0.0007038205790040517 0.19874988234218827 0.982462000435671 141 128 107 0.74
622 -0.03314540067363632 0.19812872595269446 0.9726707886392473 158 151 128 0.42
623 0.034804606037679514 0.23130881980344328 0.9662769981007772 178 149 84 0.19
624 -0.10901486935330491 0.23179962943948343 0.9538969118035716 132 113 70 0.32
625 -0.13673511940721164 -0.34989914133020655 0.13292631918735584 152 153 152 0.56
626 -0.15044022240163954 -0.27142705164592124 0.09735799485481288 38 41 44 0.18
627 0.20681114948176266 0.1358463295172412 1.04335078964479 92 85 70 0.47
628 0.20736737871745062 0.16621083324087008 1.0376770811179052 149 147 139 0.31
629 -0.0519100706348065 0.13772241627957185 0.9924357267629905 48 52 55 0.59
630 0.13720611505434663 0.16438708822669063 1.021330151852141 152 150 139 0.56
631 0.08462616523695982 0.16704740411279592 1.007297436010028 65 70 73 0.28
632 -0.018210845545229212 0.16362230371533132 0.9892999314736459 76 70 70 0.2
633 -0.05164758546737737 0.1642977305223559 0.9853832202240146 64 61 59 0.4
634 0.24359180924486584 0.20977037185451985 1.026320584058667 184 171 142 0.4
635 0.17423692024454135 0.20506863014939627 1.0133250705975043 157 151 131 0.48
636 0.05017794362698919 0.19430021002740216 0.9919081434436817 54 54 52 0.24
637 -0.2524025918395892 0.16529193226578162 0.9736431974859678 63 61 62 0.35
638 -0.21338572523754276 0.16646099732134495 0.9741880963431201 57 55 57 0.29
639 0.015519731573531271 0.19319910238986343 0.986355703852462 49 45 42 0.45
640 -0.2906978506197449 0.16618741028474063 0.9709030408226385 50 47 47 0.63
641 -0.15421598683230156 0.17878916149221116 0.9724784837181972 148 141 126 0.4
642 -0.050111148893641266 0.19081480367532497 0.9728397279599879 57 55 53 0.47
643 -0.21182393982524725 0.19431239350645582 0.9611580242001818 71 72 69 0.47
644 -0.250571884776958 0.19378290529532083 0.9599403783006892 62 63 62 0.41
645 -0.28880471680889686 0.19504044841556673 0.9573635730138147 69 71 70 0.37
646 0.21243328140826628 0.2817534367285489 0.9873082794544151 114 108 96 0.47
647 -0.10119870579440854 -0.1495625936250127 -0.14761133431116083 91 93 94 0.66
648 -0.11979904970789267 0.05004214705973613 1.0157914009399898 87 93 95 0.69
649 0.22454313068628495 0.15187512526429955 1.0455129461843848 44 42 43 0.34
650 0.1181310002185726 0.14179525117121697 1.0238948013968934 51 56 62 0.92
651 0.0843495308466689 0.14362402437461202 1.0163870578128673 75 80 87 0.84
652 -0.10252728244087185 -0.1244930339940407 -0.15753345444458788 25 27 26 0.38
653 0.013891066747086851 0.13945043055630774 1.003638391788266 45 49 52 0.52
654 -0.019031243177994334 0.139561584008771 0.9969064601684339 54 56 59 0.64
655 0.19138021020275062 0.17341125182219527 1.0328086857516177 45 42 46 0.2
656 0.15513612053358108 0.1727858943621067 1.0228025711977689 31 32 32 0.4
657 -0.21421358484484732 0.14324442153699798 0.9817601915540225 36 36 36 0.58
658 0.22586741924613868 0.20435787496785715 1.024590097835795 72 74 75 0.31
659 -0.17492843478546105 0.16559034505296358 0.9783729774577924 60 51 48 0.42
660 -0.11063530622124262 0.18484900759873482 0.9773159629501774 122 118 102 0.3
661 -0.12971287015449018 0.22685959011191878 0.9551988677478386 38 34 33 0.53
662 -0.0663656685336069 0.0766955411655315 1.0196792711109284 154 152 144 0.75
663 -0.15705735237386015 -0.4450098384461365 0.19083923865587926 79 69 65 0.46
664 0.06089430720500399 0.10975087646526929 1.0257523701100073 130 125 114 1.28
665 0.028999717155545838 0.029620568202919553 1.0543750730446317 236 240 242 0.3
666 -0.09956999689158766 0.06129234096788883 1.0197681297657997 65 70 76 0.76
667 0.4627606071112495 0.23440083122799762 1.1169357307266583 154 147 139 0.65
668 0.27536986276841685 0.30401374484159643 0.9895066876611469 117 119 112 0.37
669 0.3415848130142684 0.07492063801636344 1.1898488628618036 108 109 116 0.33
670 0.18378552993811606 0.08567460164560892 1.062666571997617 58 52 47 0.09
671 -0.13518152176307818 -0.04883282604770047 0.1197341443130126 110 106 101 0.49
672 -0.1532202841689441 -0.01834705424730907 0.15899470607960792 114 107 103 0.43
673 0.3686335307445562 0.28171405787149784 1.0241098710895278 28 32 28 0.32
674 0.38087655116841324 0.2861018044032555 1.023643740691729 48 47 40 0.3
675 0.2741547820997686 0.28787532957305617 0.9971632641103212 120 117 108 0.27
676 0.2661353054444064 0.29402361487264345 0.9945304530775994 73 70 64 0.2
677 0.35214807472835424 0.30186229949861776 1.006905490057158 141 134 121 0.34
678 0.39886675012029355 0.31818118396075634 1.0268533020178048 58 52 37 0.32
679 0.3942094896217579 0.31865323642614407 1.0276347533770562 52 46 33 0.37
680 0.21198922904168999 0.30900654361596525 0.9715569034575483 54 52 44 0.42
681 0.28112587800541605 0.3117568987758747 0.9843972455721337 80 75 60 0.22
682 -0.19305288920954697 -0.15184350802317637 0.2670606697422352 114 113 108 0.48
683 -0.19217838023229192 -0.13735110164790526 0.27622622501811894 131 127 120 0.33
684 -0.007207614158064258 0.0358344036612866 1.0465506113804004 116 113 112 0.36
685 0.3786270526464721 0.1985605510261623 1.0597118720357397 86 80 68 0.36
686 -0.16024854633226104 -0.007769246440176789 0.18135103839925878 53 46 38 0.53
687 0.3130198048621395 0.2552686945422516 1.0175702218331864 94 91 85 0.44
688 0.2599249420093568 0.3084921928985562 0.9853890549802001 109 105 96 0.37
689 0.24724066489203936 0.31094831172062165 0.9766642642075138 41 42 36 0.36
690 0.38250103976556765 0.3208237031175607 1.012803155357367 55 56 50 0.13
691 -0.1400831321568924 -0.03641020369841206 0.11046557734014309 27 23 18 0.17
692 0.4672530679292009 0.23010663422157793 1.124876262753983 48 44 42 0.26
693 0.38932576105596034 0.2521238990647554 1.0488200721277021 27 30 31 0.39
694 0.3558609426476706 0.25239223164602986 1.0269024135852192 35 36 35 0.25
695 0.2021712883893217 0.28698292210650495 0.9840099858776008 31 30 30 0.22
696 0.30304603125394247 0.31501980156326476 0.9972656040105689 15 18 15 0.22
697 0.3577835623519318 0.3154712769323674 1.0013813676187728 35 30 24 0.3
698 0.3694581402270316 0.31709667675618675 1.007542002231385 23 25 22 0.45
699 -0.10266061879289766 -0.2142842752288319 0.0858135790778799 111 110 102 0.34
700 -0.11478929784842994 -0.12477014565911046 0.0927150708515096 17 22 16 0.19
701 -0.12879043357933584 0.09213476886772562 1.0081886923392291 75 69 64 0.36
702 0.2657412671371659 0.301743904556239 0.9927549860435061 43 45 40 0.75
703 0.23760859294447614 0.30561022006328126 0.9790733109792517 36 36 32 0.31
704 -0.11780422873754384 -0.12307534772730835 0.08231016458694246 125 120 113 0.4
705 -0.05221086019929229 0.05405175914075778 1.1034445647603657 79 80 82 0.41
706 0.3579213607951717 0.09588591376478375 1.1006185588996538 218 222 229 0.49
707 0.41501247956400883 0.33244258064677845 1.0666034787967795 72 72 67 0.19
708 0.3622782583673533 0.2874643508834373 1.0205307433597468 28 29 29 0.4
709 0.3936661151460919 0.2990576483361719 1.032999478784466 32 34 33 0.62
710 0.15657853254762077 0.0719268009641204 1.0640841658234257 24 27 38 0.71
711 0.17045009044798284 0.062405979094398815 1.1240316023527213 92 96 102 0.81
712 -0.15686244094588378 0.24043254226317293 0.9412810993785458 109 106 103 0.33
713 -0.08111489753624021 0.08192330934443348 1.0141989840416041 58 60 60 0.42
714 0.24786947649878227 0.14281036055043964 1.0510315066743334 118 101 69 0.17
715 0.09633829827416267 0.1349073797322293 1.019293069037669 145 127 87 0.4
716 0.060078597290825854 0.13457195130305455 1.0148208627550395 150 131 88 0.42
717 0.1796931460389688 0.21272407187697076 1.0114078494118035 142 132 99 0.17
718 0.18595795979100246 0.24477759349848796 0.9846519037284581 45 44 35 0.33
719 0.0704768532230261 0.24290583407939373 0.9715424361540734 94 93 84 0.17
720 0.33995680135669415 0.26335986453137544 1.0162622080672523 82 80 77 0.25
721 0.22240932416538473 0.3085371964810996 0.9766862752206621 42 38 33 0.35
722 0.2574542959135275 0.3143694194226095 0.979835830327061 78 75 67 0.49
723 0.13483837470422338 0.05650768161339648 1.0670845199708183 148 149 145 0.35
724 -0.13418711029721173 0.0393177165780137 1.0368317246121896 212 215 217 0.76
725 0.3077085541431648 0.09873351426608029 1.0811284309820355 50 49 45 0.24
726 -0.23718155410066377 0.08140925434070274 1.009912093345533 106 109 111 0.38
727 -0.0581899381715613 0.1315936414104543 0.9927978259170264 32 29 26 0.21
728 -0.08987154014356158 0.18099777123569383 0.9757797189158869 84 67 46 0.31
729 0.04079705456126988 0.24463391882925045 0.9643387052843864 106 105 98 0.42
730 -0.2225278611381416 0.2410694580594356 0.9359840573617497 85 86 79 0.28
731 0.25383400304811393 0.3083409034875625 0.9829066767563351 57 58 53 0.39
732 -0.07098448530175107 0.09328819455210174 1.002221781484474 166 162 151 0.96
733 -0.30268228772437483 0.10489883745641254 0.9973297651026878 103 100 94 0.11
734 0.3105023700938777 0.1538088110333577 1.0628541392507767 106 85 52 0.31
735 0.0415229713507484 0.16323758263294813 1.0017384409391754 46 47 44 0.24
736 -0.1821731896386772 0.1921239248426408 0.9652409965794687 31 29 25 0.3
737 0.20123163423058735 0.27386864989021237 0.9865548080145238 24 28 29 0.28
738 0.024896418835629302 0.2789147750516436 0.9510447313903672 33 30 28 0.4
739 -0.10891183642556065 0.0946742079604303 1.0142137079084574 58 59 56 0.28
740 0.014071846719189067 0.25174263862366625 0.9591964938551839 72 70 65 0.45
741 -0.014271861914405787 0.2587655647784012 0.9483647354244228 96 92 72 0.5
742 0.017814557955774524 0.26002912606956324 0.9534144781948293 95 95 84 0.34
743 0.17817680722097945 0.0500305884695467 1.076552568182824 210 213 220 0.87
744 -0.15077317494973547 0.03652464761883099 1.0305324141528502 212 218 222 0.45
745 -0.04210217305313688 0.08678204907240027 1.0098047146397526 103 97 83 0.47
746 -0.11873107620603725 0.11117657454818711 1.0099603454762476 70 66 59 0.69
747 -0.15132804106488537 0.11073852883738874 1.0005837105956106 70 65 57 0.64
748 0.03306699392334204 0.19887957993496547 0.9853067175772172 145 136 116 0.35
749 -0.10967774224434731 0.21383303818339586 0.961852354692482 117 101 68 0.46
750 -0.19648066937917638 0.126508727126437 0.9853204299944941 118 108 92 0.54
751 0.036113220424967105 0.25108142989550664 0.9619583774718519 117 115 107 0.56
752 0.228385409132774 0.2800425667299461 0.9868092952484989 27 29 29 0.61
753 -0.006791509479398794 0.07807712293487185 1.0943327310952515 81 80 72 0.89
754 0.12435832945779135 0.07416440293589532 1.0518739284126064 174 175 170 0.8
755 -0.15070885862979438 0.24092421557815688 0.9406488985051705 81 78 73 0.51
756 -0.04351345082483682 0.28338585218743784 0.9356778966970084 118 113 101 0.39
757 -0.22141272030775586 -0.27077810941314 0.33439884844702167 156 176 182 0.66
758 0.0581559523449305 0.025784302966964878 1.0604011456317062 230 231 227 0.43
759 -0.2613455684826205 0.13476555462383713 0.9807323687479821 30 26 21 0.25
760 -0.27309375926088375 0.1374817260808319 0.9793973560937104 102 81 42 0.31
761 -0.24374036379165154 0.15069790567953004 0.9779354250505682 35 33 25 0.39
762 -0.02966677901037027 0.19226235022711846 0.976684086257953 115 113 103 0.21
763 -0.22519077423374037 0.1876903208416516 0.962266741073283 168 162 146 0.22
764 0.17159537381926918 0.24755799656924804 0.9898629351986813 112 112 107 0.34
765 0.1486666391434808 0.29436619243957496 0.9611454086143609 133 127 114 0.59
766 -0.169562437137447 -0.33765898169611797 0.11175405327469062 113 135 147 0.24
767 -0.20594289322319953 0.13255194821942204 0.9791270108103206 41 37 25 0.09
768 -0.2236092148946196 0.13509550057174113 0.9857024644812107 31 28 21 0.12
769 0.20101503725629613 0.24951186209483467 1.002198744495201 54 55 57 0.29
770 -0.3069187658043344 0.25557790970867383 0.9267624347544005 96 97 90 0.32
771 -0.12653098718637482 0.08263833568088963 1.013737617338904 153 155 153 0.25
772 -0.09530619129635386 0.09431255426161335 1.0116284877170925 72 74 72 0.41
773 0.11244102971885356 0.14622276850326313 1.0297376190297158 65 68 70 0.29
774 -0.27309875679449946 0.11198977487478584 0.9940682631080784 74 70 57 0.43
775 -0.07520338910135907 0.24664358195575364 0.9383361754050372 42 38 34 0.28
776 -0.2863543200909532 0.25023218861675256 0.9327518909956132 53 56 56 0.61
777 -0.214603769158885 -0.2159252800905786 0.3127505996019759 113 113 111 0.47
778 -0.19494486039509298 0.1567976813434681 0.9789848237348784 132 125 112 0.39
779 -0.2925811070947482 0.1461657007218647 0.9789565141713278 37 39 40 0.39
780 -0.09126805406380717 0.16374426105774215 0.9842706013067416 48 46 41 0.77
781 -0.19295601330689438 0.18205677114261756 0.9676297973737955 136 128 106 0.22
782 -0.3086550325988878 0.182821135841038 0.9604302773427993 135 128 111 0.35
783 -0.17222834683089938 0.19736711864168216 0.9623113619076956 65 61 56 0.47
784 -0.13196354244465539 0.14289630681194343 0.9841879845959484 50 48 45 0.64
785 0.10493985046183113 0.04129801334747448 1.124443182379382 114 138 164 0.44
786 0.11734155565682233 0.04832873681327461 1.1152492273888164 83 85 89 0.38
787 0.3364494282364077 0.08330027728519582 1.1662342332565863 202 204 205 0.7
788 0.11865004570038054 0.05533275938988774 1.1002808624764029 58 55 53 0.48
789 0.22443266275661442 0.07534911531673917 1.1032981605642251 75 86 98 0.46
790 0.2807934418866555 0.08581237183419593 1.0841923711485701 135 136 136 0.16
791 0.12707945429152662 0.06694109446760885 1.059890482411259 138 135 124 0.4
792 0.36733398395617173 0.09947521231254167 1.1019742068529204 227 230 232 0.48
793 0.29341611364669407 0.08907229649065672 1.077301672591696 105 102 96 0.19
794 0.2725862988243894 0.09639756253517921 1.0775872293232138 107 107 100 0.22
795 -0.07788653935687893 0.0628648911007178 1.026753198229701 145 143 138 0.23
796 0.11341670829735809 0.08773188229152831 1.0437189614749562 164 165 156 0.27
797 0.44520977793597816 0.14276917572620262 1.136559494420002 105 111 111 0.56
798 0.3790805604486911 0.130500253253126 1.084164499152771 193 204 204 0.38
799 0.4277669241873136 0.14317890690674784 1.1215953865253048 90 85 77 0.34
800 0.19368980022361212 0.1117744598599863 1.056516105449446 117 120 121 0.55
801 -0.05265316122311803 0.08268267470682654 1.0069335272128528 117 115 111 0.14
802 0.10884812089878936 0.10456032386147211 1.0335752170400094 156 148 131 0.43
803 0.3749102799922503 0.14673899053855424 1.0849128890615947 109 109 104 0.47
804 0.3196070353795427 0.1391060680584069 1.0700583957638967 113 107 94 0.45
805 -0.14452632093986678 0.08612058498113907 1.0131369327598203 46 49 48 0.41
806 0.41632973548423907 0.159623408896955 1.1121456648639005 118 120 122 0.2
807 0.3642907864863878 0.1504059713933411 1.076290867743333 43 45 44 0.35
808 0.4510063071159096 0.17232447172202028 1.1356481117716815 209 210 213 0.35
809 0.337106094399008 0.15535706005875757 1.0742677916700725 147 131 84 0.24
810 0.42086983175632336 0.17072360055836247 1.1038609973999471 130 128 122 0.06
811 0.2131128187058398 0.14109090508020225 1.042444827850438 162 144 108 0.2
812 0.17711029932854563 0.13978244254292385 1.0411727102153705 129 108 81 0.18
813 0.19718002146756772 0.1423433593722367 1.0432332068394101 31 28 22 0.27
814 0.30922643006919026 0.15993013332396133 1.0603599337636684 117 108 83 0.27
815 -0.2774543814032605 0.09955645807418832 0.9990186567817821 136 129 122 0.37
816 -0.3245923092269782 0.09983069233828377 1.0025967240429527 222 227 227 0.45
817 0.39649293687663173 0.18260587915452187 1.0825637255446248 122 119 111 0.29
818 0.40339669296342684 0.18818870141432262 1.0866804377086992 160 154 144 0.26
819 -0.3413960202538269 0.11001467179077191 0.9939284467863356 63 63 74 0.39
820 0.18084163031351244 0.16065808967161 1.03244172449415 79 73 68 0.48
821 0.10596729423171593 0.15200228277317349 1.016219213360273 166 151 126 0.19
822 0.04044922754175 0.15045420527901857 1.0077656310853051 105 100 94 0.13
823 0.18163413885049012 0.17000329175068182 1.0317116750231188 40 38 37 0.21
824 0.4474312034335204 0.21370597086976548 1.1157308214485384 66 65 64 0.4
825 0.4716229586603631 0.22046575436474158 1.1294774312732343 88 85 74 0.37
826 -0.3309185949363029 0.1254270692589933 0.986485687508747 178 184 187 0.21
827 -0.24418522743809037 0.1333434469047736 0.9771830794735343 26 19 14 0.18
828 0.3185490930534173 0.1932288825099544 1.048298095639909 56 54 48 0.17
829 0.16382217778668418 0.18163663430564456 1.0260986325991124 52 52 48 0.35
830 0.19901409127543257 0.18793110169248126 1.0204871263900348 58 57 55 0.55
831 0.3982140650543422 0.21776471220269777 1.0718067336989017 131 130 125 0.26
832 -0.31961502903823086 0.14255387125254573 0.9735404056231718 59 46 36 0.27
833 0.10881119625699347 0.1831147276191594 1.0075980665699351 172 161 133 0.31
834 0.2670500725587841 0.20277280062914724 1.034462662855202 66 69 64 0.14
835 0.43084331562198447 0.22986998250658502 1.092481636606584 67 65 59 0.33
836 0.46022551331671785 0.2373014462394225 1.1131080191775293 63 56 43 0.52
837 0.3811312731327065 0.22408568739360998 1.05385563190145 136 132 125 0.28
838 -0.062240690718469126 0.17695529129927204 0.9802698177192591 131 121 106 0.26
839 -0.08557130108374886 0.1763358491874056 0.9771033231321365 118 106 79 0.29
840 0.23474629179984485 0.211485180069884 1.0260520274876748 29 26 24 0.2
841 0.3792216964033739 0.22754761342531832 1.0482190329994223 82 76 69 0.2
842 0.0728914496030368 0.19594691176534212 0.9939469740436567 154 147 134 0.19
843 0.39832528870858663 0.23807590890621058 1.0636776299120096 41 39 36 0.34
844 0.41376806438087954 0.24140053855785407 1.0726229359765862 27 26 28 0.39
845 0.18327137775277602 0.21548915069945732 1.0096414285085986 41 36 36 0.23
846 -0.17034579079581122 0.18725158274001247 0.9689831122170556 94 87 72 0.35
847 0.17971412106241763 0.22168508811570328 1.0073973967217207 154 142 115 0.14
848 0.3993522683639263 0.25399659341431957 1.0586787342475565 52 48 44 0.25
849 0.423499405528109 0.26077857286407213 1.0760733258484125 20 21 13 0.21
850 -0.1435072140007297 0.19994537477339694 0.9676267293939925 62 54 46 0.39
851 -0.18722456549013 0.1968379166477685 0.9585099945949049 134 121 106 0.46
852 0.004367748510918308 0.21147111758361567 0.9743005046745014 159 144 105 0.09
853 -0.26303838573587524 0.19287452050009574 0.9531413344729375 103 101 91 0.23
854 0.18377570487859557 0.23312604532587022 1.0021552477522442 29 26 20 0.23
855 0.28346250223256136 0.24536464195208435 1.0155040617567288 136 131 112 0.29
856 -0.29166221930423475 0.20799041291363926 0.9614553444389489 84 89 90 0.23
857 -0.27182688840749275 0.20709205585721643 0.94792442993966 151 132 94 0.36
858 0.2505690436849816 0.25012505426385134 1.0044417279415787 159 156 149 0.35
859 0.23602900854414371 0.251465134864972 1.0109741880054157 20 22 21 0.57
860 0.28457874297338626 0.2543501464028309 1.011662639726209 97 97 92 0.36
861 -0.2618406152672326 0.20888933890242395 0.946574728169742 146 132 107 0.68
862 0.1814716516283971 0.24635127272290364 0.9898874689688525 154 151 142 0.41
863 0.1783400173899554 0.2525910347800716 0.9832293874888721 91 89 83 0.34
864 0.37963348917541306 0.2765216557835299 1.0256574561980014 68 68 65 0.39
865 0.034781984962246056 0.24202805987423898 0.9628758132335754 106 101 93 0.19
866 0.19429359775614707 0.2602502415276566 0.9924689810136708 98 88 54 0.34
867 0.0017090526341191758 0.24242081804003013 0.9581483309530279 81 78 69 0.33
868 -0.07515325617958368 0.24265670425026786 0.9418365350452071 41 41 37 0.28
869 0.16450404192598206 0.2676775536573221 0.976378180600712 129 129 119 0.24
870 -0.24046693162041882 0.23885989256106482 0.9398003513241894 38 37 37 0.34
871 0.42941125217205567 0.31347854788367996 1.0584800773177379 79 79 74 0.13
872 0.3520981426772587 0.2943470106754691 1.0100925039997533 107 107 98 0.58
873 -0.12031285751421784 0.2547541818025559 0.9337102741918553 133 124 103 0.73
874 0.13713710851508729 0.2794086262247626 0.9692233368630566 162 160 143 0.24
875 0.3855579356478483 0.3084178810695852 1.0251656378686371 106 102 95 0.3
876 0.2900005635169019 0.2963320395229811 0.9938988420874998 112 104 90 0.39
877 -0.09695756131902851 0.26499106327569766 0.9386840398366709 32 31 26 0.51
878 0.3812735701631064 0.3098820358411984 1.0180522427393766 64 61 49 0.12
879 -0.10210388448542278 0.2678993810351506 0.9390153291481785 68 65 57 0.27
880 0.4118908965045636 0.32003849070587004 1.0383994067387865 85 79 70 0.56
881 0.4321255404492773 0.33055369766025194 1.0688988286218661 96 92 86 0.88
882 0.04234327055644275 0.2784917245158198 0.9511349003847872 121 119 102 0.19
883 0.08720478670054159 0.287436796166721 0.959144878576674 109 104 96 0.56
884 0.0827014747432107 0.2900388322317134 0.9558355817829159 86 84 73 0.3
885 -0.18375070102838978 0.2734537215952331 0.9273753674918315 96 93 83 0.31
886 0.19263984571301349 0.303926131295717 0.976540016095826 103 98 89 0.52
887 0.2480905457408178 0.308189382176775 0.9830862545048654 122 121 116 0.4
888 0.2864714866251866 0.31411972454977066 0.9880276245185478 136 134 122 0.38
889 0.3530782309476499 0.3192258070360263 0.9993937359485995 99 98 88 0.35
890 0.27222223523194844 0.3130342790018596 0.9788740660946549 58 56 48 0.44
891 -0.11645276519753643 -0.1345032472548378 0.09805163625116708 36 50 46 0.41
892 0.10677179190427541 0.04713428076837358 1.1196678777284441 93 92 94 0.4
893 0.2183496985283314 0.06593148630724505 1.1391601710507753 49 61 77 0.13
894 0.11460745048454168 0.062305049648298604 1.1134909592661066 159 158 148 0.73
895 0.22017308830645235 0.07643791777304368 1.0770161892332668 17 21 30 0.45
896 -0.0065222420318310085 0.045714957777237906 1.0393930135018747 94 92 99 0.28
897 0.36601460276290704 0.11024467552457216 1.0997894514171314 170 174 179 0.36
898 0.24612337933921366 0.1038295760959188 1.0628450563835679 76 79 81 0.18
899 0.045237614800038226 0.08145414072555131 1.0392655458140758 131 116 96 0.35
900 -0.11138209238302162 0.0677401961479232 1.0239170732000695 54 53 51 0.46
901 0.4109630009493635 0.1370043967973004 1.1162696281707447 67 60 63 0.26
902 0.4451041948831873 0.14852810574497988 1.1340310305580144 192 193 195 0.35
903 0.45647660386030087 0.17582621050481334 1.1367158743739112 81 81 83 0.26
904 0.46148862808189955 0.18140322196412717 1.133609235453851 209 214 211 0.21
905 -0.05830634498187316 0.10887354450776675 1.0034697629834155 168 165 152 0.29
906 0.12574407916666738 0.1325388279024504 1.0300856601982924 121 115 106 0.42
907 0.35147198791303697 0.16428438390941724 1.071470831228917 41 40 39 0.2
908 0.4300876493928421 0.18052715785773965 1.113372965327708 63 65 65 0.34
909 0.43484558862926076 0.1841989358751211 1.1141633986653334 141 140 135 0.38
910 0.4145640506011799 0.18425315905736575 1.0959762134241375 70 66 59 0.36
911 -0.3531232925194113 0.10390948784605833 1.0069963943274047 190 191 198 0.58
912 0.08680367804662965 0.14646417158886452 1.031872340387168 124 125 119 0.32
913 0.459382525215985 0.20107000820125187 1.1292680528050472 78 76 74 0.17
914 -0.12431985052663881 0.1316044268602196 0.9885956736918495 46 40 30 0.24
915 0.36542708373537863 0.18769726323358013 1.0631194831895772 53 52 48 0.23
916 -0.31870709443081113 0.11714055377036546 0.9800441411094802 63 58 59 0.06
917 -0.11291462473800555 0.13573907451080228 0.9892974583134478 98 81 48 0.28
918 0.3324133495934805 0.1864474707331206 1.0571251246216364 48 48 43 0.18
919 0.021215492924909 0.15040656102782135 1.0054129431535859 92 86 77 0.18
920 0.3890911551144176 0.20370557016478485 1.0693823719767164 160 158 150 0.28
921 0.11178378318040076 0.17780533549892905 1.0107604659521208 69 69 64 0.16
922 0.33339633610506425 0.2059962542680548 1.0477753556409357 47 48 46 0.11
923 0.3800373588847644 0.2123966231223295 1.058646648611212 148 148 145 0.3
924 -0.1458341522606359 0.17268350238801583 0.9839046545498661 34 34 41 0.26
925 0.3664004922039048 0.2233775611805241 1.0479884493594276 40 37 38 0.39
926 0.4482644281379899 0.24754397660351346 1.10105081902513 30 28 26 0.19
927 0.4382410810436204 0.24807239948293103 1.0901565701616054 32 31 28 0.32
928 -0.14458167280748502 0.1809460609909692 0.9749211237157144 66 67 65 0.22
929 -0.26309774075433273 0.17427744758429758 0.9765761363550801 47 43 39 0.13
930 -0.17354326491187114 0.1817872782440941 0.9690930510782325 88 70 51 0.21
931 -0.09971745068137496 0.19048520085585288 0.9720356548647796 39 34 30 0.14
932 0.3887528549895926 0.24285830006017198 1.051809589024062 40 41 41 0.49
933 -0.2468397174830169 0.18443489152490947 0.9754483377623289 44 41 43 0.44
934 0.38339067810194133 0.24387286979792658 1.0487499965966904 105 102 94 0.19
935 -0.21734509401586502 0.18586175908160732 0.9665102121173673 137 119 93 0.23
936 0.4138226554080319 0.25867779790527173 1.0667319032141196 19 23 28 0.28
937 -0.29600134933039884 0.19210895293899777 0.952909014478247 24 27 23 0.09
938 0.3172699468841893 0.2489044028039979 1.0269147487033443 138 127 103 0.19
939 0.367408161037285 0.2550295396822668 1.0346149309986508 63 64 61 0.21
940 0.3891792386459784 0.2671561738448016 1.0414827685060493 18 22 16 0.39
941 0.2731913415416483 0.2528195057383696 1.012563495964378 145 137 124 0.17
942 0.24554917571415782 0.2517353148114608 1.0029998469161023 105 107 100 0.11
943 0.33846242786247394 0.2719675259995054 1.0172336892343388 52 52 45 0.15
944 -0.27835176141737294 0.2263169618609504 0.9440649986069976 49 38 25 0.24
945 -0.2636710229106295 0.22854088008624626 0.9456871231342212 131 122 95 0.04
946 0.11085937171092079 0.2552874162751643 0.9738688066492813 152 148 135 0.28
947 0.3558134898390808 0.27935739654105807 1.0149641345784093 26 24 21 0.28
948 -0.14365053671686231 0.24244789129675895 0.94288703762883 113 106 96 0.29
949 0.40051278605095125 0.29779613473228866 1.0413150208497626 14 15 10 0.54
950 -0.09032298225491352 0.25165203959593274 0.9460029593611379 69 68 57 0.38
951 0.3814180500415646 0.2969387322371034 1.0238567386992479 74 70 60 0.66
952 0.30888956304746407 0.2933453566023614 1.0093301366849257 152 145 129 0.1
953 0.2566683100665816 0.28753644941078627 0.9912188519517731 33 31 22 0.1
954 0.21657025350679546 0.28525480905698414 0.9845587957993103 107 105 101 0.26
955 0.22163185329330495 0.28516866896793763 0.9799240766790739 16 12 9 0.38
956 0.18748315682043462 0.2850401703759916 0.9763415288322074 39 35 34 0.61
957 0.4267656914317471 0.3211393122237386 1.057501672074486 22 20 14 0.27
958 0.3635987892679075 0.3100737626463602 1.0008603986463647 75 71 57 0.2
959 0.4185066753293637 0.32880145610912487 1.045801678288145 88 87 82 0.22
960 -0.2598255218244969 0.26871078497012146 0.9213581197694564 146 140 124 0.52
961 0.4099181841303487 0.3276090724779262 1.030883188962718 47 44 37 0.44
962 0.3357077663793629 0.07984233845880723 1.184857832129756 210 216 218 0.27
963 0.33603756009600716 0.08378325724946714 1.12413856529141 25 24 23 0.35
964 0.12209595906039628 0.05998372378226882 1.1150475855110076 79 81 75 0.29
965 -0.07131797095269611 0.038593216580352474 1.047340771585099 207 215 225 0.65
966 0.3480340469286843 0.10062414091474396 1.101802192291479 75 77 76 0.17
967 0.3715921366556883 0.10359144025370053 1.0992998736467918 66 71 76 0.17
968 0.15458119919485536 0.10162180261576939 1.0521148625933423 77 82 83 0.61
969 0.381435425198529 0.1482695287570357 1.0877990081846107 192 194 195 0.52
970 -0.14858804697448513 0.10066917833509395 1.0038309202474673 149 150 142 0.43
971 0.16167745042216053 0.14306642060237398 1.0411948948637533 31 26 12 0.29
972 0.08189263384745 0.13862772248073071 1.0249938147791235 24 26 25 0.15
973 -0.14246609520903986 0.13186128735905742 0.9825372092828584 28 23 14 0.31
974 0.4649663043553048 0.22179106816064983 1.125198403118163 135 136 128 0.36
975 0.3818567756885548 0.206853865217484 1.0622464794576516 60 58 55 0.43
976 0.39302270352032587 0.21079454239140033 1.0715115155474821 26 27 22 0.41
977 0.37853824403916675 0.215124568295389 1.0455007796308233 59 56 49 0.22
978 0.3917070317821316 0.22400680535761885 1.06002258734885 124 103 74 0.42
979 -0.09971789868123665 0.17129030840638473 0.9786402726489651 54 49 42 0.28
980 0.40657400070833577 0.2303986533574156 1.0737693702815747 152 150 134 0.34
981 0.4314666041082421 0.2374162910043681 1.0912417519307427 154 152 143 0.27
982 0.45546800839315293 0.2435340459801016 1.107253133672907 150 144 134 0.26
983 -0.24347210490074625 0.1702920897908556 0.9702906166943407 35 33 34 0.53
984 0.14999387067773426 0.21045659260476504 1.0053416288298502 42 33 33 0.22
985 -0.07917228671981887 0.190200951482052 0.9712663688830067 36 32 30 0.22
986 -0.16351835965316608 0.19082127107250277 0.9646270154265926 26 25 17 0.35
987 0.36680664858256135 0.24362696678126802 1.0412910071196109 42 42 39 0.28
988 0.26636351696924915 0.24001450832942522 1.0201404420293692 55 51 46 0.24
989 -0.16218422824584172 0.19925188236732672 0.9599328359462704 70 62 51 0.22
990 0.17787488172529883 0.25864017689415886 0.9817458674288025 143 140 129 0.21
991 0.013475725199478853 0.26886655750969435 0.9504722333822361 28 24 20 0.24
992 -0.019250584640952136 0.26817044413664737 0.9460328060038838 30 25 22 0.4
993 -0.2507229835576645 0.2602953407411289 0.9281039935076785 79 80 73 0.19
994 0.38733762528319826 0.3153126471531965 1.0190280664387266 129 123 113 0.57
995 0.013349001399188787 0.27884169155327415 0.9487015095718558 34 30 22 0.44
996 -0.019454980921833856 0.27802811517589326 0.9401237550067718 35 25 20 0.27
997 -0.2572018011159342 0.2702955841971935 0.9327756140898231 13 17 16 0.52
998 0.2757719318223099 0.3085608379995228 0.9879162443166717 70 68 63 0.35
999 0.22960582484770406 0.3064139862611797 0.9800921772833682 103 96 84 0.31
1000 -0.06955137623751867 -0.18964087535234042 -0.11797211441464688 34 32 31 0.09
1001 0.12374915131177275 0.031314549052150004 1.077945921743872 198 209 221 1.02
1002 0.13511455003861125 0.07323399686804341 1.0573804588300226 155 153 151 0.49
1003 -0.31568088241793235 0.07788081749724049 1.0178660359696632 229 234 236 0.35
1004 -0.33315385111916773 0.118230735436902 0.993599255007622 201 208 209 0.38
1005 0.4294863196655525 0.22020135781118694 1.0957296256191367 151 150 141 0.45
1006 -0.166889969837149 0.15604850081656785 0.9825012655713155 34 27 26 0.34
1007 -0.1815099057041311 0.1704534146084896 0.9759303313471006 45 41 43 0.16
1008 -0.20358328230435965 0.1918989300404443 0.9585710465919574 41 35 30 0.17
1009 0.18902162218458488 0.2467440617900497 0.9997133777886721 46 48 48 0.35
1010 0.40680034067458337 0.2726716037065092 1.0541045284273793 105 104 98 0.44
1011 0.4243836043612605 0.28559200421867537 1.0734788349436217 17 19 11 0.36
1012 0.0050601695192778245 0.2547116649110815 0.9549222034398868 123 119 108 0.48
1013 -0.16920137560558207 0.2578157816311991 0.9296790622836001 83 78 67 0.38
1014 0.33133579440659755 0.3056077705300574 0.9976663089681327 92 87 80 0.35
1015 0.10882895740995294 0.05094432914650838 1.1476117743187755 82 84 88 0.74
1016 -0.07444130849319829 -0.14112706501651165 -0.13923596734047955 56 53 49 0.1
1017 0.18689395880035506 0.07601797786004977 1.0682690547070266 153 150 141 0.41
1018 -0.07691179251574805 -0.13700788085164764 -0.14151797374213798 131 129 125 0.3
1019 0.35350214351419734 0.10843592220846118 1.1011386040714324 84 87 88 0.7
1020 -0.0665074226846953 -0.13299435156137684 -0.13942633915803643 33 34 31 0.09
1021 0.4388039186799044 0.14140112409782052 1.1350420900083675 97 94 96 0.68
1022 0.13603769006595365 0.0987100284523482 1.0437089977034615 136 134 125 0.43
1023 0.3291040950982406 0.12226740546930376 1.0710295671862742 69 64 56 0.35
1024 0.40484260779774756 0.1473146914018899 1.119997699295805 210 214 220 0.52
1025 0.4264981477604975 0.15225697432711946 1.1282701832221553 151 150 145 0.4
1026 0.3252684174625884 0.1356785487214432 1.0696429947284978 103 96 82 0.63
1027 0.40418743386802414 0.15578376155200752 1.105156021093642 42 40 41 0.81
1028 0.4116835454193811 0.1805620882721043 1.0972287335708921 67 63 61 0.46
1029 0.4174703904127854 0.20164742677616432 1.0932150267278862 50 51 51 0.64
1030 0.4438603081740171 0.21015047671869672 1.11887374468569 41 42 42 0.45
1031 0.37370402619221676 0.211015151778795 1.0533147069672864 160 158 148 0.37
1032 -0.12401107732199346 0.16673416706036537 0.977455740198195 42 38 33 0.52
1033 0.3736120855470361 0.22267588345229147 1.0486335592258547 149 147 139 0.39
1034 0.4311118652427303 0.2554840881358392 1.0880472210107042 114 113 102 0.43
1035 0.40601660995022154 0.24866947643364945 1.0649236439494114 112 110 100 0.63
1036 -0.19329954406401736 0.1986534721688834 0.9630012425921586 147 139 115 0.43
1037 0.19784650276237756 0.06713798729813926 1.1126010113225135 77 77 80 0.29
1038 0.2893179308749071 0.10362180534235968 1.078302170400191 47 46 50 0.37
1039 0.2023412972570268 0.11885730566423827 1.0464483793635044 43 40 32 0.55
1040 0.34177407644193103 0.16983178882627953 1.0646704806424636 160 158 150 0.5
1041 0.3089967859260424 0.17155333202855044 1.0593593130528443 157 153 138 0.33
1042 0.2748680930774916 0.16841682971457309 1.050290080330546 127 122 109 0.29
1043 0.24194549564111528 0.16710821778051357 1.0441982746926342 156 147 129 0.23
1044 0.3860522406694666 0.18471022743956214 1.0741619738984063 37 39 37 0.76
1045 0.4300440915591441 0.19755011525429964 1.1019691575046113 154 151 143 0.56
1046 0.03149428361010666 0.15729218091666117 1.0007671812212569 159 154 136 0.49
1047 0.46160077476748906 0.23220072295722424 1.1559841746024215 123 123 113 0.82
1048 -0.11170742867634342 0.15574623225424278 0.9846760950560652 130 118 98 0.3
1049 -0.15469343269557204 0.15704605923137502 0.982366708823526 122 115 103 0.26
1050 0.3103447008603013 0.21136103545935858 1.0420639878329365 143 136 115 0.42
1051 -0.03506594120628331 0.17823356275981314 0.9824955379925526 144 139 121 0.4
1052 0.2088374832875813 0.2034194053286134 1.0180408841507094 90 91 100 0.35
1053 0.39217528747657304 0.2385141399259732 1.0572231945346962 61 64 63 0.44
1054 0.41881202946641005 0.24602463640617653 1.0804605078407041 84 86 86 0.55
1055 0.3767512346888856 0.23876720075774716 1.043261729061499 149 147 137 0.72
1056 -0.06666983796209183 0.19749376393257922 0.9683137183963006 132 124 105 0.37
1057 0.392377728043376 0.2562750928779862 1.0473681119392757 63 66 67 0.45
1058 0.0698566589814399 0.23503421132889615 0.9762032624931237 189 165 105 0.41
1059 -0.028775579358036176 0.250736849290135 0.9505810901024188 154 147 131 0.35
1060 0.34616613190202394 0.2875757382279555 1.014394186381366 121 117 102 0.37
1061 0.3126011269600442 0.28418359662142956 1.0034108749334552 104 96 82 0.16
1062 0.37222898925860715 0.12551446611575653 1.0905709990810795 77 77 76 0.65
1063 0.44947812609034055 0.15912599841741995 1.1310658417836315 176 178 179 0.41
1064 0.3420003624080866 0.14268748939281306 1.0694893807109875 118 103 73 0.55
1065 -0.028395219206057188 0.09975925502064778 1.0076312362018498 135 126 104 0.53
1066 0.12174632683717788 0.1247467830988383 1.04115181437104 129 124 113 1.0
1067 0.4330297629729992 0.16739719414929088 1.11985921319186 73 71 70 0.6
1068 0.3576550313892254 0.15767581248946605 1.0743676615165823 49 51 54 0.55
1069 0.45155078396150317 0.18593896099347967 1.1236840498676477 75 73 72 0.46
1070 0.049760829786158756 0.13453080720286636 1.0009200926653161 47 48 51 0.73
1071 0.3576903498641612 0.18031007304689983 1.0632901625341746 44 46 50 0.37
1072 0.3257282677571288 0.1793803576664981 1.0590401319085279 44 42 43 0.16
1073 0.29175805114582687 0.1768153368591155 1.0476902580631677 32 31 28 0.4
1074 0.40298667632618945 0.20069374904100512 1.0971193823526852 154 152 144 0.77
1075 0.04949036052800116 0.16623407144134797 1.0005592583284066 84 86 85 0.51
1076 0.2421522787823138 0.1894580667479948 1.0369365638805113 193 186 175 0.42
1077 0.014726682132933025 0.16574194408510806 0.9935070264056556 89 83 79 0.29
1078 0.13910733560493718 0.18683016983485634 1.0105210714289874 102 99 94 0.6
1079 -0.13381082662746002 0.16394485017812416 0.9826112725563868 56 49 45 0.38
1080 0.3594264999733785 0.21653753887809768 1.0517563872060571 49 51 51 0.76
1081 0.032256823435341586 0.17988509631078164 0.9926783114475378 162 160 141 0.07
1082 0.15674697674851848 0.19802096082467474 1.0018466832189221 68 74 73 0.51
1083 0.29403856191162897 0.21548157775151044 1.0418805297277691 25 22 19 0.32
1084 0.08542704389238338 0.19512759182062978 0.9971156102074832 66 65 66 0.23
1085 0.36063327799397354 0.24540733584545119 1.036352697274094 48 47 46 0.75
1086 0.12218365411142126 0.22922021588575364 0.9900562491910812 67 64 59 0.78
1087 0.16126737684645567 0.21493864640280394 0.9148124820430206 26 24 17 0.39
1088 0.37713585290823315 0.2627038524166403 1.0369455013728233 125 126 120 0.52
1089 -0.2506109647459346 0.21338033012848928 0.9529668755304821 44 42 42 0.67
1090 0.32970326789326876 0.2863403685930946 1.0120294892401602 24 26 27 0.43
1091 0.4198067371401457 0.30497807122495724 1.0518637996744113 29 30 28 0.57
1092 0.29646821761266934 0.2851197803715079 1.0052285567467525 12 15 14 0.25
1093 0.1952584981230241 0.2795981208199655 0.9834546567654817 36 40 35 0.58
1094 0.37468514072810355 0.3059112414067607 1.0155508103445674 129 128 112 0.69
1095 0.42782921700345294 0.13768320898224826 1.1263356755606393 107 104 104 0.6
1096 0.39094852315705786 0.1408265368594861 1.1016276951823547 212 216 220 0.52
1097 0.24914415907354465 0.07801763390369928 1.0897018909770748 41 45 51 0.53
1098 0.07041406666546594 0.07245088272492366 1.0773165672475522 92 92 92 0.78
