# 3D point list with one line of data per point:
#   POINT3D_ID, X, Y, Z, R, G, B, ERROR, TRACK[] as (IMAGE_ID, POINT2D_IDX)
# Number of points: 464, mean track length: 6.41
0 -0.41572171332360286 -0.20331166962738143 1.0500587564463912 138 140 146 0.07
1 -0.41802861206097824 -0.1994477525561101 1.0486619968799082 91 98 103 0.14
2 -0.3671821765505995 -0.2058138782139603 1.094161722746597 115 125 139 0.11
3 -0.33377898377386506 -0.20276287955234792 1.0761362121445457 126 125 136 0.3
4 -0.32401369636354976 -0.2006571501263124 1.07103783812081 143 146 145 0.31
5 -0.4500608757822919 -0.19022340306770813 1.0371079126305958 127 132 134 0.22
6 -0.07262171164920543 -0.21330017486047456 1.1648364229464525 104 122 134 0.37
7 -0.21477419366204262 -0.19396869795211685 1.0928358694981493 101 98 90 0.28
8 -0.4293215391911986 -0.17232678693856862 1.018771694780898 45 55 72 0.44
9 -0.04841733506886444 -0.1909926422378942 1.1693764685722488 204 200 183 0.04
10 -0.04824564461338017 -0.1907029613070641 1.1673203791141789 181 180 178 0.11
11 0.050673518494280034 -0.19422034171574756 1.2092239894259358 166 181 191 0.21
12 0.04510490587435705 -0.18375003696285674 1.2066716204092551 127 135 138 0.13
13 -0.46195658918372656 -0.15525237145155382 1.032409603566014 164 158 142 0.31
14 0.01132819562364571 -0.17279359117555343 1.1913275409421582 65 67 60 0.2
15 -0.11570323284360709 -0.16400974229254478 1.1374754886561016 152 154 148 0.18
16 -0.21765902181064586 -0.15370605557498515 1.0943942460898795 149 151 144 0.17
17 -0.41742368005263913 -0.14561761500795406 1.0440681134092007 126 113 87 0.33
18 -0.17795257973577985 -0.1516122601229781 1.1119191774587092 170 168 158 0.32
19 0.05446267712623674 -0.1547320158491115 1.2053791078806446 156 160 168 0.18
20 -0.07725634331225228 -0.14599514217072 1.1481408494503298 83 78 70 0.34
21 -0.07995787252942532 -0.1426676182605431 1.1465576279014085 156 157 153 0.18
22 -0.14179867798805174 -0.13401220806510405 1.121813558997973 178 162 111 0.14
23 -0.10039552181520722 -0.12998773344592582 1.1372302598510409 46 43 39 0.24
24 0.06589929248412787 -0.13769490219965674 1.2096039594559367 154 149 139 0.24
25 0.0659815128786073 -0.13777433720946788 1.2100282315287807 134 133 122 0.25
26 -0.04738874258502042 -0.12520527510796617 1.163423143602641 150 121 53 0.21
27 0.08387331211300861 -0.12999752696278963 1.2135355732506716 169 169 154 0.26
28 -0.09354125613773438 -0.11952741163889496 1.1489115993422991 152 152 156 0.11
29 0.03941511817127589 -0.12492811691180578 1.1965774739479331 172 156 113 0.28
30 0.07988061185820283 -0.12334276489085828 1.2109196980305146 154 140 114 0.2
31 -0.00892609304966792 -0.11122711530192558 1.1741901040210567 79 75 82 0.25
32 0.11976117242634278 -0.03070896617607645 1.2272597612103564 66 66 64 0.51
33 -0.0767022702310842 -0.01787899049327951 1.1288357697817106 86 89 86 0.16
34 -0.015058478571640162 -0.01712681504158166 1.1589505175929116 82 81 80 0.41
35 0.005285549139759581 -0.010057869161375882 1.1705092330585947 99 105 105 0.13
36 -0.027565112069748002 -0.00636178557749995 1.1590545040761067 158 144 106 0.2
37 -0.027144761094548643 -0.00679485371146673 1.1583668095065238 139 128 90 0.23
38 -0.11076362252680678 -0.23917944587014395 1.2035538534905175 67 73 78 0.3
39 -0.48511650903141906 -0.20725168039383088 1.060613311923824 91 115 137 0.2
40 -0.43248005415017615 -0.2017118744266876 1.0423203100871015 149 152 154 0.24
41 -0.3211725132935969 -0.19718063939176442 1.0718444909475084 92 90 83 0.29
42 -0.4330887496078912 -0.19074552645747664 1.0463113445521466 39 43 47 0.37
43 -0.34390999741135087 -0.19340657077688742 1.065548125898603 141 152 160 0.22
44 -0.4114580945482402 -0.19029264338797838 1.0525697929619482 78 84 90 0.47
45 -0.43615063072280597 -0.1864809204205758 1.0435060013280277 99 107 120 0.21
46 0.007976407093574965 -0.19197264744775147 1.2195730756320806 107 116 125 0.29
47 -0.11912123613408253 -0.1732435414463913 1.1360347372778319 155 153 146 0.51
48 -0.4877869561105238 -0.15568385990905595 1.0256838240454038 122 124 118 0.41
49 0.08928984601074495 -0.18825717629651692 1.253658802044255 111 122 134 0.37
50 -0.013891068459770882 -0.17442838890294446 1.1760210930290145 90 94 94 0.13
51 0.07445790347795285 -0.17713608293729005 1.216829682001242 144 148 154 0.38
52 0.03969462407409107 -0.17329134963618859 1.2087388612028303 103 105 106 0.08
53 -0.4907909166424166 -0.14309976736820154 1.022952585961638 185 161 103 0.16
54 -0.4808894652666743 -0.13403632933938164 1.0280192665916126 133 126 108 0.29
55 0.06491537826104517 -0.15473729578894846 1.2057637379732986 172 178 181 0.5
56 0.06467786893899517 -0.1556612036149665 1.2137899748473198 158 164 171 0.24
57 -0.07858129391212179 -0.1369216310382396 1.1468749035360468 170 163 153 0.28
58 -0.15236628506119973 -0.1323675433187827 1.1226146283452372 56 49 39 0.2
59 -0.15765495171795832 -0.12879661602346668 1.132363362074377 128 133 135 0.39
60 -0.07305499721518481 -0.12894521992271782 1.147399698891682 182 168 124 0.16
61 -0.014785377028096524 -0.11876159008534724 1.1705158105093474 156 136 85 0.26
62 0.004155558931940697 -0.11123645941079802 1.1903694414659132 57 62 68 0.23
63 -0.026180928092163557 -0.06824635295024177 1.1658053735200755 52 57 66 0.27
64 -0.11438275957602344 -0.021473550767089077 1.1206144255372068 149 153 160 0.43
65 -0.1284666723329237 -0.01386354107012599 1.1183232472411546 84 74 58 0.22
66 -0.12322583678012722 -0.014127956001897353 1.1185709696501875 168 146 96 0.37
67 -0.1185440396727287 -0.010897108264283598 1.1184172069576108 63 62 53 0.44
68 -0.22679290870257007 -0.20719320311913383 1.1101193129352527 151 147 139 0.35
69 -0.10551131798749999 -0.22283635326376186 1.2059921704045982 181 189 196 0.32
70 -0.3836036223024922 -0.1787374046465529 1.050962329122486 70 75 85 0.33
71 -0.374900754172941 -0.17986480849654995 1.0608972721028236 79 84 86 0.53
72 -0.19738190204767542 -0.18608158942889208 1.1049169724199384 166 164 154 0.34
73 0.00010961304507791411 -0.19061010514501406 1.214253311635892 122 138 151 0.04
74 -0.24517920307775867 -0.16586310820129838 1.0898285278505566 151 150 144 0.86
75 -0.11456529168330928 -0.16975234892134655 1.1376108079825018 149 147 138 0.44
76 -0.15231212328065152 -0.16339385152931285 1.1232786523890754 193 180 145 0.42
77 -0.22041019833281475 -0.15831929620373048 1.096230147735368 175 174 163 0.39
78 -0.47458122805219355 -0.14129111699630667 1.0252300976998139 47 44 38 0.22
79 0.03669873683267038 -0.164697752026091 1.2050555220344996 96 103 110 0.26
80 0.10407510724224095 -0.16255166268566273 1.235575758304818 162 168 174 0.45
81 -0.18973199266559707 -0.1391305195202468 1.1039986937804565 148 144 131 0.27
82 -0.09268041725646982 -0.1355719697466562 1.1420140403991168 123 120 109 0.36
83 -0.17297055502579153 -0.12943344584965302 1.1095356949124182 132 100 52 0.25
84 -0.07603222539739192 -0.12062369342622302 1.1486111938961567 152 129 82 0.3
85 -0.10555726605483061 -0.07680716964695103 1.132070206210937 162 161 154 0.22
86 -0.06306212674401854 -0.06392019496141844 1.147313678051668 105 108 107 0.25
87 -0.00034159299250539795 -0.0620875478054704 1.1821198860792612 112 115 111 0.25
88 -0.035864703836973585 -0.020364152240207444 1.1511959161269159 79 80 81 0.14
89 -0.4902007045756363 -0.2130615365790481 1.0621105514994116 68 76 86 0.82
90 -0.4221603204258063 -0.20679674184025093 1.0503098172311198 58 62 62 0.28
91 -0.3374778695862052 -0.20477474552145664 1.0710998088165018 59 59 65 0.28
92 -0.45709102354174874 -0.1811645014115755 1.0357189340136383 57 61 64 0.26
93 -0.41079493253348504 -0.1806059012061831 1.0516472482627683 76 79 79 0.39
94 -0.44399283068912104 -0.17439051576972153 1.0408475681462226 141 147 150 0.33
95 -0.42268575984144496 -0.17309403541922833 1.041753650391668 128 129 133 0.23
96 -0.06946500814773117 -0.18125940564475673 1.1570609450688474 80 87 94 0.58
97 -0.46874130436766964 -0.14787784975454238 1.0288476881548114 116 111 102 0.23
98 -0.3641295841020236 -0.1454546407683289 1.0544448841214966 113 107 97 0.29
99 -0.39618480533246875 -0.1398054324429524 1.0477084546244908 44 45 40 0.16
100 -0.5000681497173323 -0.1320821672635008 1.0215511344668244 150 152 149 0.2
101 -0.49983636131816966 -0.13204080900044632 1.021324107404568 134 136 137 0.25
102 -0.08642730268853847 -0.14721308900780508 1.1467311891847696 159 158 150 0.3
103 -0.001382310483627077 -0.14763461338418876 1.1775551683696766 80 75 65 0.69
104 -0.4931621658624449 -0.12454995899736118 1.0196017195728122 43 40 38 0.38
105 -0.06285249249728538 -0.1348365088866187 1.1573833543976941 118 114 102 0.44
106 0.0897879250165818 0.0038662081060000823 1.2030213500404439 125 128 126 0.33
107 -0.35610750284616194 -0.19628351413204687 1.054839428063294 96 113 128 1.04
108 0.05787288405305928 -0.19146258869020924 1.2164362233532715 179 184 186 0.49
109 -0.04546402692276018 -0.16796474492239793 1.1660496562883826 140 145 150 0.33
110 0.04509489483478723 -0.1635694768970358 1.2034942014398897 154 159 158 0.36
111 -0.07324365066641494 -0.14807166604731628 1.150337270477993 78 74 66 0.59
112 -0.07322425649097693 -0.14749829748094836 1.1476642239864938 73 67 60 0.77
113 -0.211308501767895 -0.1888233649817969 1.0895329293325924 123 114 96 0.15
114 -0.41897446745033395 -0.18016540731588251 1.0479132863987417 166 168 166 0.26
115 -0.4183745159256648 -0.18017938492029575 1.046838673659264 151 155 155 0.31
116 -0.45884290455834914 -0.1635979461733251 1.027200345266772 78 73 66 0.34
117 -0.03201800779635187 -0.16925153182105757 1.172624328577833 53 54 63 0.45
118 -0.017933290526532242 -0.148333734368121 1.170546635772791 89 84 77 0.93
119 0.04079084494914535 -0.14818921872025562 1.1983983093013428 92 88 77 0.51
120 0.08984518332497551 -0.1338623156139706 1.2229398158313618 120 116 95 0.26
121 -0.06292969347013178 -0.0701652597083068 1.146329054909151 45 49 59 0.27
122 -0.43516266699363587 -0.20953042585445386 1.0506350874892847 170 175 173 0.42
123 -0.4330480034797678 -0.18319317932420154 1.0419673085587042 75 76 80 0.39
124 -0.43300128646578206 -0.18294682909507082 1.0418905860828847 55 59 65 0.52
125 -0.1647262216846076 -0.19904143714740427 1.1258155772683802 97 95 85 0.29
126 -0.46737723397615294 -0.1511790413085338 1.0272825319634635 123 114 96 0.46
127 -0.09042874906050921 -0.1640154200387508 1.1424691324849423 96 94 83 0.47
128 -0.04770503309291698 -0.14934553435939263 1.1638736735388708 91 83 71 0.48
129 -0.045915097555956394 -0.13305027823000506 1.1593766645683017 115 112 97 0.46
130 -0.03263453533401975 -0.1195688357300937 1.1725449605180331 70 66 71 0.98
131 -0.1427476408355599 -0.10891199128552101 1.1250920615650224 166 167 157 0.65
132 0.0615241256508523 -0.12205841176789217 1.2613307822224977 65 66 67 0.31
133 -0.11130663784169331 -0.10756943479311536 1.1385826843297577 212 218 206 0.26
134 -0.07944439706593667 -0.10533782926841664 1.1481934368645386 202 202 190 0.38
135 -0.048336100109525826 -0.10548612848520648 1.1607477556892072 196 200 198 0.18
136 0.013241276886968474 -0.10390633656361778 1.1934726961513946 206 210 203 0.43
137 -0.09557660140894139 -0.09858192502543943 1.1403412468705545 108 106 107 0.41
138 -0.09531233720223772 -0.09852119292594752 1.1398436613866896 96 98 100 0.44
139 -0.03220263727474063 -0.06655160382580329 1.1590284286798376 96 99 99 0.22
140 -0.0021031723458956077 -0.06693041697726375 1.1805287688673214 60 68 73 0.52
141 -0.0019083868959780686 -0.0668228953514206 1.1765716258237582 53 57 59 0.63
142 -0.03190688919858292 -0.0491299229873204 1.1587922312348458 94 93 95 0.37
143 -0.03190688919858292 -0.0491299229873204 1.1587922312348458 94 93 95 0.37
144 -0.0028684581125650276 -0.04920517777933934 1.170107388261024 68 69 76 0.37
145 -0.0028684581125650276 -0.04920517777933934 1.170107388261024 68 69 76 0.37
146 0.028451515103357514 -0.024791154144994516 1.1802770166637364 62 58 64 0.2
147 0.02844557640596903 -0.02495091015429899 1.1822986679430734 55 53 59 0.24
148 -0.18337743063825804 -0.17966511348353342 1.1110297294167781 209 195 156 0.39
149 -0.0638698195893047 -0.12159324330333376 1.1587422014464872 82 79 82 0.72
150 -0.016194406482592995 -0.07772294423497225 1.169549218914921 182 185 186 0.34
151 -0.08527112854929442 -0.18563384415252396 1.1517145105913598 146 149 150 1.02
152 -0.11433527818186519 -0.14791365062915043 1.1289892547815827 151 149 142 1.17
153 -0.237658190252268 -0.2185166224704821 1.131308229371077 103 107 114 0.68
154 -0.12744207519545256 -0.19133081742345046 1.1277614065241763 84 84 79 0.28
155 -0.1675790789182931 -0.1889550762168925 1.1178113750287333 158 149 132 0.41
156 -0.19904413689893802 -0.18093596611427137 1.1064929962151853 135 138 134 0.29
157 0.04274430171677686 -0.13810941107422553 1.1984250390095788 140 139 134 0.28
158 -0.15794903158233556 -0.17012160766867568 1.1212451105504013 145 134 110 0.3
159 -0.15711328398476684 -0.1695042933440509 1.118463479394616 143 133 108 0.38
160 0.013714991217449542 -0.13912830025835188 1.1875303655118707 140 136 122 0.3
161 -0.00643270610851782 -0.13995637467835564 1.178822638502849 147 142 123 0.31
162 -0.155416402157666 -0.15850586858614418 1.1200092405108921 155 136 93 0.26
163 -0.43492154240851655 -0.1977055705990264 1.040907319517211 85 79 76 0.22
164 -0.43490448865975173 -0.17531006035164862 1.0470578656358436 91 90 93 0.46
165 -0.10195524840337915 -0.08934396620044543 1.130603393106345 111 110 106 0.33
166 -0.07475214326425487 -0.2045361414188881 1.1634563082699332 68 84 116 0.73
167 -0.006941480545144825 -0.18718663493455065 1.1745573004185914 109 120 131 0.49
168 -0.016009561083377432 -0.18018950545020238 1.1784451369885223 167 169 173 0.04
169 -0.265173081147724 -0.21985668365451277 1.087795178648775 155 156 158 0.25
170 -0.08804636348866661 -0.17357098483434222 1.1477806111717945 182 185 182 0.44
171 -0.3208126962119751 -0.19710164464482466 1.07141522214613 106 107 101 0.41
172 -0.3273851572770954 -0.19750018589330995 1.071674514765993 76 75 74 0.29
173 -0.4270215463303212 -0.2029499627893556 1.0480767993788778 143 145 146 0.32
174 -0.4791144506627926 -0.20725173926974055 1.0659407971105839 81 91 99 0.18
175 -0.3481657562875141 -0.1781518084701904 1.0606080219200702 88 92 98 0.28
176 -0.3796846364656369 -0.1785902869152017 1.056159002741989 144 144 142 0.17
177 -0.3797255747923457 -0.17860995778955177 1.0561934948018687 152 151 147 0.19
178 -0.15309008776209082 -0.1373960950122975 1.1178977322250316 137 130 108 0.25
179 -0.4432718086609075 -0.13663560735378516 1.0209364768453544 90 70 43 0.15
180 -0.12144446735048411 -0.07228871804356135 1.1322824313132753 91 88 90 0.16
181 -0.05429336788386807 -0.1960170419790835 1.1705607050855609 52 53 53 0.44
182 0.013965735146489574 -0.164344941634535 1.190777016670911 153 158 161 0.24
183 0.014028592931750999 -0.1642389352191224 1.1905858488513277 160 164 166 0.25
184 -0.011252877992622937 -0.16550360806604814 1.1803916529761251 92 97 90 0.35
185 -0.15435940035922915 -0.1778183843331031 1.1250803630264345 204 187 129 0.23
186 -0.18245762812488409 -0.1787343079746749 1.1118557846790005 206 190 145 0.26
187 -0.21292967518037687 -0.18182710269946714 1.1006656376546387 150 147 135 0.41
188 -0.15257012199505937 -0.16355962585020412 1.1227704912600232 186 170 132 0.45
189 -0.2378197288478583 -0.16240743092278045 1.089536844536978 126 124 114 0.32
190 -0.10972013733621667 -0.12761189066774262 1.1339763039291895 128 101 58 0.43
191 -0.4776451871172435 -0.18328554353393298 1.0478619841890449 60 64 65 0.59
192 -0.45824723579971266 -0.17284240192808514 1.0317503510408446 109 110 107 0.57
193 -0.39203102851430943 -0.14572603835776618 1.0462441494288772 139 134 118 0.36
194 -0.49429970477484664 -0.12316463102512686 1.0007117152215466 37 35 32 0.22
195 -0.046534936515601796 -0.013629126985753222 1.1488896995204436 76 79 73 0.5
196 -0.23371983004661717 -0.17131808753585617 1.092058856656226 147 142 126 0.24
197 -0.0497759318945459 -0.006783267329166517 1.1629196770852244 132 132 139 0.41
198 -0.19406178831988588 -0.21269425380720075 1.1143702623249525 187 192 198 1.44
199 0.018119579686265375 -0.1476475613767877 1.1875960755383452 78 73 64 0.68
200 0.032053659341695934 -0.1345418179734215 1.189676215259689 97 97 85 0.62
201 -0.08038728698348215 -0.13668364303815678 1.1488173949882987 163 158 144 0.77
202 -0.1390808119388545 -0.17371775527656003 1.128680319986388 164 161 151 1.43
203 -0.44882642415487223 -0.14923322409559883 1.0288436173569644 151 138 123 0.18
204 -0.06345164951124538 -0.048015960360886005 1.1438056334187445 59 59 60 0.35
205 -0.06345164951124538 -0.048015960360886005 1.1438056334187445 59 59 60 0.35
206 -0.1059107248603496 -0.23763272705469227 1.1999415649793657 140 147 159 0.28
207 -0.02558145986695449 -0.2004157048745731 1.1779245157675093 90 94 99 0.2
208 -0.20870442926740593 -0.19625340815600203 1.09672847365511 114 110 104 0.39
209 -0.12315359029478921 -0.18973021264402057 1.1308169071127352 106 107 105 0.28
210 -0.11463572873603851 -0.1859855057852321 1.1324221532133267 104 104 102 0.44
211 -0.1365150231805477 -0.18513934831131254 1.129505037739797 89 85 75 0.31
212 -0.11065257688010756 -0.1838283448920868 1.1351195026595693 97 99 93 0.25
213 -0.2358253818365081 -0.18466139456344524 1.0842339444026585 107 103 92 0.36
214 -0.43639155208056946 -0.19078646371532307 1.0432707575924884 54 58 66 0.24
215 -0.17682425531510484 -0.17593878108812797 1.1119057906892498 156 150 130 0.13
216 -0.12060469868766951 -0.16908216609795484 1.1357127126338205 124 122 113 0.26
217 0.0725228755981551 -0.16247069083677468 1.2104615390173248 131 137 142 0.24
218 -0.3801759870167448 -0.16951781854747497 1.0534960806066718 135 137 129 0.49
219 -0.19050258817215582 -0.15999758486678214 1.1097032200533115 142 140 121 0.17
220 0.014301524978177564 -0.1545927301215364 1.1843718024776924 142 144 142 0.29
221 -0.4599320577165079 -0.16821919106484778 1.0301836619383948 88 88 82 0.18
222 -0.45397161581636186 -0.16803256645761905 1.0326773423118774 97 94 81 0.4
223 -0.03805093778907902 -0.15388869679986739 1.1623490342161344 82 82 80 0.51
224 -0.01517967481145155 -0.152524788230012 1.1681765978896996 97 94 83 0.25
225 -0.028771384055286262 -0.15293122019649968 1.16368995907161 97 93 81 0.27
226 0.013456641066339354 -0.15148057424899067 1.1827675081612048 87 85 73 0.3
227 -0.08280251090345998 -0.15039305880590959 1.1476354370005606 117 114 102 0.35
228 -0.046878463985471484 -0.14475359962300546 1.1627731153720782 86 80 62 0.49
229 -0.06296627845723039 -0.1419385048918333 1.1536866900167375 128 121 108 0.59
230 -0.13831585405680924 -0.14179098802617143 1.1271380648093021 118 115 106 0.34
231 -0.04658587235472145 -0.13812180635559096 1.1643699762549122 109 106 92 0.15
232 -0.3805165328428325 -0.14701793131520732 1.0483200339507612 160 155 140 0.12
233 -0.37402329708725035 -0.1470353982383756 1.0527699749378268 141 137 135 0.29
234 -0.009075614917475456 -0.07747141496305354 1.173747087303838 158 134 85 0.3
235 0.034442443519761876 -0.06662635854218413 1.199781277982917 61 68 65 0.21
236 0.020369868437373644 -0.007091152239292577 1.1761090436978647 127 131 140 0.1
237 -0.18822893033047702 -0.18854124605156625 1.1104381978830251 176 175 161 0.46
238 -0.43275957211566624 -0.1938989072700977 1.0425429127020829 185 183 177 0.17
239 -0.0469500236960414 -0.17608809441146275 1.165812384940221 115 116 108 0.18
240 -0.19043430092660085 -0.16983901362177886 1.1084184142438438 174 174 166 0.75
241 -0.22921436112929147 -0.16615974336962608 1.0932051303513277 110 109 99 0.1
242 -0.045310574199870564 -0.16003745878347156 1.165085273756863 128 128 123 0.39
243 0.06587313396019027 -0.1503503270963558 1.2063050937089321 87 88 80 0.4
244 -0.39143755587858575 -0.15340191485051763 1.049893071197254 157 152 137 0.27
245 0.0521881787067463 -0.13801992439742145 1.2040738093192969 137 136 122 0.33
246 0.0179163418662633 -0.13625166141623096 1.1928261148395547 93 89 82 0.35
247 -0.07368979853674326 -0.13392445129392228 1.1503399208140495 94 89 77 0.19
248 -0.17884145410029517 -0.1341473907629068 1.1084961656021313 157 136 91 0.19
249 -0.18329790766390142 -0.13352299932057296 1.1078601512571413 49 44 36 0.44
250 0.12372417717409452 -0.0744304297675743 1.2298754212559 80 89 93 0.26
251 0.12392087870170629 -0.06292815085534573 1.229437518538044 42 46 45 0.3
252 0.12346759113752692 -0.006190103502484822 1.2164855792981695 75 78 83 0.3
253 -0.08308732342095144 -0.011353590767384653 1.132827483856164 157 154 141 0.14
254 0.03618322114829901 0.033519978278407636 1.1774869943704642 50 52 48 0.36
255 -0.32701069689160656 -0.1974026468393855 1.071040554850433 84 85 84 0.33
256 -0.3238035025773943 -0.19262894698435737 1.0704578643819556 192 191 186 0.12
257 -0.13457335042464466 -0.1800765338208689 1.1318108636884499 162 162 159 0.27
258 -0.4425673612608682 -0.18234078815006402 1.0433870702204442 42 45 53 0.64
259 -0.43404669887027636 -0.18153247724972574 1.0452191014108563 42 46 54 0.18
260 -0.16102084089720392 -0.13782487836728916 1.1165376495964445 142 132 108 0.37
261 -0.12057927390972918 -0.1308880905847718 1.134394549784949 41 38 33 0.27
262 -0.4498102057563762 -0.13847546990191337 1.0325256737903656 130 102 53 0.34
263 0.07487236725420877 -0.012370934730878493 1.1959345415187894 96 97 92 0.39
264 0.015061528640320496 -0.01451637582319371 1.1701305474857284 104 109 107 0.4
265 0.015061528640320496 -0.01451637582319371 1.1701305474857284 104 109 107 0.4
266 -0.1203200767202485 -0.19293484590306276 1.1232688526325725 162 167 170 1.17
267 -0.06996497629837412 -0.16749508893974682 1.1548913428925427 72 78 82 0.49
268 -0.040334725617202964 -0.15960771560484857 1.1705785636917574 121 125 132 0.07
269 0.11857949662410315 -0.14626794359980472 1.2228219720245632 82 79 71 0.45
270 -0.14178126307320085 -0.12920939665547915 1.1247752459488645 135 109 59 0.62
271 -0.037746306806510685 -0.06827711892249742 1.156194770263533 74 77 79 0.22
272 0.059837746948018106 0.040963468794569025 1.1844230506972 105 104 98 0.37
273 -0.3674523442846868 -0.17256711096952831 1.0616681908819532 98 105 108 0.3
274 -0.10587229593883932 -0.14583842483030335 1.14005917222515 141 133 111 0.62
275 -0.03293248622723536 -0.19436963168012888 1.178578109108379 179 185 184 0.4
276 -0.032635108472251304 -0.19458236210928925 1.1764413748934806 142 147 150 0.25
277 -0.41635696451621435 -0.1654674043115416 1.0460164200048103 105 98 86 0.63
278 0.04408058729635969 0.01735159484124225 1.1784838423494117 161 156 139 0.35
279 0.04393400322052641 0.0174122026066886 1.182464150090258 159 155 142 0.35
280 0.05899973842282413 0.017293409074839956 1.1880356952548285 40 39 38 0.31
281 -0.43186948080964005 -0.21501734309409484 1.045124285457985 130 128 118 0.56
282 -0.13703919982023993 -0.19869754386078328 1.1302098582583648 166 174 169 0.25
283 -0.1013982716225114 -0.16702048621454665 1.134596414990461 127 117 96 0.32
284 -0.4643032663011769 -0.15156778203493151 1.0276417365431159 119 111 87 0.22
285 -0.1554255401924895 -0.13562789872479467 1.1211961997246684 121 120 104 0.38
286 -0.03955925472202333 -0.20679491543534007 1.1710270368415499 96 105 112 0.18
287 -0.2580004956557919 -0.20494520496585372 1.0887189651084872 120 116 108 0.3
288 -0.44864654654159075 -0.20069268865784481 1.0411022847286058 114 113 108 0.3
289 -0.4268160538882748 -0.1880025831029874 1.0458225193946364 93 98 102 0.2
290 -0.16678889225423368 -0.18343196174494758 1.1195699586780021 122 111 87 0.27
291 0.013962708365804993 -0.17587891623430024 1.1922094095295057 196 189 166 0.2
292 -0.10806326497044846 -0.17138887567104905 1.1379711417646046 121 116 103 0.57
293 -0.48114914155526683 -0.17109818416716324 1.016317932597718 125 124 119 0.18
294 -0.3756284293538712 -0.16911954566216442 1.0526378542036379 149 153 149 0.16
295 -0.43083789982226833 -0.16659751056497177 1.029999257745746 101 97 86 0.36
296 0.02271832001806382 -0.15466676729635315 1.1914622960869217 152 154 149 0.21
297 -0.18518122823648187 -0.151378621235001 1.1084520219934835 188 187 172 0.27
298 -0.10012814017779248 -0.14773686258766017 1.141422006098515 188 179 157 0.33
299 -0.3484588924541751 -0.14679348517542806 1.0590827687820659 197 194 178 0.42
300 -0.48295584159201854 -0.1458893456658523 1.0197839039965229 148 132 95 0.64
301 -0.06490661591419421 -0.1390868720240083 1.1560594902785168 125 122 108 0.29
302 0.11830013445266187 -0.12943253174370925 1.2369461026609347 191 191 180 0.27
303 -0.11824513352037443 -0.015555273949146919 1.1211703792827419 91 84 67 0.3
304 -0.10140179875972401 -0.22617740244350817 1.1721376931757124 184 183 172 0.11
305 -0.4258113611842977 -0.21177914604323322 1.0504053190107923 171 176 174 0.28
306 -0.21060962097881009 -0.19828397440628667 1.0932318657672235 179 181 172 0.44
307 -0.31706263648961586 -0.20139602114133515 1.076094964442723 169 174 172 0.33
308 -0.030594941471569794 -0.18598247818955255 1.1724550773822566 167 168 157 0.18
309 -0.019152014520814418 -0.18604174624618852 1.1788597889730947 104 106 105 0.25
310 -0.24507179626259107 -0.17884215839200995 1.0799507446581071 125 123 108 0.23
311 -0.17398805184619784 -0.15935001325800638 1.1118148442621285 152 138 103 0.34
312 -0.4775677181904476 -0.15915385684042693 1.028735072219377 117 110 89 0.12
313 -0.42821936536952016 -0.15417949706428383 1.039673979342186 169 163 142 0.26
314 -0.12579066363969746 -0.1489290734678499 1.1312781173160649 180 176 162 0.14
315 -0.0007805095753763156 -0.13971028601299765 1.1812179000167968 144 142 135 0.33
316 -0.4105100661760186 -0.1409289959677576 1.0444809224590368 177 149 95 0.19
317 0.11980951104523034 -0.1348086310882519 1.23489477986755 139 134 116 0.25
318 -0.14750929679831906 -0.1336509686212236 1.121995437584346 173 156 112 0.14
319 -0.039696064913576246 -0.0807364821724813 1.1610407478525515 83 86 84 0.24
320 -0.026300850008142 -0.08073722341854582 1.1738092788169545 109 113 117 0.34
321 -0.04603352512247338 -0.019904500589194834 1.1464899260146286 110 113 107 0.31
322 -0.41477910579336263 -0.19459030132138402 1.049381924618209 155 156 150 0.3
323 -0.3492807193215622 -0.18863634404371815 1.066624248494738 102 106 104 0.59
324 -0.4612510009658973 -0.14154387926879622 1.032804703596209 69 58 45 0.2
325 -0.1351523440089486 -0.22499791135021227 1.131069241647471 217 234 248 0.37
326 0.10406215256766606 -0.16224822564512206 1.232734882521472 165 171 176 0.23
327 0.040996125309835284 0.04278521354076027 1.1772911536773913 64 62 57 0.95
328 -0.14811658118378979 -0.22711445331778837 1.1362796977775484 250 254 250 0.61
329 -0.05494994856362852 -0.1794722333465463 1.1659980165034862 81 84 82 0.43
330 -0.09817449186294046 -0.13033213852500553 1.1478516161792847 47 47 50 0.35
331 -0.044870952588977886 -0.006670299894277674 1.1409821267773352 166 164 154 0.32
332 -0.23193566965102283 -0.19749843946625179 1.1019511128185528 193 194 185 0.42
333 -0.17953106189662968 -0.2195016998866365 1.1712764246741945 223 227 226 1.01
334 -0.3910376335386478 -0.16233318053374787 1.045040591727095 97 90 76 0.5
335 -0.08148960551345175 -0.13787973914037846 1.1551831297600246 189 180 160 0.48
336 -0.015965050506562783 -0.13223189784547967 1.171387355086938 135 124 104 0.68
337 0.015104909796705273 -0.13218057145844 1.192201158134389 171 156 134 0.24
338 -0.09490134364670164 -0.07079335734875315 1.137498175068061 70 70 70 0.39
339 -0.0946824399427561 -0.07081765495325672 1.13712537440194 67 67 66 0.53
340 0.07830952631229958 -0.13683833566394632 1.2146021883262752 143 139 126 0.27
341 0.12366265839444424 -0.06911709606096729 1.2290148631474493 99 106 110 0.28
342 -0.02361776953318468 0.0014566571461357943 1.1568867309187856 57 56 50 0.36
343 -0.00812314985288142 -0.1563223769688221 1.1783479131472827 152 148 136 0.46
344 0.05400052845741694 -0.00402558954209315 0.9959777878156276 91 96 94 1.2
345 -0.06446014094101607 -0.09458579024282597 1.1538932638879065 30 33 34 0.45
346 -0.0783599333308404 -0.08195396667653505 1.1441387942017243 193 184 167 0.38
347 -0.11967691813329595 -0.24045748193464053 1.2241452696181951 62 71 86 0.17
348 0.06543030567743274 -0.19710897806155056 1.216109092475567 106 114 129 0.22
349 -0.21004225363844792 -0.18777742779728107 1.1041394273511758 106 106 100 0.08
350 -0.16707342852438803 -0.17991164627378806 1.1187088429068364 191 183 153 0.23
351 0.05948485379217821 -0.1827646258848513 1.2112476446350113 141 144 140 0.22
352 -0.22369020494421435 -0.16106506741756824 1.0926129692993136 114 115 109 0.25
353 -0.22304277533429456 -0.16086844950976426 1.08996407792221 132 136 136 0.16
354 0.10325982209862927 -0.15095571819428555 1.2158052390726468 142 150 162 0.05
355 -0.07215115961966814 -0.139107384849353 1.1482936115660278 109 108 103 0.19
356 0.0343162227710566 -0.07272124550820303 1.195466463412437 130 139 147 0.13
357 -0.06915874121410703 -0.19963231469048778 1.1598296600377027 99 112 130 0.26
358 -0.038138355960939965 -0.20109998395851902 1.1762010655268922 125 128 134 0.11
359 -0.10571977602832543 -0.1657437331222772 1.142184171892648 162 162 156 0.46
360 -0.2098548803590663 -0.16330231314108318 1.10160649771811 149 151 145 0.1
361 -0.07265403074839166 -0.14318576812650838 1.155263775050667 123 118 106 0.26
362 -0.17233764990482844 -0.1344689556209469 1.1088478772342578 167 143 92 0.35
363 -0.08265182785071509 -0.13414634410594656 1.1457691063483288 134 127 105 0.12
364 -0.10932710833860682 -0.13296075750712558 1.1320843287887856 159 141 111 0.17
365 0.11213644743548826 -0.1352680432188609 1.2288932839966311 118 115 103 0.49
366 0.034676001626017416 -0.0778802224571243 1.1952062410843034 62 68 69 0.34
367 -0.08902961063334178 -0.12968568397617813 1.1455946551320209 56 50 42 0.3
368 -0.010580235967008099 -0.1269952554159841 1.1743800912170386 140 132 105 0.36
369 -0.2460305934707004 -0.2292783646884686 1.158076803909893 212 228 241 0.64
370 0.12276550281112728 -0.09205826246452639 1.2320450767634774 56 60 61 0.32
371 0.08918967605771695 -0.13237775080493377 1.2091312478534657 107 103 88 0.68
372 0.030406215188386616 0.014749266606404484 1.165570093352608 28 29 33 0.26
373 0.029905969674932184 0.01521361805866565 1.1710465966253256 28 30 34 0.55
374 -0.003134364431788919 -0.09460680621837364 1.186155086854552 57 59 63 0.25
375 -0.4426992373343775 -0.1490293724296638 1.035728697001917 182 165 134 0.29
376 -0.4428743653672448 -0.1492000127701442 1.0362865544826267 189 173 135 0.21
377 -0.45554774342655363 -0.15497872339238936 1.032959510122546 171 163 143 0.21
378 0.1082194798234252 -0.1394024853949822 1.2280726043152372 80 75 63 0.43
379 -0.09465851624334762 -0.0813778324778858 1.134545785754003 185 152 94 0.23
380 -0.023997595249610575 -0.003294638521959307 1.1544352411287515 92 84 64 0.27
381 -0.05371887414173088 -0.16563586519454057 1.149462016853487 65 68 66 0.32
382 -0.06178131129841257 0.030166936005040324 1.1353291620509576 146 144 132 0.41
383 -0.046410889814378964 0.012218594102764177 1.144085026828273 186 179 159 0.15
384 -0.04671173937092312 0.012211606056961987 1.1492561615907955 175 166 148 0.38
385 0.07376722971570865 0.01778816659241997 1.1941508810965773 191 178 143 0.1
386 -0.41399779668217973 -0.14924256725205334 1.0411105771589761 172 156 126 0.53
387 -0.03065465799858193 0.012221120761563915 1.149267848451826 60 61 63 0.65
388 -0.061869518225534555 0.012780919215963724 1.135648519759615 44 44 45 0.42
389 -0.06197609157686791 0.01278365295437319 1.1369963855596623 46 46 47 0.37
390 -0.38003569176407975 -0.19560034604132334 1.0591659499415855 212 208 191 0.31
391 -0.09064931093876832 -0.14038314739506672 1.1489848936032088 128 128 123 0.25
392 -0.4729617290126707 -0.15156632104191103 1.0267441793524654 97 89 79 0.32
393 -0.13187697084936414 -0.1933385064799517 1.127164254980881 108 108 101 0.56
394 -0.23286646100438085 -0.1670807335723484 1.0920202326296544 162 158 147 0.43
395 -0.09394757645226086 -0.1600906291727812 1.1440711201497777 115 111 96 0.35
396 -0.08680873292087034 -0.1543062206674527 1.1418980898243005 117 116 105 0.51
397 -0.4125200040665646 -0.15376031420044 1.0434648073703119 171 168 165 0.26
398 -0.15382168963035223 -0.17776321635037243 1.1245056286809876 188 174 126 0.61
399 -0.43449501670677887 -0.14585985032245227 1.0371007516514053 165 160 137 0.18
400 0.08855628446469835 -0.15369608263190218 1.2093058659846336 117 119 109 1.1
401 -0.032418762754616914 -0.13345060327657224 1.1663099094572489 137 135 116 0.36
402 -0.04819783254690682 -0.14932679023463996 1.1647639955707 84 79 64 0.55
403 -0.0471118619078867 -0.13340996595943386 1.161741372333983 132 125 104 0.47
404 0.10111001355087076 -0.147828346895917 1.2141401264656462 88 87 75 0.23
405 0.08698250360846203 -0.13558404567982885 1.215152578315638 165 159 142 0.51
406 0.08815895799583086 -0.14012185798823 1.2178246369283756 107 102 88 0.31
407 -0.024258006125498662 -0.14043070657487325 1.1713277254087806 163 159 143 0.09
408 0.09854696114702767 -0.136071462077231 1.223125419029179 161 159 143 0.4
409 -0.4505022472879613 -0.1660817088357635 1.0409105425078493 102 95 82 0.54
410 0.03168707976984585 -0.13458581027536706 1.190551654843648 109 105 83 0.62
411 -0.002910772361204333 -0.09417014986170298 1.181781353774213 47 46 44 0.86
412 0.07814337033452452 -0.14989790738630263 1.210032122593872 88 87 82 0.38
413 0.07172851533821467 -0.18264810049078434 1.2150525341041605 94 95 89 0.44
414 -0.480916711556581 -0.1515123681549006 1.02875007002087 161 153 131 0.46
415 -0.4181222043583594 -0.14972591965254103 1.045268756982404 137 131 124 0.61
416 -0.47301135396072264 -0.1516111550529548 1.0267661422910157 95 85 72 0.19
417 -0.13094156475933846 -0.13070065158979408 1.1195358292388138 50 48 44 0.2
418 0.055689402253753004 -0.18005864917421646 1.207469988121161 87 87 76 0.37
419 0.0941988535626321 -0.07569576937495405 1.2185050677802323 104 110 109 0.49
420 0.050136862394552235 -0.17305747865926815 1.203409465322355 189 190 184 0.24
421 -0.017001462144203346 0.039183402674760975 0.9793960300668356 86 86 88 0.15
422 -0.4997957813903232 -0.1410223350118732 1.0215267479951902 168 166 155 0.26
423 -0.21660099869106939 -0.15690000061631093 1.0991214665284479 187 183 164 0.21
424 0.053310415872827865 0.030101601973769807 1.1800586822754424 129 128 113 0.26
425 -0.1404531284884866 -0.18273041668850865 1.1304349848903399 191 189 175 0.15
426 0.11044980062806059 -0.07471774420585277 1.221251056939494 101 104 100 0.1
427 0.07473090551535011 -0.17025769324014234 1.2140759585430796 89 90 84 0.16
428 -0.005060299624929654 -0.019338090372946534 1.1614958227691263 56 58 61 0.49
429 0.031000190326924835 -0.1508100609718938 1.1900915083864256 86 83 69 0.3
430 -0.4282986295310337 -0.14444059133399983 1.0420595034850624 115 109 83 0.2
431 -0.4172168834773129 -0.17232267322553707 1.0436349687331772 78 80 79 0.18
432 -0.18281568378417518 -0.1656338044045084 1.113307254487696 143 138 120 0.43
433 0.10077893239874103 -0.1694905906776816 1.2272546654932213 78 75 58 0.22
434 -0.05603470166089251 -0.1422034277272253 1.160319428641561 139 131 105 0.14
435 0.12290256082854627 -0.0007917743311253446 1.2191969507872988 137 134 126 0.59
436 -0.034927308732851846 -0.18299707125191902 1.1685730106952834 101 99 88 0.16
437 0.041266468973345474 -0.1790114523991384 1.2077779802967834 163 165 162 0.06
438 -0.09406632993601505 -0.12653598438423522 1.1555967343960887 150 152 141 0.35
439 -0.044434629638347996 -0.19554899285665747 1.182749234958953 84 80 72 0.29
440 0.09114900191791961 -0.02870596390498785 1.1942601852061323 56 53 42 0.44
441 0.052027913793603414 -0.027413585658435997 1.1896007168120701 62 54 50 0.2
442 0.009891972093772483 -0.016573052099538136 1.168040019414842 203 196 179 0.28
443 0.09845315210918318 -0.003291997794857731 1.2054774560048656 142 139 129 0.36
444 -0.05561890926702321 0.039898520488029394 1.1392872188518588 67 62 50 0.2
445 -0.1989727886405951 -0.14698075781651157 1.102928601819179 162 156 134 0.2
446 -0.12130235145883371 0.02622470993442807 1.115365217822673 142 134 115 0.2
447 0.05877673352855082 0.017078063072292322 1.1832152187396852 46 45 44 0.14
448 0.10180289728699417 -0.006788541330569581 1.2028048704950376 120 122 116 0.15
449 -0.0018967778781203936 -0.03229179173755365 1.1814178501389128 67 65 63 0.12
450 -0.3794518677303884 -0.18993537813786107 1.0571206947041727 175 176 162 0.12
451 0.027605989271012016 -0.1647480820583497 1.1997011502559014 90 97 102 0.35
452 -0.07078361957144866 -0.16962755666871868 1.1527785701606716 86 92 97 0.17
453 -0.12183203723791726 -0.1697330469262896 1.1433325501836316 123 121 111 0.24
454 0.058601553168967375 -0.16592271700563646 1.2056870294769526 71 68 74 0.34
455 -0.04925075958366796 -0.15805514772813278 1.1615232666015396 133 136 132 0.28
456 -0.3737351511207743 -0.13983851502603234 1.051136110586293 173 154 102 0.11
457 -0.3678570846045371 -0.15622758100013548 1.0519445646691155 112 99 76 0.4
458 0.05411079360343173 0.04559896570443426 1.178181673866243 48 46 40 0.26
459 -0.10568747600911617 -0.16073233442859453 1.1413073263185336 181 174 154 0.54
460 -0.16011694220347528 -0.18123776306785147 1.123549071887944 164 159 143 0.34
461 -0.039048699423984444 -0.0042549619447413275 1.1514285414044223 126 118 89 0.1
462 -0.1960650095934545 -0.17451976896898547 1.1096650760790205 159 155 139 0.25
463 -0.009994827539769437 -0.19178809127302457 1.1729942335618342 51 52 52 0.44
