# Image list with two lines of data per image:
#   IMAGE_ID, QW, QX, QY, QZ, TX, TY, TZ, CAMERA_ID, NAME
#   POINTS2D[] as (X, Y, POINT3D_ID)
# Number of images: 135, mean observations per image: 795.533
33 0.9613692630119454 -0.007478675804558033 0.2742589849205276 -0.02225351060936859 -0.5013772529772516 0.05955094557752905 0.4950466574218565 33 image_000033.jpg

2 0.9780269101249587 -0.03526226382202976 0.204655626527826 -0.01833058515363139 -0.275671492425299 -0.01906399295092282 -0.1465544174441989 2 image_000002.jpg

4 0.9853572671166018 -0.02120773058037758 0.1673785183799464 -0.02461137722814991 -0.2402711861549618 0.04027978362856191 0.2275966083772344 4 image_000004.jpg

36 0.9810533000110953 -0.03618062582113392 0.1882656293963889 -0.02795420613275497 -0.2737575929429215 -0.0709065148670773 -0.4728948515033766 36 image_000036.jpg

38 0.9796165679470178 -0.03665166502772898 0.1956350199089081 -0.02711040832673068 -0.3008677851040062 0.004364184100652875 -0.007731674949885442 38 image_000038.jpg

231 0.9946248708629728 -0.05277914098210362 0.08398336561400055 -0.02970728594387553 -0.01144918391019098 -0.1082659190612164 -0.5186100712121101 231 image_000231.jpg

39 0.9749965197593006 -0.1854965385777858 0.1199177325846079 -0.0243425151674674 -0.1038008398685592 -0.2883291691499517 -0.6046579297197793 39 image_000039.jpg

9 0.9705598746006784 -0.02601893429021223 0.2379785231757482 -0.02650976010089563 -0.4023554687159557 -0.06216377789180021 -0.4686881740180855 9 image_000009.jpg

234 0.9775991967795269 -0.03699994204144492 -0.2064915582725846 -0.01708950283400571 0.403867035800088 -0.09063064556928363 -0.415432246463627 234 image_000234.jpg

44 0.9802411753116764 -0.03666307476709084 0.1928127920103325 -0.02462284324334723 -0.3032542404441194 -0.07291392407571606 -0.5035269438306165 44 image_000044.jpg

77 0.9785688785893838 -0.03513265338263676 0.2021052306044852 -0.01794776545755354 -0.3466063197078296 -0.05300202058929186 -0.3825185834083767 77 image_000077.jpg

146 0.9878364241959909 -0.07811840097031021 0.1302753240377404 -0.03324235864648913 -0.1169853546332792 -0.1047475326104852 -0.4427198019524925 146 image_000146.jpg

188 0.989155624017288 0.003407262484687446 0.1458924228102142 -0.01658140536553064 -0.1689646979268999 0.013214251149126 -0.2026194520226607 188 image_000188.jpg

187 0.9917688312113792 -0.1192823325539009 -0.04553350983736152 -0.00964417233392334 0.2341189177873265 -0.2481658327194856 -0.7394731565738508 187 image_000187.jpg

28 0.983561559457453 -0.1789628967875312 -0.01554475198619473 -0.01836575663363906 0.2036704656466598 -0.315189885499346 -0.6588983927662464 28 image_000028.jpg

93 0.9593448873057051 -0.1397300557636892 0.2385818106618045 -0.05667114202144946 -0.4412442604316632 -0.2515417216732073 -0.6716318909057869 93 image_000093.jpg

136 0.9707977683809776 -0.04431723345657352 0.2344256185220625 -0.02514567767664376 -0.5261810502493727 0.06100785365601699 0.3549636444899508 136 image_000136.jpg

98 0.9930710428283498 -0.1121243116851861 -0.0205322864167367 -0.02857390136887584 0.2288343195462699 -0.2319165747603828 -0.7086877597574281 98 image_000098.jpg

124 0.9872516126413948 -0.1169490756902687 0.1001649908282072 -0.04030064074605041 -0.07474174908372347 -0.2221562745844204 -0.7011811357852706 124 image_000124.jpg

85 0.9415133565364248 -0.0472217766683251 0.3296256742416301 -0.05166834768553225 -0.6710957653455993 -0.04432204312152196 -0.3052104804418299 85 image_000085.jpg

96 0.9601022097383505 -0.04624406688955349 0.2717792239390234 -0.04691787045628972 -0.2028217970471665 0.009707259948277225 0.03283612081783797 96 image_000096.jpg

128 0.9863003059115373 -0.1302691472312912 0.09406797749934272 -0.03732119300911386 -0.0275482329649476 -0.05286640736106871 -0.1639801476641445 128 image_000128.jpg

3 0.9896854526644483 0.01365454692031698 0.1419894421169564 -0.01323844628656838 -0.1528163903783948 0.007807245911123145 0.1720208839504275 3 image_000003.jpg

232 0.9933254180684465 -0.01213390686633503 0.1137245232160409 -0.01497046901701933 -0.145195105291994 0.01420661816194716 0.09409417379109647 232 image_000232.jpg

204 0.9972408469693205 0.01813943156377654 0.07184638110599072 -0.004444286267588712 -0.001205052935737611 0.006157951720416074 0.02567860808591624 204 image_000204.jpg

15 0.9941590057454837 -0.02029034602279164 0.1058913002377017 -0.00481722818597967 -0.1691719525646011 0.00573531576844467 0.01498107324940268 15 image_000015.jpg

213 0.9897622335880903 -0.02034075014873529 0.1394619800223501 -0.02252400884271997 -0.1527471993633155 0.03270648431272671 0.2580854811468665 213 image_000213.jpg

118 0.9909191999215411 -0.04870447976350066 0.1223900391197801 -0.02697575211329854 -0.114484780505769 0.01129220919676257 0.03141828512562661 118 image_000118.jpg

219 0.9964173222808673 0.0282343164529966 0.07819560667132523 -0.0155174202225106 -0.112582701382541 0.003170202094440664 0.04577511590614011 219 image_000219.jpg

222 0.998260199203944 0.05561923247192366 -0.01936019463079739 0.002873765542590874 -0.2521674785645718 -0.0001503086653255308 0.06916475512512887 222 image_000222.jpg

13 0.991823198734923 -0.08806360175862957 0.09133970883581713 -0.01373324747870107 -0.0283212068670142 -0.1434306878240102 -0.559642721915337 13 image_000013.jpg

19 0.9478842986670492 -0.03478195162629662 0.312974313220893 -0.04850413843635185 -0.587282899074228 -0.003384760061271887 -0.1114420320454702 19 image_000019.jpg

157 0.9917847310642943 -0.03490514939442291 0.1224277237026283 -0.01249520878062829 -0.01390380535189259 -0.01888041960615339 -0.123166542808363 157 image_000157.jpg

158 0.995411959135672 -0.08258527594796369 0.04186963904302506 -0.02411715432401847 0.06618525219445937 -0.06734438647543341 -0.1875870270472698 158 image_000158.jpg

50 0.9953054518488935 -0.01833848084901838 0.0948031422889228 -0.006566723091946565 -0.04965842117730226 -0.02260722999276906 -0.2259414583605943 50 image_000050.jpg

52 0.9217290072164042 -0.08250626750106747 0.3746551021247829 -0.05693775136737382 -0.7266901512119381 -0.06850932347163176 -0.2220993758821994 52 image_000052.jpg

61 0.9963192535568124 -0.03902457997653531 0.07557045118882698 -0.0106833541909047 0.003750128317150103 -0.001306394556993693 -0.04071342582100734 61 image_000061.jpg

200 0.9810396306085448 -0.07511776300156581 0.1755094635150392 -0.03339151200161149 -0.2396005943777681 -0.1503964533842082 -0.6636815174703908 200 image_000200.jpg

206 0.9842323931494098 -0.0556307370120036 0.1668198057897922 -0.01905176556498571 -0.2124645455915515 0.0826503881200077 0.3924591796729237 206 image_000206.jpg

214 0.971732410874225 -0.01447326993439094 0.2335163103138985 -0.03157180595651284 -0.4012960562435373 -0.03917099316484548 -0.4018662840949276 214 image_000214.jpg

92 0.9816304628717742 -0.05042240201737574 0.1821712645719003 -0.02593927719153507 -0.2712441296516768 -0.08265946149106104 -0.4839445602760797 92 image_000092.jpg

112 0.9934156275323666 -0.09632369207771761 -0.05837769803686971 -0.02095666220817804 0.2663853286315583 -0.1040427233318958 -0.282990034854106 112 image_000112.jpg

113 0.9466301657182598 0.04978727673218145 0.3183426076341884 -0.00839884471094221 -0.2905345109459918 0.009371382507807701 0.2275157632708365 113 image_000113.jpg

16 0.9898119469367475 -0.03522603246908299 0.137150740443949 -0.01486979264983463 -0.1316207651256094 -0.01761585043268082 -0.1375852015233333 16 image_000016.jpg

135 0.9850663190439033 -0.00332669270676017 0.1701139698487048 -0.02635369923262677 -0.2341986124936662 -0.04176559219278881 -0.5387554778831386 135 image_000135.jpg

11 0.993421558813641 0.008746585371807633 0.1139886114243724 -0.006610612237365475 -0.1177846094222517 0.01751128438357909 0.2816810793372028 11 image_000011.jpg

12 0.9727972025589858 -0.04736914562515967 0.2245896249307423 -0.03132518331347232 -0.1762149837580156 0.06807158429124145 0.3902820124577121 12 image_000012.jpg

14 0.9887492142860523 -0.02661793193263777 -0.1461689253316598 0.01735287341425555 0.0379166144379697 -0.002883862492846029 -0.0123012506798798 14 image_000014.jpg

17 0.9921736639738133 -0.002648481003177887 0.124700173219248 -0.005854303053650257 -0.1220279627552294 0.004612736319788912 0.04973131309679368 17 image_000017.jpg

152 0.9938934132991076 0.05073306009015593 0.09792451712894112 0.003581697865775582 0.03784237910820279 -0.01158901192554424 0.126985899766397 152 image_000152.jpg

26 0.8948158507241195 -0.03975536895020091 0.4380753634327103 -0.07625011400517694 -0.3106092680487194 0.1316176827359814 0.6337632629565475 26 image_000026.jpg

27 0.9732980480397364 0.01931795123026034 0.228662992259487 -0.005564387948573504 -0.2867992234038816 -0.03425923343290403 -0.1238435699823113 27 image_000027.jpg

29 0.9831943317084879 0.07739761101526942 0.1651381307500545 0.008240975537335101 -0.3826580853106741 -0.01613817015920332 0.1425958339183852 29 image_000029.jpg

159 0.9360849844002445 -0.01493474328273956 0.349743494584663 -0.03466040131303173 -0.5780209071327242 -0.01149172181921742 -0.1708398889952543 159 image_000159.jpg

32 0.9839036885131868 -0.02325176911334559 0.1754926806691023 -0.02439684395200107 -0.250564059671699 -0.05846210147380643 -0.4212648017366976 32 image_000032.jpg

160 0.9864061056458748 0.1240879783820641 0.1075736317176505 -0.005751706239643364 0.0428537203386673 -0.03511852450565234 0.1332931010024497 160 image_000160.jpg

164 0.9686688489628897 -0.01870400517044302 0.2467852425402026 -0.02068490521775719 -0.4093956078068599 0.001588086721154932 -0.2233278251612711 164 image_000164.jpg

43 0.9763900553302005 0.03381969677808821 0.2125886645706802 -0.01802075631545436 -0.2719185856111362 0.005405830965584083 0.2757506430588735 43 image_000043.jpg

172 0.9952525272508284 -0.01259622914660207 0.09559382884555359 -0.0132499773121519 -0.02983559464458785 0.0006651649901181864 -0.07037659341177399 172 image_000172.jpg

176 0.9936483909367529 -0.006532499767123849 0.1109787174607927 -0.01743347086360239 -0.05030762227598234 -0.03385066756852177 -0.327675032193281 176 image_000176.jpg

53 0.9938608454070122 -0.07208784960444446 0.08290556964911769 -0.01306248167162596 -0.09231325197695872 0.02127506728783358 0.08554869873974455 53 image_000053.jpg

185 0.9329715293263418 -0.06428293790373234 0.3496545823391481 -0.0563338478196523 -0.4722624527496074 0.001426821312617331 -0.02678575908898303 185 image_000185.jpg

60 0.9668213276434557 -0.01677450602928486 0.2515009586349698 -0.04150185739108965 -0.4215770188130189 0.05218144144675391 0.3024438248776893 60 image_000060.jpg

63 0.9467769563518889 -0.01845209542539004 0.320065956666118 -0.02882184031023226 -0.5006913741808394 0.02338658509409418 0.2183614038618269 63 image_000063.jpg

65 0.9839344608769961 -0.1018687732809608 0.144605337699786 -0.02418731150124674 -0.1667642026313394 0.08065526232499268 0.2462878950767769 65 image_000065.jpg

66 0.9887879801419304 0.01593012358285842 -0.1477482409132267 0.01466351924074694 -0.217685944558305 0.01318404590346874 0.3411275807860907 66 image_000066.jpg

89 0.9972148190029334 -0.05809911594374883 -0.04579462369198169 -0.009484193608915318 -0.2211950458795511 0.01504799519407918 0.009797657597052867 89 image_000089.jpg

217 0.9817341269601926 0.0648340835244401 0.1787994704529443 -0.005039339341738397 -0.3203780557822606 0.06840932499073234 0.2530869271782414 217 image_000217.jpg

220 0.95847600204462 0.008557042823083604 0.2835460804118096 -0.02919162218488773 -0.6045031095613171 0.04651436911755659 0.3623630535617156 220 image_000220.jpg

97 0.9912384697608445 -0.03005813480027865 0.1258998942931828 -0.02630629611847577 -0.02493395948668822 0.0448636157647732 0.3126564770139008 97 image_000097.jpg

227 0.9990221656162033 0.01288893382746945 0.03924701115555496 -0.01575627201016147 -0.05995868909052188 0.008590337935931142 0.04852255683190038 227 image_000227.jpg

109 0.9167214912189948 -0.051460551693158 0.3927131151080975 -0.05243975952225944 -0.6928339920726547 -0.05302318461013226 -0.2722676818902452 109 image_000109.jpg

110 0.9632143999713618 0.008931305547790263 0.2681508092678593 -0.01527726932451673 -0.4591127990471744 0.02164117980681543 0.367610604264853 110 image_000110.jpg

120 0.9918983303768698 0.07021371051367753 -0.1056826903498526 -0.006237468388447382 -0.1763034865475172 -0.02325509110263697 0.3253861302767093 120 image_000120.jpg

194 0.9456293308512924 0.02628978011878098 0.3241345717041127 -0.005549371246780939 -0.7102311018526841 -0.01216911885010689 0.03881110073162106 194 image_000194.jpg

224 0.85064721247435 -0.08535868440860477 0.5061419613647933 -0.113725678065468 -0.5255485132542903 0.1162881782875469 0.2971691617498202 224 image_000224.jpg

107 0.9637342077003507 -0.05887054776845703 0.2573854655384462 -0.03877315621891911 -0.565725436363108 -0.08463804322308252 -0.4279111350170838 107 image_000107.jpg

138 0.997265859252863 -0.06348103372811391 -0.03780376762286239 0.001356273930916922 -0.1163555118826221 0.02833942104408932 0.1106685675499889 138 image_000138.jpg

148 0.9407227161073375 -0.01301580608567899 0.338120108106417 -0.02336990983463061 -0.5943407010659402 0.02264129474049349 0.2802405463998805 148 image_000148.jpg

147 0.9994054509370039 0.01622252380979979 -0.03036251374680359 0.001921488386455356 -0.2347265019576088 0.01201836938486887 0.1498613968495746 147 image_000147.jpg

25 0.9469823846863027 -0.006132432215537441 0.3191454944316257 -0.03650903659313003 -0.2722422565711156 0.0498827206785277 0.4406117246150922 25 image_000025.jpg

162 0.9747505735926718 -0.01424233788836489 0.2219616329659565 -0.01978657583607773 -0.4610904201995562 -0.005558854258407168 -0.0765329215599421 162 image_000162.jpg

40 0.9146745501866234 -0.07129984676750947 0.3934619901070304 -0.05894456236874953 -0.7238506829523725 -0.006626436354612845 0.001846331494785376 40 image_000040.jpg

41 0.9922280218731914 -0.04445819666073283 0.1146537566303231 -0.01901413815674725 -0.0733816901606634 0.0333388870505642 0.1548629704652515 41 image_000041.jpg

179 0.9928748566876383 -0.05012691526719677 0.1074640416160849 -0.01175972290631331 -0.07917934193367152 0.03530043229604147 0.1469191975230382 179 image_000179.jpg

54 0.9975379750020013 -0.06746694436097754 0.01816627204319238 0.006015513905912025 -0.4148435994281714 0.01276321105974455 0.08648776126266675 54 image_000054.jpg

190 0.9953877693420061 -0.05029102825646896 0.08149128690299995 -0.005759451375367309 -0.09196851874630549 0.05275869972874374 0.2720130265029653 190 image_000190.jpg

67 0.9866375572122487 0.004392739743303403 0.1627757963044833 0.005574466183929485 -0.2586150656322483 0.007777346116723909 0.2108167878087802 67 image_000067.jpg

196 0.9181466063918724 -0.01439288480490314 0.3927069341922859 -0.05080273492024247 -0.7357577801439292 0.02520405961716437 0.07704312242309509 196 image_000196.jpg

71 0.9574592441551213 -0.001684351494449242 0.2871925298219842 -0.02809643316144991 -0.3029752916436728 0.02851228537921902 0.3038476545317367 71 image_000071.jpg

100 0.9814538266798619 -0.01021075081447476 -0.190455943350167 0.01925254024429836 0.03247922946580523 0.006863982874971895 0.04479485481635337 100 image_000100.jpg

111 0.9825417111159751 -0.01931883401055009 0.1838054801171617 -0.0213099518691235 -0.3170291431821609 0.03625612572661761 0.2549726486871606 111 image_000111.jpg

35 0.9959315201634109 -0.0175374678783499 -0.08804940265258199 0.007755453432055957 -0.1908455529456833 -0.01066002056286126 -0.1182535046696575 35 image_000035.jpg

184 0.9950175215685425 -0.05311061322381996 -0.08284236177751077 0.01601679211668639 -0.1743398263356541 -0.05800914227230213 -0.3095303906462127 184 image_000184.jpg

105 0.9963844290504638 -0.06297527410909892 0.05659123879453219 -0.007043868849250827 -0.4898659997093879 -0.0607350559509372 -0.2668176960750015 105 image_000105.jpg

175 0.989176693561524 -0.0374972086303252 -0.03814549848518427 0.1366321675336431 0.1754081453902632 -0.06103722884409228 -0.6532371853816366 175 image_000175.jpg

103 0.9866144268810484 -0.0274069286597653 0.158603793757458 -0.0261852923863895 -0.2157957570899218 0.009340545834025509 0.02768836585723417 103 image_000103.jpg

209 0.8505071805942997 -0.1007934616224977 0.5014807728590336 -0.1224550868865644 -0.3693344625798009 -0.03993010108469856 -0.1648198000424049 209 image_000209.jpg

221 0.9808812002549124 -0.003220853184216174 0.1932319570449156 -0.02287155149613077 -0.2211735842709999 0.006218063769630282 0.0349166124642129 221 image_000221.jpg

223 0.9499030855837313 -0.03938397500843446 0.3069777687617067 -0.04356236904859329 -0.5749889114467561 -0.05216280406554987 -0.312963436963115 223 image_000223.jpg

197 0.9975224043418206 -0.01470477708096411 -0.06879081731158432 0.000803629713685658 -0.1807496506957961 -0.01140530843973396 -0.1244582793864997 197 image_000197.jpg

126 0.9446901956058856 -0.009525126029513751 0.3277933722426053 0.004605585093799947 -0.5955696318970929 -0.01486432303547596 0.2681097203228101 126 image_000126.jpg

127 0.9586695903529574 -0.03835860087856848 0.2814950906768446 -0.01554825379155006 -0.5166146265405362 0.03849287948706669 0.4127144040732255 127 image_000127.jpg

0 0.9999805515270872 0.002702062725255824 -0.003242498433183868 0.004591473458696125 -0.002858815591779057 0.004014001431707027 -0.005458640931700787 0 image_000000.jpg

1 0.9320057914465457 -0.1346208341461175 0.3201597632664797 -0.1036347514545822 -0.009666227922375648 0.1251013706186354 0.3067628119527579 1 image_000001.jpg

198 0.9505080201501528 0.03921627626212007 0.308036454817155 -0.01049427510831371 -0.353129530705798 -0.002499720745133856 0.3295588707424395 198 image_000198.jpg

163 0.9980293725364274 -0.0625155883912578 0.005002910635725447 0.002035595198170483 -0.4022922190469934 -0.04451552767230475 -0.2290534981779661 163 image_000163.jpg

165 0.9960722548213372 -0.07411929734386719 -0.04803718096232195 -0.006230744865730877 -0.2154071512462508 -0.0999814295987049 -0.4163162182746736 165 image_000165.jpg

42 0.8818690652463118 -0.1095348310317174 0.4478067946540708 -0.09888451453132821 -0.9099972397737564 -0.02170332413360709 -0.07882098750319499 42 image_000042.jpg

91 0.9986506597353135 0.0414593956868424 0.02937773607141535 0.01072039844517055 -0.3012572886914892 -0.01259169706149644 -0.4109807936122393 91 image_000091.jpg

235 0.9960803976578588 -0.07404638928039664 -0.04797755475563337 -0.006255227890986253 -0.21555515360874 -0.09980083806037807 -0.4148661220155997 235 image_000235.jpg

21 0.8249753904659812 -0.04952445627896654 0.5544739391212856 -0.09757860519140174 -0.4924593008491206 0.02424493409164433 0.01924758847512466 21 image_000021.jpg

201 0.9866224140736649 -0.1145187036094646 -0.1160244499143878 -7.478720058938466e-05 0.2545751243639232 -0.1688528745743286 -0.5228796961778459 201 image_000201.jpg

62 0.9967566029093442 -0.02919719116070088 -0.07475335993036146 0.005977772500795481 -0.2772103031284316 0.0009216621706604824 -0.02483939971177329 62 image_000062.jpg

73 0.9389423669187271 -0.0417653400381016 0.3392120360695017 -0.03972508731448153 -0.3598061630603617 0.01853876802595246 0.1115943588176513 73 image_000073.jpg

69 0.9722556357019143 -0.03123044764811364 -0.2290668247441307 0.0356654985554218 0.1257435723639382 0.0005392801897683638 -0.04497116701742615 69 image_000069.jpg

123 0.9930459140815837 -0.05824030998524111 -0.1015499768665499 0.01246920274509469 -0.1829380696283718 0.08804918582117433 0.3865413846891632 123 image_000123.jpg

182 0.9858218929445378 0.02114830987695447 -0.1660483436217164 0.01165727073894332 -0.03572726547866167 -0.007255563025275938 -0.1974049292607549 182 image_000182.jpg

207 0.8608687305159788 -0.1331427369344433 0.4763038012291169 -0.1196358197034108 -0.7382477267798697 0.01274128131984891 0.03033115087731819 207 image_000207.jpg

199 0.9381464184452304 0.04212207638383998 0.3434319886877952 -0.01270816215850604 -0.4094567213474256 -0.01159969300087912 0.3214817802233341 199 image_000199.jpg

104 0.9951893562030434 0.09203313063474995 -0.03358159812930668 -0.0005695900463210651 -0.1126582607076738 0.0213449899746214 -0.203557432437199 104 image_000104.jpg

114 0.9861836267204047 -0.08845208893536931 0.1381124881042496 -0.02330285349935214 -0.2662590325924802 -0.02693239825847948 -0.1683154606142128 114 image_000114.jpg

88 0.8874971134073184 0.08021347801837585 0.4537767458373366 -0.001156103434058765 -0.2469524121677514 -0.05959673973077435 0.6137037619297449 88 image_000088.jpg

81 0.9845332730464227 0.0951072169511471 0.1471269340393171 0.001586451542334672 -0.2550357246564159 -0.02692050478920217 0.2424581631966613 81 image_000081.jpg

87 0.9884716323685572 -0.01434541507933455 -0.1506885058912525 0.003318924690848413 -0.168588971427813 0.005216625251023049 -0.1011389006450076 87 image_000087.jpg

129 0.9921433816209152 0.009004202700721118 0.1246363999988128 -0.00601684592417293 -0.1652866363636015 0.02187546557278907 0.3354570122297345 129 image_000129.jpg

181 0.964010472629997 3.116470632722531e-05 0.2657926690804095 -0.006169663812805312 -0.4718815491019148 0.01958837804102716 0.445989968482814 181 image_000181.jpg

56 0.9283664935677345 -0.1958071965184733 0.295785606664658 -0.1109327287248714 -0.09888882292355286 0.1633130034092324 0.2823013135171575 56 image_000056.jpg

64 0.9943268404281405 -0.05420308024250019 0.09061672939948549 -0.01283623189868929 -0.08031477216361008 0.02998135893332238 0.1459479074569054 64 image_000064.jpg

76 0.8424771687134781 -0.0124791258704892 0.5351586603269298 -0.06067701287238975 -0.05727137427067988 0.08083819591462321 0.6439129616073057 76 image_000076.jpg

170 0.9463101211416812 -0.0407345483424562 -0.315019011894937 0.06000727739941503 0.2633550592479587 -0.0166176540389841 -0.1866244112204999 170 image_000170.jpg

82 0.966742896910214 -0.02116677895771726 -0.2521601496072006 0.03708635452934974 0.1674949527973915 -0.01440932120520692 -0.145778219292854 82 image_000082.jpg

208 0.9016009347993549 -0.06502658722519183 0.4188557311435384 -0.086297009281815 -0.2898500399719564 0.1420494510510224 0.5811972305874932 208 image_000208.jpg

142 0.8642284635779586 0.1319304314155492 0.4854914900534824 -0.001239795885448951 -0.7095339566342576 0.08709627693754401 0.3271706865689144 142 image_000142.jpg

20 0.8724228701565715 -0.04838920899167626 0.4790261828689397 -0.08408766976758951 -0.2755003212455246 0.1589070397364461 0.7132496643789701 20 image_000020.jpg

