# Image list with two lines of data per image:
#   IMAGE_ID, QW, QX, QY, QZ, TX, TY, TZ, CAMERA_ID, NAME
#   POINTS2D[] as (X, Y, POINT3D_ID)
# Number of images: 75, mean observations per image: 557.893
162 0.9317604474031532 0.03450484266751151 -0.34115799228595506 0.11934446257146696 0.3806352412510684 0.0784656207458824 0.23957126681190954 162 image_000162.jpg

507 0.9997002508210996 0.011912699587393535 -0.02011768141957312 0.007264646582562235 0.010237960710345653 0.022590851968129273 0.06564014300041787 507 image_000507.jpg

502 0.9260695556579727 0.03036567745996821 -0.35599524966828944 0.12141045846604415 0.37243038934817646 0.08031997540475817 0.26972682895722894 502 image_000502.jpg

119 0.9781198234856567 0.03927242808644917 -0.1907849294643189 0.07307803799712115 0.3171735070764298 0.010254236069914525 0.07531239078390439 119 image_000119.jpg

417 0.9991777654169309 0.03996410878975259 0.0015243592798490242 -0.006659280528886498 -0.02984829621707674 0.009563819323969143 0.007558445277112276 417 image_000417.jpg

98 0.9977834077471781 -0.06185705908425824 -0.023790783630385816 0.005997249028178698 -0.017419791655871764 -0.05373135312593202 -0.10846156757422619 98 image_000098.jpg

355 0.9983575781511629 -0.0289234170405268 0.04361784413186722 -0.023303668209221664 -0.08984431279735734 0.02216191543219867 0.01935249974429858 355 image_000355.jpg

524 0.9975977797265149 -0.015053263322466572 0.05420848442863041 -0.04041670438405192 -0.15902104165781286 0.04179420362604728 0.009777540582506674 524 image_000524.jpg

299 0.9984300761293038 -0.055244722294607515 -0.007897376319193058 0.004799975677172791 -0.04044469382878055 -0.06334794293652288 -0.093021060617433 299 image_000299.jpg

118 0.9822693115733291 0.04345613222729688 -0.17776718747774067 0.0407111854504488 0.3157815889079312 0.002362041334521836 0.0453037876628067 118 image_000118.jpg

193 0.9964736650106287 -0.057070129856798706 -0.046915168439144166 0.03977690148975957 0.05200188163001893 0.021555204673614728 -0.0004181961998186547 193 image_000193.jpg

195 0.9956200931888448 0.028020279700804576 -0.07850660528583665 0.042334378634235184 0.116236531834584 -0.002328131037163603 -0.023849470282869017 195 image_000195.jpg

436 0.9981166030992737 -0.019340674823373764 -0.05649555427996371 0.014051330474273557 0.01129928944291432 0.03158862179318094 0.02017175581937552 436 image_000436.jpg

459 0.920560773110364 -0.0145897060331548 -0.365664247565922 0.13654541502044662 0.528405339656694 0.09573215646199235 0.23689228616778524 459 image_000459.jpg

464 0.9455650841959888 0.06511598684289005 -0.2881813240242484 0.13644822304692183 0.6544356785425913 0.1529149488647572 0.26660613987473725 464 image_000464.jpg

213 0.993811538553768 -0.016638499704821046 -0.05490032874387297 -0.09511961545412585 0.03809583868705601 0.009455255251544649 0.07878620961137384 213 image_000213.jpg

364 0.9741354586022655 -0.19956413403545753 -0.07114068407013942 0.07857016789553901 0.19969437010085075 -0.330406166642231 -0.31246587633571987 364 image_000364.jpg

337 0.9943784742399123 -0.06930493842334248 0.07639543182251157 -0.023916843387368176 -0.18527403711971457 -0.16242061985399892 -0.2256311807351296 337 image_000337.jpg

198 0.9680184444742026 -0.22963087060630247 -0.0933123541958185 0.038765421865126014 0.2548413221803153 -0.4724308597564492 -0.3563501873033303 198 image_000198.jpg

23 0.9958191117470692 -0.015524171850313271 -0.08736283385779953 0.021703411923070196 0.0016847429757687088 0.030471257338820192 0.01950966081889396 23 image_000023.jpg

103 0.999299691326741 -0.034997041736794014 0.004064532252625929 -0.012602112471317404 -0.07581294835602667 -0.10533814251152489 -0.2044975335577365 103 image_000103.jpg

492 0.9761392630719943 -0.21510380526502718 -0.026722553582076456 0.012976694901210074 0.010673518678826183 -0.325777900962933 -0.27848383146330985 492 image_000492.jpg

306 0.9720690052655764 -0.2325136021402396 -0.030283602031023118 0.010108480335010904 0.03410260397690984 -0.44134791207209717 -0.34481572880931194 306 image_000306.jpg

101 0.8957993037737579 -0.001098638074531353 -0.4393332593721118 -0.06729553517867276 0.5551539656883815 -0.12048918582271932 0.5403905514841364 101 image_000101.jpg

233 0.581432724730942 0.18835576402933657 -0.191117785230552 0.7680704562630954 -0.04977760979253081 0.6190905115401171 0.037428825446004954 233 image_000233.jpg

371 0.9947516484632477 -0.03639696372444935 -0.06771706145500131 0.06751897334634543 0.19339906414757 -0.16480005904380476 -0.3437507317468114 371 image_000371.jpg

2 0.9999544244919788 -0.008417522252526975 -0.004494658637150894 -0.00028800274808488195 0.003960828355828595 -0.013344204073641007 0.3072283767890736 2 image_000002.jpg

416 0.9428680736031375 -0.014886097682502522 -0.29431739618137687 0.15542030046500221 0.6952008642784846 0.03541574813349193 0.012786333713933173 416 image_000416.jpg

181 0.9127677249661238 -0.017696146052094918 -0.37022339754716277 0.17168742434890558 0.6748618630716892 0.08534290494499835 0.15739233050952206 181 image_000181.jpg

178 0.9771846592686908 0.037445981428410734 -0.20068225344401494 0.058605230022796606 0.3226703864730118 0.04121660016908148 0.54721168850785 178 image_000178.jpg

522 0.9746818873959677 0.05521971304078436 0.1913742109900249 -0.10159682749572146 -0.7732467094312299 0.15011530835766157 0.2621763020676129 522 image_000522.jpg

157 0.8561115714950696 0.06103117355096577 -0.47261823608808134 0.1999504275686562 0.4995754885603066 0.32663265122376056 0.9108010123282585 157 image_000157.jpg

516 0.9550196818559422 -0.034129773649921806 0.26885398357008117 -0.12037480318815298 -0.6371296980706066 -0.001817989010968265 0.38005502601664415 516 image_000516.jpg

248 0.9946923541447047 -0.10051829096058372 -0.02116196903599222 0.005945549699874737 0.019154739307393562 -0.28438627827616725 -0.40576426257324943 248 image_000248.jpg

380 0.9977954149882916 0.0255747179080614 0.06122553251321321 -0.0012931854434056647 -0.22243124557727445 -0.21551523388579438 -0.49680282330426373 380 image_000380.jpg

196 0.9674767174484821 -0.22152917490185584 -0.10388861311273719 0.06419325919158311 0.28341084383176596 -0.45359224943461546 -0.3598852390022748 196 image_000196.jpg

234 0.7519479379882272 -0.16805503607783032 -0.1750816196804689 -0.6129260032947769 -0.13968939659549695 -0.5862954304068398 -0.29565842169496065 234 image_000234.jpg

452 0.9685533310037615 0.01857788759338733 0.18069676573988608 -0.17002353951934324 -0.7628694706879415 0.18852695510774833 0.1173093420868998 452 image_000452.jpg

21 0.9946483895158491 -0.10238264105923417 0.008006647432686096 -0.01132589790173614 -0.049673587504671365 -0.2573620027360935 -0.26729995438940285 21 image_000021.jpg

435 0.9954724666560136 0.08405207750313896 0.03595634262871836 -0.026018569203842556 -0.06438695591910962 0.014070629369318827 0.580717236645999 435 image_000435.jpg

197 0.9665121308761397 -0.23375691847220573 -0.09637688959107696 0.04385767795749086 0.2611534709315777 -0.47286222747387974 -0.3511138416445321 197 image_000197.jpg

472 0.9698660319946559 -0.24306650876578978 -0.008704149075926888 0.014240656828834904 -0.006121021407614065 -0.38077176909944954 -0.2871798281109968 472 image_000472.jpg

4 0.947995079009219 0.042227530142404775 0.2842556060889081 -0.13682438327349433 -0.9279420766811953 0.1991707775779461 0.42889525923793204 4 image_000004.jpg

418 0.9810841428829433 -0.06856343669693264 0.14971494873385563 -0.10177615831167128 -0.3938335610562288 -0.09002898863958372 -0.22717636280077647 418 image_000418.jpg

93 0.9515709496988525 -0.1138748301205942 0.23508896116911 -0.16210622034832056 -0.6744102699845324 -0.05805567891556821 -0.10957141104413753 93 image_000093.jpg

338 0.6533652256469242 0.010417340746323124 0.21711705705122328 -0.7251659433092287 -0.3236906671760236 0.3896703010094844 -0.31112207222186994 338 image_000338.jpg

376 0.966459238058536 -0.25641338041960254 0.014301109086919169 0.0020483441063565973 -0.047180964419250015 -0.5556333410861218 -0.3885777875609358 376 image_000376.jpg

377 0.9677299467685526 -0.2513815792412659 0.01619952469452534 0.006605485992669273 -0.06060429009859586 -0.5482987826756813 -0.38735791180649937 377 image_000377.jpg

42 0.9857484561321207 -0.16421065046890276 -0.03407463706955844 0.013181597069048383 0.029589805972194613 -0.37313576020673833 -0.5733292239572673 42 image_000042.jpg

316 0.968703478557443 -0.08247776583790879 0.2267674904165547 -0.05820224845954097 -0.3801981504007742 -0.0026634818734321275 -0.04234025316172041 316 image_000316.jpg

70 0.9228483479482975 -0.19796637825067873 0.2665847485949387 -0.19517388807069236 -0.7277400261661322 -0.1861550897233961 -0.1555468478847226 70 image_000070.jpg

419 0.9318361448809469 -0.13431186803128117 0.28014794732067877 -0.18750692228033386 -0.6870769878315943 -0.13634531773876202 -0.17005291735052036 419 image_000419.jpg

441 0.9323802364927577 -0.1653515253521897 0.25390602116766925 -0.19712353716921652 -0.7350381116779111 -0.11688885425499923 -0.14454116404557807 441 image_000441.jpg

455 0.9980977591661246 -0.04859521678933833 -0.032357105196195356 0.01980862211714765 0.04990590110292014 -0.19790284033694408 -0.10702582506714255 455 image_000455.jpg

317 -0.47062752277261405 -0.24734883447303357 -0.29939293431730263 0.7922702153242622 0.18863168847495557 0.9077230391882751 0.2468696769653282 317 image_000317.jpg

295 0.9091962977659859 -0.039484076459788034 0.3663717971418642 -0.19384225497410684 -0.8226006933905385 0.2345018279590976 0.42724906466928014 295 image_000295.jpg

442 0.9354063280978625 -0.21429157272047727 0.21954561085972452 -0.17576651041491023 -0.7404903491203477 -0.19889922988143216 -0.1706713364482115 442 image_000442.jpg

379 0.9946060474916272 -0.08023924334258076 0.06555968178891633 -0.00473232749573254 -0.2293444504147173 -0.31891146809154913 -0.24299281024819286 379 image_000379.jpg

335 0.9521246266282929 -0.13629098982313467 0.021804574820218484 0.2727783458921899 -0.02257723861175597 -0.293478551815628 0.14535968266438679 335 image_000335.jpg

378 0.9573765844060402 -0.28757481073907565 -0.007306440712862476 0.026027867341954895 -0.01977085780176343 -0.5696651325593817 -0.16251826788443488 378 image_000378.jpg

402 0.5812282772006269 0.018340762406405118 0.8111196698543122 -0.0626275333303559 -0.7452043298284075 -0.03613779733582487 1.245703110997316 402 image_000402.jpg

