# 3D point list with one line of data per point:
#   POINT3D_ID, X, Y, Z, R, G, B, ERROR, TRACK[] as (IMAGE_ID, POINT2D_IDX)
# Number of points: 1009, mean track length: 6.86
0 -0.0036377530554010788 -0.11217920067549624 1.0453522782282088 176 171 158 0.26
1 -0.2303824557614098 -0.09962343963564994 1.0741505684435741 83 75 64 0.37
2 -0.03215849985868022 -0.09271530601019613 1.0427071817672249 147 137 121 0.25
3 0.08211857652954262 -0.09068929039561101 1.0377542523626837 195 189 173 0.3
4 0.1428843940232909 -0.0872059325815971 1.0331070448344186 117 111 97 0.32
5 0.3827422065313688 -0.0863054980530149 1.0299876922170756 144 139 128 0.38
6 0.20494445801338337 -0.08635662424155834 1.0331032159769478 133 128 113 0.27
7 0.23179383111837798 -0.08590612215582447 1.0312513029564503 110 106 91 0.36
8 0.2514813102396575 -0.0856407027059706 1.0312473398515847 106 100 87 0.31
9 0.3310101780983487 -0.0853490740589187 1.0292099114295146 90 82 66 0.26
10 0.36222542713889816 -0.08459588964145617 1.0270573221162584 120 114 91 0.18
11 -0.18514962406284996 -0.08777420580480405 1.0678810014018285 89 82 69 0.26
12 0.15232528523632963 -0.08446249689802854 1.0323446950942108 179 172 153 0.25
13 -0.2742746859696029 -0.08644771661165307 1.0836179276799656 85 80 66 0.27
14 -0.2743079805945207 -0.08648634825795587 1.0840034511622276 79 74 60 0.17
15 0.44884489456256765 -0.04194565523306781 1.0463884086728912 132 132 127 0.25
16 0.20379179548084297 -0.03375069934330945 1.029886792272332 157 156 152 0.34
17 -0.22359465612713356 -0.013481768133898916 1.065131476879529 140 141 135 0.33
18 0.26994954241706115 -0.01048393838584634 1.0238640261991379 130 128 114 0.33
19 0.40316601047790446 0.0065321222885703105 1.0190497706172819 80 72 56 0.18
20 -0.34954254370580173 0.008904577034643573 1.079928347034437 136 130 123 0.32
21 0.41150098126726137 0.009917113022639324 1.021145871844612 110 96 75 0.23
22 0.3827816960744691 0.04305186938378403 1.0095140214465317 45 49 47 0.39
23 -0.22852914053691123 0.045212176915259736 1.0495702735379069 67 68 66 0.15
24 0.14344461822950544 0.044912178673429344 1.005987913867943 146 147 143 0.42
25 0.39706920455318395 0.057660860283632945 1.0049123494927459 53 54 57 0.25
26 -0.258129921654792 0.0634417539989565 1.0558447207850779 109 111 108 0.32
27 0.38050535276183006 0.060820639385296145 1.002605718667424 106 108 106 0.13
28 0.07247733803956162 0.061780711579744386 1.0098069695734873 166 161 143 0.22
29 0.28254567360881894 0.06128054345740992 1.0024603898263729 93 92 82 0.17
30 0.42003323443060747 0.06276561565722 1.0192258189959726 63 65 67 0.1
31 0.3394373047101289 0.06267763184577066 1.0041194585323086 54 56 52 0.21
32 0.29081476619827573 0.06382055578444246 1.0016755707620353 138 132 120 0.31
33 0.38650140041207987 0.06349700487394784 1.0026700441185274 55 57 51 0.23
34 0.3498547945340721 0.06453304831890051 0.9996425765454715 121 123 116 0.34
35 0.42441734385211044 0.065577230249393 1.0148494688024734 98 101 101 0.21
36 0.424466420596375 0.06555521913148432 1.0151175869133284 101 104 104 0.25
37 0.36193664077892895 0.06858677983292734 0.9976716416004702 145 143 137 0.26
38 0.41559827894675305 0.07762936901165167 1.0146929615097875 42 42 38 0.27
39 0.42057723462736457 0.08003429958978002 1.0155793076866952 56 56 50 0.23
40 0.39685126334423637 0.0807695414949544 1.0026530495400547 38 38 30 0.26
41 0.3570802394430119 0.0839583759050987 0.996837833040265 101 98 87 0.15
42 0.3570513556505415 0.0839613494723183 0.9968332385469424 111 108 97 0.16
43 0.4000965655222087 0.08448353819278599 1.0052843597106824 56 57 53 0.29
44 0.423684991835626 0.08534271290812072 1.01359029577916 57 55 47 0.16
45 0.3618787705311967 0.08436167052320817 0.9954932432142971 130 129 126 0.26
46 0.3586098579821033 0.08671308443968141 0.9955618065173744 147 144 128 0.18
47 0.3570983611348116 0.08906915558905643 0.9959251888578683 120 117 105 0.28
48 0.31520707168644735 0.09063268540019696 0.9964542067466398 167 164 148 0.31
49 0.35686540392018656 0.0923819330693419 0.9948729869327494 127 126 117 0.17
50 0.26145182225603 0.09476317078431726 0.9980337126336789 49 44 37 0.31
51 0.39273688010611035 0.09568542922056748 0.9992928160075014 124 123 116 0.23
52 0.2656312579447375 0.09820116550178107 0.9987517336266253 41 43 42 0.29
53 0.354679437545266 0.09867169834784635 0.9949922011867122 153 153 147 0.16
54 0.4115453569475953 0.10191213968011738 1.0072067388035888 98 92 83 0.23
55 0.2681611006908979 0.10171429628534207 0.9951621340264656 119 118 107 0.18
56 0.27031927971445696 0.10156428869677318 0.9917102435610834 131 126 112 0.19
57 0.2895995207792093 0.10716936934352123 0.9946008368736755 101 104 103 0.21
58 0.3828060346457944 0.10729950004846278 0.994931760798906 122 130 130 0.24
59 0.21321783342680595 0.10862026975548078 0.9964401290304857 78 77 69 0.24
60 0.4100010996627603 0.1096176320570839 1.0054993224167463 88 84 78 0.2
61 0.42809178951866617 0.11097964796492557 1.0146714503418977 102 102 98 0.42
62 0.43160840246235166 0.11118540001923599 1.013804934315828 112 112 105 0.42
63 0.23373922987804352 0.11002517035323084 0.9934911681344236 78 80 80 0.31
64 0.271213384255103 0.11068113310518793 0.9928830479717278 57 60 61 0.24
65 0.22226468136400096 0.11184103619333167 0.994479481367561 33 26 22 0.27
66 0.22258645393063953 0.11188896793894809 0.9952126321804944 42 28 23 0.44
67 0.2283923658905523 0.1119819368216127 0.9947414159284694 33 25 22 0.31
68 0.3832464605901265 0.11573822746135147 0.9944838989664634 118 123 121 0.37
69 0.3198427591574378 0.1187307541054255 0.9927070432937126 103 102 96 0.24
70 0.3197768116487637 0.11872200397187928 0.992624053175035 111 111 109 0.26
71 0.17986995258185043 0.1198856538683416 0.995008246769686 114 106 95 0.3
72 0.35290191890087114 0.12080827927036075 0.9899317203319927 148 150 143 0.27
73 0.1100635338582525 0.12304705137266678 0.9972763165964055 144 139 123 0.11
74 0.3604513694948574 0.12623133061509412 0.9890576909783227 67 66 61 0.23
75 0.39032886349971607 0.12857092664432282 0.9930181298797368 119 119 113 0.25
76 0.3812053450488966 0.1321591956616775 0.9914432527385899 46 47 45 0.31
77 0.42704828542558587 0.1353369770385219 1.0097895052711936 102 105 108 0.19
78 0.35584689261538405 0.1365353575637445 0.9879436173475021 48 48 46 0.46
79 0.32130288118952144 0.14424375588362423 0.9873112235400173 124 120 114 0.17
80 -0.0038849356062581946 -0.09785849148950468 1.0401265871982057 207 204 194 0.44
81 0.12353452109979007 -0.08759313185201668 1.0345291942483532 125 119 102 0.26
82 0.37748729149359933 -0.08704149103111433 1.0303217377013614 148 144 131 0.46
83 -0.2266273374623631 -0.09000757960506442 1.0733489467872945 159 151 134 0.36
84 0.31655719303236957 -0.08543991577721888 1.0300892041453789 100 94 76 0.27
85 0.31654697197542225 -0.08542976851731847 1.0300765140132235 102 97 86 0.28
86 0.3199090036554319 -0.0852566363408934 1.0290421082609094 115 110 99 0.23
87 0.3240657027835588 -0.08519074529757309 1.02890912222993 102 95 78 0.25
88 -0.22805561546545325 -0.08709708386497751 1.0756371719091504 89 85 71 0.27
89 -0.2279811580990275 -0.08710233720145523 1.075534890251369 94 90 75 0.23
90 0.2862929379681552 -0.08275409711514667 1.029134502383805 176 170 163 0.32
91 0.3258171387611254 -0.08275343951608594 1.029290272245652 184 178 157 0.23
92 -0.20727382759016486 -0.08487306139214125 1.071468022980841 169 166 156 0.35
93 0.3852997911319288 -0.08127526092264065 1.0284084725448885 171 168 157 0.31
94 -0.2125147931665688 -0.08447963752662681 1.071577039464859 163 158 146 0.27
95 -0.3480032041506592 -0.06411470730895118 1.0963948958597434 156 158 157 0.4
96 -0.17156927856710447 -0.028257477069009995 1.0567578390717358 87 72 45 0.45
97 0.37356507598216143 -0.02710898128111374 1.0210278426083905 134 134 136 0.3
98 -0.2992971794610318 -0.017787127105917535 1.0787247346144164 153 144 125 0.28
99 0.39103716892377705 0.00035872206208251964 1.015392743411836 164 165 163 0.23
100 0.4021762176200419 0.011809414866503646 1.0185022838644435 34 33 29 0.3
101 0.40902965012524545 0.012173903984837886 1.019806889950875 48 46 40 0.46
102 0.4248464044844375 0.01868868455962402 1.0277135788030265 83 82 76 0.27
103 0.42125996231781204 0.021229713490028917 1.0259343225569209 123 126 117 0.35
104 0.38495028510530954 0.04198175185338229 1.0082689114266903 151 155 152 0.22
105 0.3241955877486307 0.044326606630404324 1.0012850048146165 66 69 65 0.19
106 0.37570541829132253 0.045551259591648435 1.0084109353744621 111 116 122 0.19
107 -0.25010238317475003 0.048031454675989585 1.0578444563678195 147 126 91 0.33
108 -0.25017717598784744 0.04799800167481719 1.0579782385808572 149 128 90 0.36
109 0.4241266016561902 0.047254246842247105 1.022931719306794 124 126 116 0.28
110 -0.2633504301640017 0.05338603558504376 1.0543318222685978 120 123 121 0.46
111 -0.26133347756317715 0.06108917875938696 1.0554378952497732 58 57 52 0.31
112 -0.21991502727336176 0.06289847571384727 1.049601518198774 121 120 115 0.26
113 0.1421987978196389 0.06007535527062718 1.0039131195334676 94 93 85 0.31
114 0.2172932656188696 0.06081753078462775 1.0033927828605027 84 80 72 0.23
115 0.287958560362226 0.061751273039999145 1.0018937535044807 70 70 64 0.19
116 0.34769470191318746 0.06285382117272044 1.0012550422486963 54 55 51 0.25
117 -0.2421143539628965 0.06616723612556794 1.0488825108874884 26 25 23 0.55
118 0.36538167612839545 0.06280210148460807 1.0014388199176667 37 38 33 0.36
119 0.3820372794128334 0.06344262094194522 1.0023637253478426 59 60 55 0.22
120 -0.1869069287857606 0.06640338259684177 1.037766789693809 151 148 140 0.3
121 0.3448736641372402 0.06477178790039322 1.0035024375803607 76 78 75 0.3
122 -0.2696569608418756 0.07039853925927954 1.0535683354564758 152 149 137 0.34
123 0.381502799742046 0.06869044780503539 1.004441664040759 30 34 34 0.26
124 0.427296619261973 0.07036308563442235 1.0170536850237342 63 69 71 0.25
125 0.39653789287669367 0.07008294786875276 1.0031800214548672 113 114 112 0.31
126 0.38851305834717387 0.07330458166365367 1.0018226863581223 131 130 124 0.2
127 0.38385164041625713 0.07411558017445284 1.0020818192894436 139 143 135 0.16
128 0.4167158841915504 0.07490138822178705 1.0140545402681835 27 27 22 0.41
129 0.2168976660546092 0.07889911251547814 1.0019205225496963 109 104 88 0.24
130 0.21689585441374973 0.07890959292718781 1.001876917953634 106 101 85 0.25
131 -0.19526729714315566 0.08466082826964016 1.0370709429449796 144 140 123 0.37
132 0.38773762320441324 0.09109913581380728 0.9988798870305624 129 130 125 0.32
133 0.21748145420666046 0.09225581510603507 0.9993415270541369 107 104 89 0.21
134 0.21749068926848455 0.09224349653189443 0.9996601599526884 92 93 82 0.3
135 0.390591672378696 0.09255282843130425 0.9990507429618348 78 74 65 0.26
136 0.3903809616294139 0.09790465251966078 0.9969586723883137 53 53 51 0.29
137 -0.06440072736064542 0.10196372228439345 1.009399457454393 136 129 112 0.59
138 0.37851790644409755 0.10311799031615596 0.9940089543914129 102 104 99 0.35
139 0.420068549337094 0.11043106751408509 1.010020316899576 121 118 110 0.19
140 0.2418037702803954 0.11224154276321832 0.9948054399582161 26 22 18 0.33
141 0.3690561833203655 0.11649212618287538 0.9929815802891648 38 38 35 0.26
142 0.36900266344312904 0.11660876520983977 0.9929237194698121 31 30 26 0.2
143 0.37165113910600656 0.11720318248202449 0.9915357105811872 106 103 96 0.26
144 0.3717145625153627 0.11718892563911652 0.9919759571769853 101 98 89 0.24
145 0.10745212469454717 0.12146091117585835 0.9978911756831695 108 100 89 0.32
146 0.3560663708503327 0.12119114377844642 0.9899768529414464 113 109 95 0.38
147 0.395249109183214 0.12587074480787644 0.9966949940747882 86 86 81 0.1
148 0.3952702709378637 0.1259601120585657 0.9969769437867708 87 83 76 0.24
149 0.1418525732747983 -0.14943654290543937 1.045148721762488 131 131 127 0.29
150 -0.24426092923661122 -0.15204887042400922 1.0904717473922232 176 177 172 0.27
151 -0.36128370605376003 -0.12199921473439844 1.1091991827186773 195 194 187 0.33
152 0.03391637323491409 -0.09701675415828125 1.0408602816693613 176 170 156 0.38
153 -0.20313884959177728 -0.09097918552211987 1.0725239264776352 151 143 126 0.29
154 -0.28034291208113266 -0.09017320502611437 1.0864463946121832 151 146 134 0.41
155 -0.1672146455595785 -0.02467706247175201 1.0561754892313817 84 69 43 0.29
156 0.13816915851566008 -0.018274224612398724 1.0232034851258107 154 154 149 0.28
157 -0.1714868531932678 -0.015188737255927218 1.055652293528609 42 40 35 0.29
158 0.434130203327431 0.0082368921066573 1.0349610551673902 41 44 49 0.35
159 0.42959689539890733 0.0196944421838709 1.0304802487109124 130 132 129 0.41
160 0.3993968170383195 0.03426843781593759 1.014047604556514 134 134 130 0.34
161 0.357553582663747 0.04568758352723946 1.005865861831989 110 112 116 0.45
162 0.3917124442645277 0.0641208223704212 1.002808108235388 38 40 37 0.26
163 0.34405417096584556 0.08776051067084538 1.0007051521565908 104 105 103 0.36
164 0.37223312297772454 0.08826573399210376 0.999286229633579 107 110 109 0.26
165 0.21755032810838346 0.08935320158154643 1.0000413035349716 114 110 90 0.31
166 0.21748324858972723 0.08946237487736619 0.9998923786249297 115 111 92 0.23
167 0.14132880159548392 0.09437810680191984 0.9991995615588428 145 144 131 0.3
168 0.3121838437093773 0.09853962812572603 0.9970810463079693 133 132 127 0.46
169 0.27871462632985144 0.10061907851433602 0.9956593524694921 42 44 43 0.35
170 0.4201659800665072 0.10370423892635147 1.0101839413300373 105 103 92 0.29
171 0.42719764665410065 0.10471495431220314 1.0139074300330368 108 109 104 0.33
172 0.23860415290966575 0.10408351172361278 0.99478046016914 25 27 28 0.34
173 0.4058774093225406 0.10509729249512442 1.004643310220929 39 34 25 0.39
174 0.3493276903759475 0.10533102559242237 0.9937882840203024 153 153 145 0.31
175 0.3997633547468816 0.10765025630959803 1.0020954543081924 98 97 92 0.21
176 0.3996672467162223 0.10773449208691221 1.001977815582013 114 110 98 0.2
177 0.4193259054551299 0.11764878442008433 1.0089365015793337 83 84 80 0.36
178 0.36270643895684096 0.12395821868563707 0.9889444483790752 42 41 36 0.56
179 0.3975601421770381 0.12875558644799256 0.9975869830268344 123 126 122 0.4
180 0.39738561302542885 0.006207819395729271 1.0175486852165379 137 135 130 0.29
181 0.3982264022457106 0.016227740979791117 1.0153849251588962 130 129 127 0.33
182 0.41716339614179787 0.018433299062035915 1.0257164326795596 33 34 35 0.52
183 0.4348973128133582 0.019635267190683904 1.0331732641982792 49 50 55 0.56
184 0.38170443110359586 0.04142345828610484 1.0090957072852227 49 52 49 0.38
185 0.3921625671217492 0.07370781912197898 1.0013380075475766 39 37 31 0.47
186 0.1498724620360846 0.09257489111305234 0.9997974468152434 161 160 149 0.49
187 0.3353509174699632 0.0938880163907523 0.9982442671739117 132 128 115 0.24
188 0.2506688984780634 0.1066517747941942 0.9920910022374189 35 37 35 0.34
189 -0.2772566644309266 0.11557083590291736 1.0471675153225801 118 118 111 0.39
190 0.3931967331539854 0.11926474129958559 0.9962585144831178 71 68 58 0.34
191 0.31924149979573946 0.1321510614582294 0.9892508512411502 95 92 80 0.34
192 0.3194669199191189 0.13222182289241638 0.9895115657964666 96 92 82 0.36
193 0.384339559793749 0.13749218331838703 0.9975744863510111 19 21 20 0.35
194 0.15847305993747712 -0.13044719968530305 1.0453306021963698 85 90 93 0.63
195 -0.21087000361736286 -0.015185357154185458 1.0633815977496073 29 28 24 0.31
196 -0.168956379875357 0.08573280707239253 1.0325093842950295 122 112 88 0.32
197 0.3118301345527489 0.10617962992259211 0.9986866018184802 26 26 26 0.36
198 0.3783716549026895 0.10824573509416223 0.9935952881814953 23 26 27 0.44
199 0.3256931864664912 0.10855511228373291 0.9933290268082611 124 122 114 0.34
200 0.3253041017586994 0.11972321488256082 0.990869167573124 110 113 109 0.27
201 0.16608641711700553 -0.006819663749902277 1.0224948420775168 115 118 110 0.8
202 0.37320034283810416 0.059714211923484584 0.9997785134315781 91 92 89 0.76
203 0.36636309770969716 0.1086411337637542 0.9920412843712952 25 26 27 0.35
204 0.36028825493539 0.11943397292444038 0.9897479941411198 123 119 110 0.27
205 0.3600648388455724 0.1192639331782223 0.9892629310605134 120 118 110 0.28
206 0.3855614757930605 0.1282287559307311 0.9941262264829893 33 32 28 0.43
207 0.38501412502349963 0.11849541722007946 0.9938453646145234 129 131 125 0.45
208 0.41022239182920417 0.11778186501414326 1.007193331528809 31 30 28 0.43
209 0.38195709610434136 0.13028413636773087 0.9939477790732972 25 29 28 0.07
210 -0.046836320910676146 -0.07374448624914853 1.0408390642259482 78 80 82 0.91
211 0.35589813604243525 0.07693953978156251 0.9994841469191829 115 113 106 0.32
212 0.35595370360881695 0.07689259040711345 0.999598935163754 116 115 108 0.37
213 0.3711176987815388 0.1104886284904699 0.9929048305795795 44 39 28 0.3
214 0.2879081931321074 0.12127380295649114 0.9923914482826184 106 104 93 0.62
215 0.02055465125960004 -0.07338881817372486 1.0390184447211814 81 81 84 0.8
216 -0.25137440710241205 0.07429464234321341 1.0516126626374882 31 32 33 0.31
217 -0.21313772479029414 0.07358939396833952 1.0451601452744335 30 33 32 0.42
218 0.38437640267376166 0.09490082496775819 0.9968258666885652 136 138 130 0.38
219 0.3379830478841223 0.11328365348929331 0.9940102482298541 27 30 30 0.42
220 0.33792978140298874 0.11328657754992887 0.9938921044213411 28 30 30 0.43
221 0.14161157695666626 -0.14958757599878025 1.0459258108902272 132 130 124 0.44
222 -0.18461947594904446 -0.08487404175831366 1.0667512259229195 158 152 143 0.41
223 -0.17468303620230563 -0.02421960069477267 1.0570580743383664 85 72 48 0.28
224 0.4752440827386984 0.012372963988830164 1.0522386594695825 45 51 52 0.32
225 0.4557244426359011 0.016890381851588577 1.0424432838930355 45 43 36 0.26
226 0.4835221867585601 0.019981780411554687 1.0539894218657506 59 56 49 0.41
227 0.39563424329443425 0.0633717669859552 1.0019008545891783 108 111 111 0.25
228 0.3956304386568347 0.06340312117368589 1.0020338854380473 93 98 99 0.23
229 0.42263216902485223 0.06955657747418538 1.016748992754795 48 51 53 0.38
230 0.4128530528745708 0.0741884627093988 0.9844933115140584 25 26 20 2.6
231 0.4485803208983835 0.08324125752600953 1.0277405216937265 51 48 43 0.21
232 0.4524002463991873 0.10724581963333595 1.0258115129034389 114 112 106 0.33
233 0.4644265653176545 0.11335724486023717 1.0319978240405094 98 99 100 0.36
234 0.27687123233237443 0.10951496885066804 0.9926881754790395 60 61 58 0.34
235 0.356623708949981 0.11318693166569324 0.9919837150547401 100 96 86 0.34
236 -0.21972777112941283 -0.09069592559711857 1.0756286085027116 151 148 139 0.44
237 0.3947120589938494 -0.001203433656683904 1.0154805916529837 46 44 44 0.27
238 0.4452564865951511 0.02182973509875585 1.037341029753167 27 32 32 0.52
239 0.47395893566262504 0.023853275877611085 1.050136156974016 20 23 25 0.3
240 0.27833609514401886 0.09403440499206484 0.9990490232558756 46 47 44 0.31
241 0.2963479547080513 0.10564879464887239 0.9934942949156937 22 24 25 0.28
242 0.2966941513472256 0.10590525434111055 0.9945388466996276 20 22 22 0.15
243 0.2867382346776696 0.10668942284550552 0.9940012731197326 46 46 44 0.34
244 0.380383495079594 0.11590275012161823 0.996753400742767 34 34 35 0.45
245 0.34552787172218946 0.12243764192792583 0.9953337347193231 14 21 20 0.14
246 0.4022228064134118 0.07383732938784009 1.0046567748569353 32 31 27 0.58
247 0.29084937761281643 0.10151415272002758 0.9939078550293408 121 121 115 0.54
248 0.47094844295910704 0.11264781415454735 1.0344892338722307 100 102 102 0.43
249 0.4498298895321973 0.12996764296090535 1.0213160736958515 101 101 94 0.51
250 0.43806874965748455 0.11968905489707644 1.0181422761946428 21 20 17 0.62
251 0.39365893472725333 0.1366723302948536 0.9942830221299026 91 95 96 0.41
252 0.35484835161580286 0.11736030522693025 0.9920646389853303 112 112 104 0.31
253 0.35484864503011715 0.11736711675426462 0.9920590109876727 110 110 101 0.3
254 0.37203995980599064 0.07696632290208238 0.9983826054023506 26 27 31 0.53
255 0.40624750406965954 0.0844972743975169 1.0068709070256507 27 29 28 0.57
256 0.4383393237204406 0.08830870461718501 1.0252754128106618 39 38 36 0.34
257 -0.003293056560807046 -0.1313273645230306 1.0480874089664067 175 171 160 0.55
258 -0.1787400181599491 -0.10270363190710274 1.063941615252493 120 115 107 0.21
259 -0.22548209709853037 -0.0998220625624726 1.0741472003754997 75 66 51 0.27
260 0.3751212911970346 -0.029705450643028982 1.0224038289228479 72 67 65 0.45
261 0.461943603557626 -0.01680041566173974 1.0512196189018652 74 72 73 0.49
262 0.1375450666446818 -0.014592467501731385 1.0245941967399002 40 37 30 0.31
263 0.4691066752845869 0.018001440036529027 1.0498777239176447 33 34 35 0.52
264 0.4828240624494977 0.030325379521088384 1.0525818782375598 116 119 117 0.48
265 0.35679154174862526 0.051532916998114735 0.9987620020643257 119 121 120 0.11
266 0.4549335046016768 0.0736247111589135 1.028622373282782 38 41 41 0.34
267 0.45377134876455877 0.07591085315231105 1.0305840998086566 89 91 87 0.31
268 0.2704540968228234 0.0902225810697069 1.0008203047726163 44 35 25 0.25
269 0.40388810184177715 0.1016413173250007 1.0031259124101704 95 85 70 0.32
270 0.15579415460855617 0.09998665287336675 1.000966326869729 97 98 100 0.45
271 0.3712556513884635 0.10618781109920798 0.9907018536564666 117 103 75 0.16
272 0.3987368447501849 0.11056682879228491 0.9997783808138769 58 56 54 0.35
273 0.3744981135986458 0.11643775602886366 0.9939973821747132 28 27 24 0.53
274 0.38348276582982743 0.12427438589943485 0.9908312061558883 41 41 38 0.3
275 0.44624459419694573 0.13147652748179134 1.0192232206695062 105 106 105 0.34
276 0.21303089188145308 -0.0861238033360612 1.0321846194530906 110 100 87 0.42
277 -0.1363872778973601 -0.08804544172758931 1.058952349906424 111 104 93 0.19
278 -0.09285933840820541 -0.08617737302916041 1.0505974304545793 173 169 155 0.34
279 -0.13321891552901224 -0.08573938997857722 1.0582331886197645 180 174 157 0.25
280 0.4604690198564628 -0.040850636921958956 1.0540485750770132 101 99 93 0.51
281 0.4020011319009783 0.0036955009030359342 1.0197474869263177 63 59 50 0.36
282 0.4212954369549117 0.016325926266435444 1.026389025128737 106 105 99 0.27
283 0.4579977604367191 0.020645012742826405 1.0429161337896997 117 118 116 0.3
284 0.3693662212725912 0.04552674583524373 1.0083808926983675 103 110 116 0.24
285 0.3978605823266875 0.06718045800543354 1.0024858894433029 41 46 46 0.33
286 0.42245454529505766 0.07037697249660445 1.018044263300842 53 56 52 0.37
287 0.42434667783837327 0.08830179477657621 1.016264876968301 33 31 25 0.18
288 0.27594753437464725 0.10347479220884229 0.9982333412250041 100 99 92 0.65
289 0.3686391839916642 0.10564334257092908 0.9908243296193491 21 21 13 0.23
290 0.38040553713222897 0.11721578814758662 0.9944973121994263 21 28 30 0.3
291 0.36299202687501564 0.12802668199247735 0.9893516415248428 28 28 26 0.27
292 0.4445837723489143 0.1366035446205679 1.0196805115959742 24 25 20 0.28
293 0.07684550515822548 -0.09083153315900726 1.0370314154807827 191 188 173 0.39
294 0.38289100034010715 0.006746407350674214 1.015907772516695 42 44 45 0.23
295 0.45027717785199234 0.013220481164668176 1.0401696589046356 141 142 135 0.27
296 0.225327061500068 0.09214517268897865 0.9995209949582213 51 46 39 0.48
297 -0.27631432025852615 0.08955914518679253 1.0507755992885697 134 130 120 0.4
298 0.26169855453043267 0.10954660371863865 0.9939667388866057 71 70 64 0.33
299 0.38187339925415026 0.140915858420805 0.9990148479170953 54 58 61 0.25
300 -0.2201590631757234 -0.014516174538029555 1.0656081754648707 27 28 26 0.22
301 0.21798725006565883 0.04140078426463107 1.0047962479428172 78 78 81 0.33
302 0.3604330944996624 0.09237397339969794 0.9929652648828914 134 132 120 0.3
303 0.4574418915296058 0.13748720679246768 1.0229991569620005 27 27 26 0.64
304 0.3396762733648535 0.09820533771880315 0.9965921584818053 121 120 111 0.49
305 0.42353829607133714 0.1281668342724091 1.0104118984687482 104 105 102 0.66
306 0.42350558992233994 0.12832418797679593 1.0104903156056178 103 104 101 0.58
307 0.0204358436014433 -0.04328486334000156 1.0355393208466448 84 77 70 0.66
308 0.08063463312779236 -0.14916484259597776 1.0448732326757753 188 190 176 0.25
309 -0.24705287045591806 -0.1585709294817036 1.0931955453980449 130 126 116 0.18
310 -0.18800385078011556 -0.13044014273803142 1.0768803157838671 180 175 152 0.43
311 -0.02084042470781283 -0.1085466151818707 1.0459955715793168 229 220 192 0.1
312 0.1547330381829465 -0.09493496722343203 1.0320189514675238 92 71 39 0.05
313 0.08568497270947674 -0.09573769972680479 1.0389044039341164 188 185 164 0.39
314 0.08267837178140687 -0.09301519220676242 1.0371830745249306 152 146 124 0.23
315 0.14276179838873113 -0.08713122121353589 1.033195829960982 131 124 102 0.27
316 -0.03670242481136709 -0.09530440011003424 1.0442606179216714 211 201 171 0.02
317 -0.34863084526191096 -0.0783474431655072 1.0989497330384763 165 169 163 0.39
318 0.3949427896799183 -0.03215449583573355 1.023509951129461 181 177 177 0.19
319 -0.36212820481522173 -0.056831797994160535 1.0926731483538197 128 113 84 0.48
320 0.22824052281289853 -0.01591619942614888 1.0213854296738312 131 127 115 0.24
321 -0.1661524533173668 -0.021229079323953248 1.055303528537371 137 120 89 0.56
322 0.3928220749000655 0.11370084842672884 0.9969547970802013 65 64 59 0.24
323 -0.20140105486252238 0.11125186006289713 1.0341229478805731 102 97 82 0.36
324 0.3802898265525332 0.12063050093210903 0.9920961425685717 130 134 138 0.1
325 0.3919941572714656 0.13055058457363428 0.9929345574206846 65 64 56 0.33
326 0.17763852130921062 0.12928831069138713 0.9933605791336207 152 149 133 0.27
327 -0.13659994215029284 -0.14531721347056276 1.0714511304215149 170 172 167 0.34
328 -0.2978704918269184 -0.14441032311907995 1.1234092497490047 179 212 235 0.31
329 0.12633973350051125 -0.1046331953530204 1.036925423247455 206 197 163 0.36
330 0.15142068577238124 -0.09965783694849781 1.0298634036294376 90 77 51 0.27
331 0.3653945249948585 -0.08416909064733503 1.0274144897834614 120 111 83 0.45
332 0.33064870763912235 -0.08501501246357537 1.0279152956697208 105 97 79 0.31
333 0.32370086792417513 -0.08518377229084412 1.0284697471374156 113 103 78 0.32
334 0.3184687096982305 -0.082691367626999 1.0287264569805619 140 132 115 0.39
335 0.31862930785276783 -0.08272526858540377 1.0291263005600926 152 144 122 0.3
336 0.32111708576922593 -0.08263245831224618 1.028477168686677 154 148 133 0.53
337 0.32147857788093825 -0.0826677975230189 1.0293673399187968 181 171 148 0.16
338 0.2364412071402676 -0.08582222524857416 1.0315357138477104 111 106 92 0.28
339 0.21018075466272168 -0.08638746573200617 1.0336867306287472 115 106 89 0.51
340 0.22571546499021025 -0.08581679786858469 1.0322972587855326 111 105 90 0.36
341 0.17992584934613026 -0.08646183041262691 1.0326901169375393 134 122 94 0.21
342 0.15438622387415676 -0.08719839578436314 1.0339628754423196 118 103 80 0.39
343 0.1542774568298208 -0.08711172558368671 1.0333911208989965 114 102 80 0.33
344 0.06944743165221047 -0.08781588463029985 1.0363489508182817 130 119 99 0.33
345 0.1565628801887757 -0.08410793859132962 1.0335497835463836 173 162 129 0.4
346 0.15644509422927214 -0.08447081720123917 1.0349295365280407 176 165 131 0.34
347 0.16097345456572076 -0.0840609461725618 1.0335255230612748 180 172 143 0.32
348 -0.1772269028935123 -0.10068472779392611 1.0658888522647987 83 75 62 0.22
349 -0.09945671112402303 -0.08558592589408884 1.0485939215624647 198 193 165 0.28
350 -0.3558180177456118 -0.10339602547568508 1.1021701464461917 173 171 169 0.52
351 -0.22541281813731198 -0.08478984606933407 1.0751668762589262 173 166 148 0.35
352 -0.33989502664697413 -0.08006404419245305 1.097432377661743 161 164 160 0.32
353 0.4463623496716565 -0.04225234185498644 1.0482956673325776 149 139 122 0.13
354 0.4458775335315496 -0.0421124182039614 1.0458931748709457 111 106 95 0.27
355 0.44873010459757445 -0.039454728218299075 1.0489924628588791 184 183 174 0.44
356 0.21034435612954427 -0.01330686915671773 1.021523011526133 35 31 17 0.21
357 0.1920202059544529 -0.013639263263719994 1.0230343721325277 51 48 48 0.19
358 -0.18338990860795212 -0.023960549026890966 1.059762843442838 121 104 66 0.25
359 -0.1998700732420623 -0.024207283169078213 1.0603019161441005 115 97 69 0.23
360 -0.28186487528482773 -0.019600025256383324 1.0755368462306956 105 80 51 0.62
361 0.3937921831269655 0.0106643793725163 1.01371371610144 52 50 40 0.18
362 0.39376933021340643 0.010593731868409617 1.0136393590450838 66 65 58 0.31
363 0.12751358224189868 0.039799379430192766 1.0173768473561573 62 64 65 0.28
364 0.11945096112216318 0.04266628632296046 1.0144297461233287 132 132 135 0.18
365 0.203404109636417 0.05466370860544133 1.0090640180680002 150 130 91 0.25
366 0.03392236241738051 0.05921040676288038 1.0113362169197375 128 118 97 0.31
367 0.037259774465010734 0.05917028616921975 1.0109570637906578 118 106 86 0.32
368 0.03734600626556824 0.059082764086612116 1.0111164140712885 131 120 92 0.28
369 0.39839823874818736 0.06719928565203075 1.0045397961490918 52 53 48 0.23
370 -0.027631975120391276 0.05839291263892472 1.011690626466464 148 138 105 0.14
371 0.13856214469655184 0.06290803289275483 1.0043596930335918 156 154 141 0.21
372 0.03949249798411762 0.06202575149460006 1.0115487831231507 171 167 148 0.28
373 -0.19940176292021167 0.06011583476612452 1.0420519323152437 86 78 61 0.19
374 -0.2505162764774641 0.060538393714069695 1.0551335092390537 83 80 67 0.23
375 -0.279093886668179 0.061369834982697526 1.054942348616931 48 46 40 0.48
376 0.35690638371600153 0.07575509828057889 0.9976540799342388 122 122 115 0.07
377 0.35710386312015496 0.08908018038469959 0.9957871207460813 122 118 106 0.17
378 0.3406356588085591 0.09223125685809619 0.9999009315979355 137 137 125 0.48
379 0.07132394376262201 0.10632765996416442 1.0010661417421367 156 149 125 0.09
380 0.18625452956280705 0.12504175434384757 0.9935130222818441 145 143 127 0.07
381 0.4018932604227998 0.1324411038517235 0.999344754502548 15 16 22 0.33
382 0.2127110520449438 -0.1396399714671586 1.044558914546192 177 176 166 0.32
383 -0.2573541809963383 -0.16069335442053087 1.0901087472708875 65 75 78 0.17
384 0.09073709739989913 -0.11776318201792929 1.0422819439462774 215 204 172 0.37
385 -0.25051862852274964 -0.1362846673494386 1.0885653749606492 86 82 77 0.27
386 -0.2582824584111878 -0.13652426556916242 1.090666745314498 151 147 134 0.56
387 -0.18553215465196343 -0.12627565466321206 1.0750160772416264 46 44 35 0.34
388 -0.19205956327647014 -0.12670177245122569 1.0755799332523708 50 50 37 0.3
389 0.024611499381327485 -0.10917304899795711 1.043717762349323 192 187 166 0.2
390 0.1570816449240811 -0.09931122114253386 1.0306411217327516 77 63 40 0.21
391 -0.004376412951683608 -0.10438943864859407 1.0441028464413264 207 200 176 0.23
392 -0.004321275299972724 -0.10436706688159558 1.0438909301274384 202 193 169 0.26
393 -0.009633515102679109 -0.10060065002988432 1.0442743173362 190 184 166 0.43
394 0.18655505007454942 -0.08997019791906817 1.0342693745407 169 157 128 0.23
395 0.14587733760819463 -0.09091201047594981 1.0337395627163422 225 213 182 0.14
396 0.15524285474368593 -0.09086354940525769 1.03540789561942 177 165 139 0.38
397 0.0010382037587908437 -0.08271803213103747 1.0391354643533743 150 136 99 0.25
398 -0.3970124180559901 -0.06808735812917933 1.108147205723777 169 176 161 0.45
399 -0.32019406260510763 -0.049833049567888185 1.0874194287453987 154 142 120 0.24
400 -0.17935864425107584 -0.021596879334120835 1.0580649471875854 173 150 102 0.26
401 -0.3769141507645474 0.013205157289536019 1.0848617763253263 58 55 48 0.37
402 0.20977455570992493 0.04825942310665515 1.0093492786365215 90 78 48 0.28
403 -0.2506626014954764 0.04174209692408016 1.0590951289631598 102 96 81 0.29
404 0.3194828554062665 0.0615758307114767 0.9988458191383133 99 98 88 0.18
405 0.27213189889089157 0.09938274501072111 1.0006403218046924 49 48 45 0.3
406 0.416167676782714 0.11667120274916486 1.008676037454588 24 26 25 0.26
407 0.07797443777489332 -0.13142724777122738 1.0444989984011797 200 192 170 0.25
408 -0.25476758017286505 -0.15398671649363968 1.0908758144320954 100 99 100 0.31
409 0.3622225667650599 -0.08828104319939048 1.0283542660958322 188 180 155 0.23
410 0.31610181422065803 -0.08920520058165146 1.0300710029841924 179 172 154 0.2
411 0.24467049830687224 -0.08993342945568952 1.0324515133374634 207 193 154 0.26
412 -0.06622509314306406 -0.09288169127504184 1.0451550251902821 216 204 177 0.38
413 0.4184003924162123 -0.0407317725322933 1.0340703279657832 180 174 156 0.28
414 -0.36943198289924634 -0.07654558856461076 1.102217535047936 178 179 174 0.43
415 0.3167795741342129 -0.024148517051542646 1.0260211665855261 86 86 82 0.28
416 -0.20120744810297048 -0.014409859262042966 1.0591177771035467 32 28 25 0.27
417 0.21303162549433446 0.04007966169145232 1.0082071438410805 152 152 140 0.26
418 0.20824453703335066 0.056368814079710304 1.0065017254399544 93 84 63 0.27
419 0.38110098101468437 0.09076217377618653 1.0001378836902477 136 138 135 0.28
420 0.41274294211006785 0.10554076956268785 1.0081047258559954 25 23 15 0.32
421 -0.28686827285160965 0.09894497869223524 1.052216549660994 88 88 86 0.49
422 -0.3518196933249947 -0.0852273644315588 1.0999657851634026 162 160 152 0.5
423 -0.32931733906299804 -0.08306244707449392 1.0914192382432986 170 166 160 0.26
424 0.29861710622359094 -0.031890769844856094 1.0226743478387723 74 72 73 0.32
425 -0.1816206853682496 -0.015151182957576058 1.0595074661177772 53 45 36 0.24
426 0.4051770134580827 0.08166176113521435 1.0102478277059739 14 14 12 0.32
427 0.0034756041165015677 -0.130979236667534 1.046826556935581 176 173 162 0.42
428 0.10626088419395754 -0.11834699726888241 1.0403115252926787 178 170 155 0.38
429 -0.22065178079236508 -0.119336293177855 1.0832228366919423 58 62 60 0.36
430 0.1308417090366945 -0.08222640226782026 1.0324205132997197 141 135 114 0.57
431 0.05300135665526314 -0.08274516757743934 1.036792252854601 162 147 115 0.4
432 -0.17404322005208045 -0.08308831844258174 1.0639516169334928 138 133 121 0.25
433 -0.33588543150162437 -0.04887006037757106 1.0903143513924376 138 126 104 0.32
434 0.11594038301785332 -0.09358095254245852 1.035901898434962 164 156 137 0.5
435 0.36680751965771047 0.03975068019137419 1.000723745422716 38 39 36 0.47
436 0.2328002079808491 -0.037488661303375595 1.029360162052303 24 24 23 0.16
437 0.20447238558042252 -0.12485229857253735 1.0485179234876256 99 90 83 0.53
438 -0.03558799699528228 -0.1262915946866129 1.0450144662058747 171 150 108 0.28
439 0.25869034947203706 -0.0987530612933 1.027185791528857 83 76 61 0.64
440 0.14256861864431233 -0.084741121691651 1.0256779264916902 205 192 163 0.65
441 -0.08911490254268173 -0.07483254961882163 1.0561819018295184 128 120 107 1.34
442 0.39090139057122736 0.04663698282270416 1.0098921095259608 125 130 131 0.68
443 0.3910803343822895 0.04649424414454265 1.010047158375985 126 127 120 0.86
444 0.40130220355795326 0.009302337784827214 1.0197951121135778 92 90 82 0.42
445 0.3943557280673433 0.08484402893072711 0.9994237161733265 49 46 38 0.5
446 0.3879939192120103 0.09575890472100339 0.997662970684791 128 128 122 0.22
447 0.2263191808917209 0.1099161049899536 0.9952836424013773 87 82 72 0.32
448 0.28895949966750084 0.117709917116243 0.9927714773713157 116 112 99 0.45
449 0.36534108325638365 0.12752247521374774 0.9847921471622006 27 26 24 0.1
450 0.22378249857616692 0.09890715821513027 0.995313629274896 50 51 50 0.3
451 0.27537923568783246 0.10338348210149562 0.993817240719807 105 105 101 0.55
452 0.06043603716378893 0.10374582768439337 1.0029511517441356 67 56 50 0.37
453 0.13987128998771933 -0.11907948192420569 1.0444812480918033 208 205 196 0.67
454 0.30731856962798204 -0.10988220202521949 1.0374172932981798 66 66 71 0.48
455 0.07957505204874268 -0.0876781594326655 1.0370940614119653 117 111 94 0.45
456 -0.3533679512885191 -0.06955981538473119 1.097559951940402 175 168 165 0.24
457 0.4604763680871759 -0.040858297852979064 1.054198880748868 139 134 127 0.28
458 0.16380219765674014 -0.029551921246992213 1.025162243369023 196 185 150 0.24
459 -0.09435017512826012 -0.023450584767536354 1.0421408816714404 228 203 147 0.35
460 0.47883635154906395 0.015961501712807656 1.0517894459057493 140 142 134 0.35
461 0.44693231769498126 0.03153159489551573 1.0384683655651255 28 37 34 0.3
462 0.08800875078593319 0.04824335945539261 1.0141517664314175 121 102 63 0.16
463 0.39084374584519777 0.0871876521392707 1.0006614341966618 57 54 46 0.44
464 0.24647471708794974 0.09643066699182827 0.9910408646739821 148 148 141 0.23
465 0.28118146637946295 0.09804771053519043 0.995046106834359 135 138 133 0.19
466 0.25191597265958676 0.10280467822884674 0.9943107801920439 106 108 109 0.42
467 0.48587286358501963 0.11885814201363236 1.0405855065458536 35 32 23 0.5
468 0.41583830310550984 0.13387831555500826 1.0065154292580554 27 32 33 0.24
469 -0.055554269460802636 -0.15482446308274983 1.0563542396431078 216 209 194 0.35
470 0.11592319518776788 -0.10045597454565444 1.0366242209211889 224 212 187 0.27
471 0.3304226430262054 -0.08870019717767574 1.0295393801681978 171 165 147 0.27
472 0.17560574877180507 -0.09055792374286445 1.0349889701151183 156 146 125 0.22
473 -0.09045110942642211 -0.025467103875241127 1.0412052761434902 139 114 69 0.08
474 0.483945990017075 0.07511192000669978 1.043178164912813 40 42 34 0.33
475 0.21688415997171634 0.09926956158960946 0.9976366920983056 119 119 115 0.55
476 0.21476713907524295 0.10531629075508118 0.9951317936185989 50 51 48 0.21
477 0.23941737689214157 0.10904557135622162 0.9950667845159967 86 84 78 0.37
478 0.2394116971582077 0.10902092914156748 0.9946804584724347 90 87 81 0.26
479 0.1425321612520373 -0.15373581504425285 1.0455432236898365 180 177 165 0.23
480 0.32224255080895636 0.043831338965240094 1.0030983902929074 70 75 82 0.53
481 0.32215339882870975 0.043884903289470464 1.0013887319488954 69 74 82 0.54
482 0.1669999332950183 -0.007063337596890924 1.0250770484484717 118 119 109 0.39
483 0.256671367585393 0.09624572184150379 0.9978398617633872 113 114 110 0.42
484 -0.04647027081190626 -0.08495996998555673 1.039193497808702 204 198 180 0.64
485 -0.11063074913914643 -0.1197580784418203 1.0631093288609115 192 190 182 0.34
486 0.05606143823248562 -0.01388874991010152 1.0267170340995648 133 115 100 1.02
487 0.052661397039552665 -0.08512784017998551 1.0366251082608995 215 202 174 0.2
488 0.19536328418440418 -0.1534048450123046 1.0429647135680746 75 71 59 0.25
489 0.10382407575270297 -0.11606723263492653 1.0406042756685023 202 199 180 0.29
490 0.001375889099179893 -0.09141517776952317 1.041137110807824 199 193 175 0.55
491 -0.026777399475879714 -0.08675928330283478 1.041830248930149 223 213 192 0.57
492 0.2187824367391826 -0.08616537460217925 1.0327747504739901 116 109 91 0.26
493 0.21862676250461652 -0.08610821118631502 1.032588720868697 110 106 93 0.36
494 0.23622080234653842 -0.08545905244373976 1.0309163228612053 132 124 96 0.16
495 -0.22414589502161755 0.026949238903748268 1.0585343124716906 118 120 114 0.12
496 0.032141726998294026 0.06137261454043226 1.0113078655485297 231 220 187 0.12
497 0.035574479380857386 0.06158784945897079 1.0116477849295917 190 182 163 0.31
498 0.1378055413876459 0.09484662954648919 0.9992439258040919 169 169 157 0.27
499 -0.13695657731066893 -0.15582805719461176 1.0713838698350173 110 104 100 0.33
500 0.14715856317366172 -0.10019011945093971 1.0310071580669578 95 83 67 0.35
501 0.14481824107560948 -0.09591486447380934 1.033534006901269 103 91 73 0.08
502 0.012939195568941637 0.05695261938881273 1.0161665545043244 179 169 149 0.45
503 -0.033381427375102406 0.0587030569823889 1.0143573394915648 149 136 111 0.27
504 -0.0755103177578992 -0.10127237213277045 1.0452723578889123 76 65 50 0.47
505 0.21194490466636756 -0.10979372394116652 1.0350316039010996 194 195 184 0.33
506 0.02376268734705213 0.10383196510538992 1.0052898637745615 40 40 40 0.6
507 0.1633148179322593 0.09484690009652287 0.9998229218051621 114 109 98 0.48
508 -0.10918315039189945 -0.10506260458375472 1.061478542519776 92 73 53 1.31
509 -0.07262875933872559 -0.09816522717344559 1.0458196898075287 82 73 60 0.77
510 -0.05937875591332463 -0.09054370413321278 1.0470473279023202 173 167 154 0.8
511 -0.059702076328216516 -0.09083248745832807 1.0476428004769174 186 180 157 0.33
512 -0.012551279254074683 -0.07327033440599938 1.0390336612500428 105 95 87 0.99
513 0.5047467672292928 -0.08908034204788913 0.8511312256786308 124 122 117 0.36
514 0.12063268032092635 0.042475173406219265 1.0074410588073346 106 105 112 0.63
515 0.47816018349199757 0.04582984871376995 0.9187275911222298 106 108 105 0.26
516 0.4856128430533404 0.10120171341664438 0.8787606608408478 39 44 42 0.25
517 0.474805665455261 0.10873518536770949 0.9046071084538256 100 104 106 0.37
518 0.4747711664695052 0.11191653982313872 0.9097146971020053 55 60 69 0.38
519 0.49903887961525123 -0.01838598516554784 0.860762079564713 56 49 46 0.33
520 0.48084214017187604 0.0006755720846748891 0.9058174296569852 115 113 110 0.32
521 0.47724181761506684 0.05243834118887661 0.9144920741229037 42 40 38 0.24
522 0.4907469602252207 0.05863425014279461 0.8755365393630407 76 85 94 0.19
523 0.4795806145830641 0.06600495458801908 0.9004546105623645 31 27 26 0.23
524 0.23867556384927544 0.1042537575572295 0.9952911711711946 24 26 27 0.26
525 0.47658311062274084 0.1015491041947274 0.9005860940302294 132 130 124 0.25
526 0.48942181617852604 -0.022706796467312607 0.8834359137246659 155 158 160 0.33
527 0.4911580705695864 0.0014731057167109269 0.878798629973986 48 37 26 0.41
528 0.4819312355339261 0.0039821622090165315 0.899675982688692 29 27 24 0.33
529 0.4777518507463983 0.008160900024712134 0.9232257843203572 42 39 29 0.2
530 0.49221663146296074 0.010723256373720524 0.8786300294818962 40 40 38 0.38
531 0.48275118581647747 0.057415365533500656 0.8922597976772405 39 36 33 0.23
532 0.4820914423429752 0.0650136411818887 0.8899975200631691 25 24 21 0.24
533 0.22563196312731412 0.10415680407424459 0.9963085791474905 24 25 25 0.51
534 0.4845927389782532 0.09676805564178421 0.8791898387043721 137 138 130 0.33
535 0.4858811318962931 -0.0247173034858414 0.9010516286260424 125 127 130 0.34
536 0.4910114239650843 -0.012111580402721474 0.8766586186886896 105 111 105 0.37
537 0.47648003521274246 0.03807465482761029 0.9231970056904921 125 117 99 0.56
538 0.40515400789218764 0.05707570044068292 1.0082180740135338 34 31 24 0.41
539 0.47517104691133344 0.0559999143914525 0.9189435353401993 83 84 83 0.25
540 0.4786215581760606 0.09604821049085896 0.9012068445666865 124 120 105 0.37
541 0.11682951977265389 -0.10826537199904408 1.0354191492717033 166 161 145 0.64
542 0.4882412217196607 -0.04438864244471591 0.8952582577091895 132 138 141 0.64
543 0.48971142465884504 0.0026766277689784334 0.8827885736158252 60 58 58 0.33
544 0.49006442661236227 0.0193896194587841 0.880187122625759 64 58 57 0.4
545 0.021250372894610025 -0.0735911159586087 1.0399685285156326 95 94 97 0.55
546 -0.22309595347686761 -0.00278604897579773 1.063329772404222 126 126 121 0.4
547 0.4798703633478745 -0.06056550567018206 0.9405377398250295 104 113 115 0.17
548 0.48096575280286175 0.0041637482277372545 1.0586327245917293 41 40 38 0.42
549 -0.22285253696619134 0.06073659905077982 1.0482018461490996 54 45 37 0.14
550 0.5095745933346266 0.10669448452776004 1.053486673743587 118 114 103 0.34
551 0.48594568680169037 0.10352422278563997 0.8731909123676038 105 108 105 0.19
552 -0.2269355593639389 -0.09010771911904011 1.073804511145118 159 148 128 0.33
553 -0.27727325185022533 -0.022965985514381705 1.0749730885639859 124 106 73 0.31
554 0.44655548689425556 0.00982975125763243 1.040760762518988 56 58 55 0.16
555 0.4971210460724048 0.027645303134384937 0.8514797798743743 114 110 102 0.25
556 0.4780501513630757 0.06194135840685209 0.9147838428719675 45 44 38 0.43
557 0.4755736425346072 0.06412697676730866 0.9233223736544802 52 51 52 0.53
558 0.47701457460185975 0.06594366042882689 0.9191447220972189 104 106 110 0.27
559 0.4772388831112152 0.06823947551874537 0.9119968798477941 30 26 23 0.26
560 0.48003672824370247 0.005029243202076158 0.9102998620670114 29 18 14 0.41
561 0.4886307936660039 0.012383753747502788 0.8867000336398924 29 30 25 0.16
562 0.4922528033590582 0.045689995342979836 0.8729445126521016 44 42 38 0.23
563 0.4895125817656465 0.047322645184642576 0.8824746308694176 37 33 30 0.17
564 0.4826270140634864 0.049105144053266235 0.8935690814200784 40 39 35 0.26
565 0.4796893934989125 0.05054377179270611 0.9030386882707924 46 38 35 0.18
566 0.4754794303597565 0.05431438578074107 0.9254767903717266 43 36 28 0.13
567 0.4924954814178284 0.05410238944598856 0.8720409863441856 48 45 41 0.31
568 0.4899789848243371 0.055518428354907376 0.8820378351093002 49 44 41 0.23
569 0.48008439294874716 0.05929447773650409 0.9019781795352723 43 39 39 0.42
570 0.48912508806986793 0.06298997428269097 0.8795705634906476 40 29 25 0.26
571 0.4914568176151295 0.06169299582325456 0.8689996762551022 31 28 26 0.15
572 0.47501899224517385 0.06968671006274556 0.9222439835263515 38 38 36 0.18
573 0.4831428135988772 -0.05866484876624858 0.9167814404745925 59 54 55 0.21
574 0.15761151817373925 -0.04456655416058998 1.030206471737358 89 79 77 0.17
575 0.48821823568721595 -0.030533582479874147 0.8932691995017983 57 56 55 0.42
576 0.47728287280734083 -0.024669086514609577 0.92883338609994 64 58 56 0.52
577 0.4765963929422764 -0.024105677495249195 0.9273678248360256 55 50 49 0.27
578 0.4836707352290661 -0.048472267577481735 0.9158434815256249 137 139 137 0.48
579 0.4943049007533912 0.00965429922894645 0.8663661157742196 148 144 137 0.35
580 0.49153279601852684 0.04935298887356909 0.8776729285576471 68 69 69 0.28
581 0.4535755856597745 0.10964565869843573 1.0264889728486233 114 110 102 0.41
582 0.3566677115695695 -0.11308669799127961 1.0341974756725882 83 84 84 0.26
583 0.3581885727255935 -0.08486460504170673 1.0303890641139455 131 123 108 0.7
584 0.30959696366619716 -0.08536617803833929 1.0312411256928369 129 124 111 0.44
585 0.22999354183452614 -0.08383662895215259 1.0344241459426857 179 179 164 0.17
586 0.4195047006053253 0.007083624597332647 1.027441223773211 83 70 48 0.34
587 -0.20633133269638923 -0.024337785405564964 1.062279280488615 182 155 113 0.32
588 0.32420833982893144 0.02663412102482792 1.0093694445811698 182 165 124 0.1
589 0.4529387514153104 0.03691719804258515 1.038696348054204 89 90 85 0.31
590 0.3206943192913219 0.03442594034190594 1.0080444214779742 163 153 120 0.29
591 0.3537020631402064 0.03686714780514268 1.0054648039388525 99 95 81 0.09
592 -0.2139658180738672 0.006497993613088079 1.0629061565983162 78 74 72 0.37
593 -0.18487896433527334 0.022425495387043876 1.0518650499157018 151 141 129 0.19
594 0.36894360917320457 0.06081606594807443 1.0021319248425475 91 91 88 0.31
595 0.339621202524974 0.06020612417108333 1.0025276104535588 120 117 115 0.15
596 0.20114734771858958 0.05313329128832904 1.0094289776091248 73 62 40 0.3
597 0.3562247753691328 0.062337026560444986 0.9995178279556085 79 77 69 0.06
598 0.32604629377334965 0.06120051813687562 0.9997727269833557 78 78 72 0.29
599 0.3834370807801138 0.07020352403739713 1.0002084783362832 132 140 140 0.22
600 -0.11242405074998962 0.04562683782308273 1.0269949295263627 86 87 86 0.31
601 -0.24865723930569125 0.04521450899468759 1.0577822139707511 86 67 33 0.45
602 0.14100758503055535 0.065117659100561 1.0045026559400354 97 96 86 0.21
603 -0.176064598373228 0.05969779426749809 1.0464203678897892 103 100 91 0.65
604 -0.1750611651817651 0.05962354302966447 1.0448182771560326 115 111 97 1.08
605 -0.19163851363655798 0.05986026883263858 1.0360202270161054 89 89 87 0.37
606 -0.22953223168238845 0.05989675254737935 1.0483201970591554 110 106 95 0.12
607 -0.2390085870625978 0.06012539552739307 1.0484268370428946 99 92 84 0.1
608 0.35696231160138414 0.09232583940310965 0.9950732961209602 131 131 123 0.11
609 0.23976183746757798 0.08839186671356304 1.0027365066712686 57 61 60 0.38
610 0.20068866043435354 0.09022992603816238 1.0042526152117361 150 146 134 0.22
611 0.35638999206976774 0.09712504364977242 0.9931028853233044 112 110 104 0.23
612 0.35638999206976774 0.09712504364977242 0.9931028853233044 112 110 104 0.23
613 0.38777376970029087 0.09932032035957288 0.9963067632170085 147 146 138 0.33
614 0.24442941888487643 0.09907239140464652 1.002330530477526 64 67 69 0.2
615 0.28140445581203494 0.10101390150273847 0.9941726754737987 49 50 49 0.3
616 -0.1929688155522446 0.0823670807895842 1.0377888135493805 118 115 104 0.41
617 0.4412431275270872 0.1122028620893606 1.0177636886717927 116 114 108 0.24
618 0.4441412792939836 0.11249105354719507 1.020676296825174 109 110 107 0.29
619 -0.2724293309863295 0.08221811204133943 1.0548426274306801 132 128 116 0.41
620 0.44761064767460684 0.11514559601148432 1.0211648528745512 52 54 48 0.43
621 0.45770857185679187 0.11570416422312392 1.026359251722693 53 52 51 0.36
622 0.2874851469322148 0.1056853290884376 0.9928571137205483 36 38 40 0.14
623 0.28754855386113237 0.10574682231411849 0.9933804752741212 45 46 46 0.1
624 -0.21686610635849146 0.08897825691600028 1.044115205296144 90 76 49 0.28
625 0.2143913369578337 0.10473284037789221 0.995224965523365 45 43 44 0.17
626 0.4757409836688494 0.12145424775131464 1.033187192625011 35 34 33 0.26
627 0.25756795705271546 0.10873560656890471 0.9925818553106892 53 50 38 0.36
628 0.11515558024655473 0.10309398287584072 0.9989071044086533 116 114 112 0.23
629 0.398799216339402 0.11678032926284125 0.9994506951400989 106 108 108 0.2
630 -0.2434742235046785 0.09490173584396622 1.0459524344080866 106 98 86 0.29
631 0.23908330766820812 0.1118523279012977 0.9938810993140766 23 15 15 0.5
632 0.11479508158582938 0.10789647910630926 0.9993323148127439 118 115 111 0.26
633 0.3671135255549025 0.1189665837991422 0.9909877387299727 79 83 78 0.31
634 -0.19382717823522017 0.10036661631889414 1.0313787888998305 127 128 129 0.27
635 0.179673505507379 0.11466074552981052 0.9953941296504358 123 123 118 0.44
636 -0.2782811326035561 0.10165391011165889 1.0507352716057095 125 121 114 0.38
637 0.10546487778416215 0.115846071566745 0.9998344758813014 119 113 98 0.25
638 0.14200029023526503 0.1177425737327035 0.9953865950371708 172 171 160 0.19
639 0.44906953012636536 0.13585648296097205 1.018283231459087 66 68 66 0.42
640 -0.30188873452702814 0.11101546421035344 1.057151949834753 103 105 104 0.4
641 0.4183031963133622 0.13447721811607516 1.0055203897691112 83 87 84 0.3
642 0.31908944624353114 0.13224001982853756 0.9889186072493863 101 96 85 0.11
643 0.39161249446939145 0.13621098982260113 0.9933327078783698 71 71 66 0.38
644 0.45496913526290866 0.1463317753733114 1.0207007965377866 39 40 43 0.41
645 0.2893769857169502 0.13681859679436686 0.9877113370952539 71 71 70 0.22
646 0.3834536335975061 0.14020677680561 0.9891715218299199 29 32 34 0.34
647 0.2140821857139623 0.1366836833356504 0.9790030852886027 116 117 119 0.3
648 0.3117675886685503 0.14250835868389217 0.9893167557003374 29 33 29 0.53
649 0.3551759348721533 0.14669775840673283 0.984412524561018 56 57 56 0.26
650 0.31382062560689145 0.14848669438835543 0.9823642112100021 118 121 118 0.32
651 0.3613963657517293 -0.1279569971554476 1.0394970897171638 198 192 184 0.19
652 0.2966774653405922 -0.08515792184556256 1.02983006116213 149 142 128 0.5
653 0.2008643337124595 -0.07893066242123091 1.031758897879831 143 139 121 0.21
654 0.12060233852482034 -0.08536291738114966 1.0347355784297798 176 174 166 0.34
655 0.12073187464916806 -0.0855808800902164 1.0353536635751597 186 182 175 0.32
656 0.4744487099497836 -0.02927699678905083 0.936487937411173 93 96 98 0.52
657 0.22754765826598924 -0.01312921316966057 1.0215978205365095 63 60 63 0.16
658 -0.20003623119044434 -0.04641517767461093 1.06499004599353 61 54 49 0.19
659 0.45018330396503536 0.019746825608384345 1.0413469821304424 138 140 138 0.28
660 0.47903458992694814 0.022264190230770878 1.0527808419243991 108 109 100 0.32
661 -0.22217671731570351 -0.01876113013513265 1.0655583870174052 157 151 139 0.33
662 -0.22174873797971584 0.00370942733531874 1.065255488669199 46 46 44 0.16
663 0.1183156217843269 0.03639848544222797 1.0170152565509514 48 52 60 0.16
664 0.3820188033372225 0.06339898486593518 1.0017208109767026 61 63 61 0.18
665 0.2880492848335825 0.061690628389420535 1.0016483347342464 79 81 68 0.3
666 -0.18440267023528975 0.03757223887977812 1.0530114575819756 50 49 46 0.39
667 0.12290341982060009 0.06525631441671621 1.0081679571968731 40 46 50 0.16
668 -0.2075630287981576 0.05785532291890987 1.044582111502224 133 135 127 0.25
669 -0.20305921294785945 0.0657552181619115 1.041438466471684 33 31 24 0.15
670 -0.242423413921599 0.0658595192828007 1.049415746501572 34 30 28 0.31
671 0.39917915095263085 0.0964339294019088 1.0038365436476164 132 131 125 0.29
672 0.1411941040174072 0.0877775587770015 1.000894988217885 141 138 126 0.29
673 0.36369802192289385 0.10051501597007514 0.9897685641427556 76 75 76 0.35
674 0.3559882141922771 0.10145472824145478 0.9917804134594568 98 98 94 0.13
675 0.22228582280131176 0.09687700558267286 0.9979773649120487 125 126 127 0.52
676 0.44259096267360115 0.10949436309802643 1.0212743661250836 99 96 88 0.27
677 0.4424727126154492 0.10946671760569907 1.0208029500631384 100 97 86 0.32
678 0.48468427600528885 0.11381627083894308 1.0443026354715739 79 73 65 0.28
679 0.29279305715527737 0.10160978182556674 0.9948141968378938 129 131 128 0.22
680 -0.21814139732426155 0.0857368466038586 1.0455719891128035 125 117 98 0.49
681 -0.19139418788651255 0.08886773063561476 1.0390508354144683 151 149 139 0.57
682 0.14134892225987056 0.10211631168987952 0.9982682136490558 131 131 126 0.25
683 0.27360362698268686 0.10909419543345275 1.0045363537889025 37 36 35 0.35
684 0.15095418302885102 0.10364328769716238 0.9979589588851904 161 159 157 0.39
685 0.19090010048438688 0.11068987229696188 1.006341181802414 125 129 133 0.23
686 -0.22398718732923997 0.10390557704382328 1.0393576553853443 105 105 102 0.18
687 -0.18436188668691866 0.11024013780374743 1.03336299026082 34 28 20 0.36
688 -0.18429738982077096 0.11024851171959603 1.0332629826369655 32 27 19 0.34
689 -0.2040891858536941 0.11929500626059396 1.0332093855913376 46 44 40 0.16
690 0.21316578407539644 0.139390950330284 0.9796934974744805 22 26 24 0.21
691 0.2878743807759969 0.14075700282286913 0.9671493946353488 36 40 43 0.28
692 0.2964716449234342 0.14643452948676922 0.961570896263785 37 42 42 0.3
693 -0.2484660377405078 -0.13263375358088703 1.0885589697876878 181 183 173 0.29
694 -0.2460329182926295 -0.128707867045669 1.089380835479619 34 35 35 0.23
695 0.4787419285712531 -0.04156430706891936 0.9242193814094256 168 171 175 0.51
696 -0.37294558182957027 -0.06037789508065693 1.1010650978779013 74 69 57 0.45
697 0.36608670600788923 0.026038718310676466 1.011629646425428 41 38 40 0.08
698 0.4729913989630478 0.04412961795445044 0.9283972213799357 124 107 98 0.22
699 0.3622384779775905 0.041424802900941735 1.0041581849169463 158 158 153 0.17
700 0.21748169496390443 0.05129930764371045 1.0037734149219248 138 140 137 0.37
701 -0.2776525267238559 0.07825987649428869 1.0548404448433397 143 140 125 0.16
702 0.2606575280722625 0.10075289004556916 0.995001492649131 43 45 45 0.28
703 -0.1946713236017264 0.0893241932305521 1.036825764125907 133 133 123 0.26
704 0.15385518872514073 0.10266270223551574 1.0009714660756286 40 39 44 0.26
705 -0.1708687753507205 0.10289205420638983 1.0311540055578334 49 46 43 0.16
706 -0.1971979642620258 0.10353560482506938 1.034390054961909 39 39 38 0.44
707 0.2916792168672629 0.1413090531441932 0.985661090275118 98 99 102 0.28
708 0.48293243945572367 -0.07361224136620917 0.920457928165194 160 168 172 0.38
709 0.28922273601475473 -0.08941202472439426 1.030885616834975 172 168 154 0.58
710 0.21792040219361855 0.04121994084273926 1.006575151637379 84 85 85 0.37
711 -0.19444522516926424 0.05249633715963621 1.0389011878287806 147 146 143 0.15
712 0.2370130071704483 0.10008876220261541 0.9996582661919833 105 103 97 0.32
713 0.26040512903278284 0.10126194094089702 0.9960740638685351 44 47 46 0.35
714 -0.18430831429152153 0.09837222544668238 1.0315023817242672 80 80 84 0.24
715 0.286461523145918 0.1389218507967759 0.9940805213985139 110 116 115 0.3
716 0.019198615696945125 -0.08317863991431425 1.0373111947856408 186 179 164 0.21
717 0.48352162140366345 0.07481857337873814 1.0494665443475633 47 49 48 0.27
718 0.3658713101081238 0.08296361124002403 0.9969454411953974 34 35 36 0.35
719 0.24282441857218856 0.09722257207191355 1.0000200646235888 40 41 38 0.26
720 0.20553403872668788 0.132698045066667 0.998997424330069 38 39 39 0.28
721 0.21256634622268714 0.136389825792268 0.9925203956252554 129 133 130 0.2
722 0.20067962281093496 0.1396546641270611 1.0116367993767665 96 103 106 0.38
723 -0.23204793365205206 -0.11941215913045833 1.0848891077381542 148 153 155 0.34
724 -0.2652802700662843 -0.11842661345403804 1.0914056413187612 158 166 172 0.78
725 0.4054772145078133 0.01481246019276789 1.0192223117282195 46 49 50 0.29
726 0.29276741626071545 -0.11777975422668625 1.038842910680776 145 149 149 0.81
727 -0.19333118666059212 0.07393350822762965 1.040118722006808 130 122 108 0.41
728 -0.23335998102863556 0.07446938795940254 1.049151035169979 149 145 132 0.2
729 -0.23335998102863556 0.07446938795940254 1.049151035169979 149 145 132 0.2
730 0.43967677859452914 0.041872580187492604 1.0336640289208536 82 87 90 0.64
731 -0.21332006631246722 0.07356083315621771 1.044931321626675 36 40 43 0.15
732 -0.2328505381201883 0.08634372263387427 1.0477003882970137 150 150 138 0.3
733 0.19714772574543743 0.12286410831428 0.9948777523347431 34 33 35 0.4
734 0.019177008733852186 -0.08501015470663412 1.0379243599530952 144 140 123 0.49
735 -0.24842363450927116 0.08636588814947824 1.0497903225987675 118 115 111 0.43
736 0.4267174351865235 0.00886616506047317 1.0299950543175493 150 151 143 0.2
737 0.21355391735004825 0.11710633708218071 0.9937836406734496 103 104 99 0.55
738 0.37675014894832576 -0.08689912638716867 1.0293253227178272 181 172 154 0.57
739 0.47491694930520445 -0.04916855476583894 1.0572631328222444 69 66 55 0.65
740 0.06356270505513734 -0.018368804790208002 1.027411430006891 197 192 170 0.29
741 0.49439176048053346 0.004246170133261053 1.0651801733468318 159 157 152 0.45
742 0.49439176048053346 0.004246170133261053 1.0651801733468318 159 157 152 0.45
743 0.43940674965339505 0.03388199780839362 1.0324710920760292 98 99 101 0.06
744 0.31676087816960974 0.06157293819649758 1.0008199778437645 71 72 66 0.38
745 0.3728877603060639 0.06328835345559587 1.0025810952545289 42 43 40 0.39
746 0.12622029624213055 0.060303754692657564 1.0088330180418663 89 88 78 0.5
747 0.3189519237238686 -0.1375240405244543 1.0407216414455656 155 156 153 0.4
748 0.30265156534922183 -0.1074052538511751 1.0336906128024548 179 179 176 0.54
749 0.302496171965269 -0.10723773459143225 1.0327592708077693 164 165 164 0.58
750 0.4986254241846751 0.008328340648586586 1.0636207043919692 57 48 30 0.59
751 0.4936629621506971 0.025133089447250918 1.0611922151672546 40 39 38 0.66
752 0.3946482760563747 -0.0012656100645995802 1.0156472597211763 50 49 45 0.36
753 -0.08771549105892464 -0.02634114029089795 1.0425673761982406 121 106 82 0.23
754 0.5049068818328856 0.023518823512165922 1.0662214113856052 37 36 35 0.49
755 0.48291098103549823 0.03418969318489221 1.0525448850062273 138 136 124 0.26
756 -0.0772688751831263 -0.07523810089099793 1.0465076394677875 66 58 58 0.76
757 0.30860621100370744 -0.027928382213607793 1.0263468821051323 166 166 166 0.13
758 -0.18445316554263524 -0.03356231330035193 1.0615631983130147 155 149 134 0.05
759 0.26621862271091 -0.013082839664787835 1.025613806095502 51 53 51 0.3
760 0.2177091142460876 0.047676745834420886 1.0020981432135123 59 62 65 0.16
761 0.3343124386902269 0.06468276900436767 1.004350418227868 71 72 73 0.15
762 -0.03071001930293067 0.06812905503567371 1.0139305420800666 173 173 158 0.3
763 0.27026660545292114 0.101541971279963 0.9913539083999617 113 109 97 0.19
764 0.35617190767391455 0.10565029742243891 0.9926525717451645 116 114 108 0.16
765 0.2681136841988418 0.1107323410670009 0.9929584979129279 68 70 70 0.23
766 0.38456702186943753 0.13367909383758064 0.9909653106128103 53 52 48 0.32
767 0.39273268835116826 0.1338004238254537 0.9947414902655857 106 105 98 0.31
768 -0.19307403302599077 -0.08509166329919719 1.0688812326586243 169 167 157 0.18
769 0.4111868806356162 0.003050431379020462 1.024055261552126 131 119 104 0.14
770 -0.2303968128750605 0.07733322995191369 1.0446793474024065 154 153 139 0.33
771 -0.27105958566205773 0.11225502171220601 1.0479522370360648 82 84 82 0.54
772 0.10668945791925642 0.12703266391597684 0.997296703453496 98 90 76 0.35
773 0.13617556260773758 -0.12422165331464409 1.038742935144262 184 188 184 0.73
774 0.2879291064821601 0.12114107324511965 0.9922898271534677 99 98 89 0.56
775 0.48239916527949994 0.05059256494974545 0.9015327217540602 88 89 85 0.29
776 0.48239916527949994 0.05059256494974545 0.9015327217540602 88 89 85 0.29
777 0.49113674527593154 0.023163296635289404 0.8740825128936387 69 61 60 0.35
778 0.4805087699003047 0.06215452910004996 0.8954255016644762 97 102 101 0.38
779 -0.3759785764427129 0.06547146098617995 1.0836239593183294 164 165 151 0.38
780 0.012135369584679432 0.0881636499395847 1.015105944740511 156 142 106 0.4
781 0.23285220158307937 -0.01886093920575606 1.0209483393126777 185 166 124 0.3
782 -0.05594385037749958 -0.150902671320875 1.0558538040104684 172 170 161 0.45
783 0.3249734905144772 0.14309940320878534 0.9890009435167603 102 98 92 0.45
784 -0.04647245868276494 -0.043374696035408215 1.037545685206396 93 84 80 0.71
785 0.320401828430882 0.12140328945332059 0.9917696621244786 85 88 82 0.36
786 0.41386428426220595 0.016567545756951758 1.0230509832958417 17 18 20 0.28
787 0.27339268079870693 0.11243806082799485 0.9947684174981797 16 16 14 0.19
788 0.2696680135728486 0.11316600591440071 0.9951539482821434 9 10 8 0.12
789 -0.049452672268017625 -0.10677422219093029 1.047022257051167 195 184 171 0.39
790 0.37221032057770725 0.04555265328503721 1.0080353877212704 94 96 97 0.17
791 0.3205695813749227 0.12146367996253557 0.9926385945815599 87 89 82 0.39
792 0.3199504257301126 -0.0853254251419858 1.0293206290166013 124 116 95 0.24
793 0.1855977676978359 -0.08682465182945011 1.0351996291598111 113 108 90 0.37
794 -0.26223568120655005 0.011118235884894544 1.0687758696108833 145 144 129 0.21
795 0.1980076388829699 0.05625107529912567 1.008091683413007 101 94 79 0.27
796 0.2082130742517387 0.10225804830244291 0.996334675504957 20 24 23 0.21
797 0.3177596701886421 -0.14885593047073561 1.0411362701465883 180 180 178 0.13
798 0.3283178229610917 -0.13506449409578486 1.0397173210649462 166 165 167 0.3
799 0.47614904211119763 -0.07508498550212041 0.9277008722409492 200 208 217 0.53
800 -0.18634971509126985 -0.12695697459999128 1.0768192205057137 39 38 30 0.27
801 0.019021118990176163 -0.08504189449408062 1.0383285155753623 183 178 157 0.21
802 -0.21360243488231992 -0.09087450876127438 1.0755790236702578 144 135 114 0.3
803 0.4510812289438759 0.0014884580641214332 1.0439695178012438 40 40 39 0.46
804 0.44953580191534437 0.03764654980570164 1.0363208311061822 120 123 117 0.22
805 0.21094479645472047 0.10423698301974176 0.9961626015370566 121 124 125 0.26
806 0.19093979560435298 0.10551767671691716 1.0079978894923822 103 111 116 0.3
807 -0.10562103633015385 -0.10788932319470089 1.0510754452900326 92 82 71 0.56
808 0.4184317404934908 0.13594086824498727 1.00522169566583 64 68 68 0.4
809 -0.23159944808376728 -0.10947476217119334 1.083571730326093 67 66 62 0.58
810 0.20592123361022038 0.11477421822497214 0.9944816128211916 23 22 19 0.31
811 -0.2680723894437452 0.021071712061684504 1.0900965371338829 30 24 22 0.29
812 -0.2680723894437452 0.021071712061684504 1.0900965371338829 30 24 22 0.29
813 0.08290049505504568 -0.09308772622018874 1.037941718420054 159 154 135 0.17
814 0.4500013479015669 0.06902136458369902 1.0294370130330035 44 46 42 0.24
815 0.23553259446647165 0.10765179136748075 0.994330412582537 34 34 31 0.48
816 0.4525803745966857 -0.04509776161994293 1.0516799475530587 128 127 124 0.36
817 0.4187712578865899 0.01717744213231849 1.026401809554718 20 22 21 0.14
818 0.23165867032326334 0.08852013084046732 1.0074474782165632 32 33 32 0.12
819 0.44721447833446115 0.02025069138356133 1.0386258015680958 22 25 22 0.42
820 0.410215237930196 0.10922727064032074 1.0055934566252978 67 62 58 0.15
821 0.45530252505574353 0.004500385929070026 1.0438303072390938 16 15 15 0.43
822 -0.3494933859576633 -0.09001046036623113 1.0983113983475812 97 95 87 0.28
823 -0.0712077596925279 -0.09543100018604936 1.0447477922819448 93 79 60 0.27
824 0.3002068562268118 -0.11832887649720197 1.0374850650770007 69 69 76 0.74
825 0.24595236291879927 0.006029792950041975 1.0212806059344504 55 52 47 0.23
826 0.4452713525618095 0.03903053630961823 1.036064827687135 7 13 14 0.37
827 -0.030444635554831397 -0.11521259538209433 1.0434823899976287 232 225 204 0.62
828 0.19958659473039525 0.09437439834162788 0.9957724272839921 117 119 118 0.5
829 0.366471133009651 0.10948336131933849 0.9907294568764315 17 17 18 0.21
830 0.21382600626096113 0.11749096760697897 0.9976304373634834 98 102 96 0.33
831 0.02642288982977656 -0.13808877750368007 1.0458394398602924 189 185 170 0.59
832 -0.2235832361444281 -0.033687151283372865 1.0708062655910708 158 155 141 0.32
833 0.3767850408837658 0.06313107234045802 1.0030409801524036 64 64 62 0.22
834 0.5080507659492072 0.07648442932817068 1.055698767772194 30 28 27 0.43
835 0.27299676628866815 0.10443912870870614 0.9956409263049794 46 43 34 0.38
836 -0.3028449659429328 0.10526615772736941 1.0595889319238045 83 88 91 0.39
837 0.45679048785382453 0.11773453580966683 1.0266398842038067 81 82 81 0.33
838 0.17962104150494354 0.11475283769529643 0.9947770404136198 108 108 107 0.51
839 -0.2385952832772313 -0.11824843280491655 1.0839250555714393 55 54 61 0.52
840 0.504462357911614 -0.011563046648003821 1.0699003034106103 86 81 70 0.41
841 -0.2624493605994061 0.002800356206418796 1.0713668503325349 130 134 128 0.39
842 -0.1918258543587744 0.043387298362399795 1.0421225609752824 119 118 116 0.3
843 -0.24871206865560855 0.04540485392550641 1.0575258232778206 87 70 40 0.29
844 0.4824438796598533 0.07822395467776976 1.0431127597638967 81 81 77 0.08
845 -0.2529723436129511 0.04489908842630114 1.059512334548197 73 54 20 0.42
846 0.10062262258294319 -0.12222115222637364 1.041800654725968 166 163 154 0.57
847 -0.2042327715775716 0.11112180680941013 1.0315250442486419 24 18 16 0.33
848 0.4641013383132653 0.12120137655819506 1.0261222167309467 18 18 17 0.51
849 -0.19366190792236698 0.12703977228071306 1.0291848363080063 143 140 125 0.53
850 -0.19289761062155006 0.08720575155048675 1.0389762380337435 144 140 124 0.47
851 0.4918033258049333 -0.028335901701839295 1.0652611239084648 173 166 154 0.23
852 0.18176859230947862 0.11737126890198707 0.9951627612442128 165 165 149 0.13
853 0.11384149748472931 0.134651249809094 0.9948643593580164 143 139 126 0.5
854 0.011871625366843035 0.10361821953961295 1.008055487380055 42 39 35 0.48
855 0.4497795068724013 0.12967160170425587 1.0208919405383696 86 82 73 0.27
856 -0.27819505070890155 -0.03528355294974202 1.0791655099856206 85 81 84 0.14
857 -0.23017808709585827 0.04322794870289093 1.0488397368765545 114 116 120 0.32
858 -0.2781547348294215 0.05843294741372676 1.057344655590378 102 98 96 0.35
859 0.0020770562704495762 -0.10498341785194104 1.042021951459218 190 187 171 0.22
860 -0.1305957800217277 -0.08109349321406578 1.057481142547144 143 139 128 0.33
861 -0.325302417380134 -0.07149891912351782 1.080310340896401 154 158 158 0.44
862 -0.26010897790708176 0.004213511185227694 1.0723912822947417 40 44 38 0.12
863 -0.3008527114314628 0.02151304992449894 1.0733956391742205 115 116 109 0.56
864 0.191354955511589 0.06345616422849697 1.0123393370184166 88 88 90 0.05
865 -0.303069194176261 0.055574291543493 1.070537544422837 57 61 58 0.21
866 -0.2970074320473799 0.05876595964711817 1.0626532790605714 109 108 100 0.5
867 0.19641902778135453 0.0814458154458099 1.0102105356027709 101 104 112 0.18
868 0.10756548320822355 -0.019538850490681162 1.0191574583797476 194 195 186 0.38
869 0.19994013875225414 0.09421735331379497 0.9922628320611143 118 115 111 0.45
870 -0.011351686548711652 -0.04316495711070484 1.0329206150830543 91 85 81 0.85
871 0.17388630005024872 -0.028790294917442987 1.0280137581975561 169 162 146 0.41
872 0.47808592709254183 0.06017582923603169 0.9066577464943885 77 81 82 0.3
873 0.47415673483014925 0.11976439864145254 0.894813509968709 82 81 83 0.51
874 0.24131896032968622 -0.005866899142812743 1.0223099150449408 127 123 114 0.41
875 -0.22357510703061667 0.0989072080707443 1.0387628160064097 55 57 56 1.16
876 0.4854784875172053 0.10658492426328364 0.8668909714366085 117 115 107 0.86
877 0.46992738145358753 0.11518354676299937 0.9179191725669058 88 96 101 0.67
878 0.47123846632173716 0.11252436846109563 1.0355724913209374 88 92 93 0.32
879 0.4791808317746215 0.08246063511675537 0.8875532991376213 58 52 51 0.4
880 0.4654559502664558 0.10086032063354053 1.0316235734426598 21 20 16 0.2
881 0.4328725511902864 0.018833173178801878 1.0330876576710757 15 17 24 0.1
882 0.31898862623890784 0.04772574738552044 1.0036928878617637 72 70 69 0.72
883 0.35926365471637606 0.05784321760129527 0.9956255835397475 60 59 57 0.24
884 0.4205158339864428 0.0651718385397023 1.0183768548848562 74 78 78 0.19
885 -0.21338726882235493 -0.0874704976897586 1.0735661873543003 93 93 85 0.32
886 0.4117321451385561 0.015021826428443756 1.023823186980449 73 74 72 0.24
887 -0.30129511617011634 0.029146089024229178 1.0719511231236099 113 109 99 0.21
888 0.21070605204744158 0.10841365774954327 0.997063239540321 96 100 98 0.36
889 0.2833498454430773 0.13722236944345353 0.9521347266080074 25 30 29 0.35
890 -0.280939303520739 -0.0903325844440354 1.0873674373556002 147 141 135 0.55
891 -0.3805990658548606 -0.08123044004927425 1.1101084896286868 94 96 94 0.61
892 0.2094543609938054 0.036980439050625695 1.0119896805300037 45 48 46 0.69
893 0.1970820169286639 0.10872826986572814 1.0059817186037356 122 127 127 0.48
894 -0.2318488301056985 -0.11965242057439775 1.0844526783374306 132 139 139 0.12
895 0.19543143601436436 -0.15339788886579836 1.0424828434876365 85 82 69 0.25
896 -0.031854348738016784 -0.09277231921782737 1.0427232983612962 139 128 112 0.42
897 0.1644497484206699 -0.08664715784530855 1.033204912768207 112 100 84 0.21
898 0.29492242880506325 -0.014556582809042127 1.019762055022874 204 204 199 0.22
899 0.46675033270551064 0.11652637371833799 1.0271699358371136 18 19 17 0.43
900 0.35684379330605126 0.11329906573952851 0.9929128425809577 107 106 100 0.31
901 -0.0038662995170402606 -0.11929015414806685 1.0477653160128997 193 191 178 0.17
902 -0.023397641066880272 -0.10743699298203305 1.0448574957366428 190 189 182 0.24
903 0.19473537149304795 -0.14924988467655773 1.0438762148775413 168 168 158 0.39
904 0.19411114170333282 -0.05848401070453839 1.0319433080424758 96 89 84 0.3
905 -0.12559410390775008 -0.14073367389030447 1.0691951949571679 95 92 80 0.59
906 0.48828361274317794 -0.023124268793038073 0.8922072438417277 42 36 38 0.26
907 0.04141446095285088 0.06974922702392457 1.013017362588043 170 165 149 0.77
908 0.4860422852237919 0.018665920949990474 0.8926551996703628 132 130 130 0.33
909 0.4858627183382468 0.018783649117713554 0.8922893246735083 114 113 113 0.4
910 0.4707314787469175 0.10049286686813748 0.9237709654502355 114 123 125 0.11
911 -0.17263930631835483 -0.08130494755973788 1.0642513719987965 106 109 102 0.22
912 -0.17202688433401303 -0.028314681247072905 1.0581810739185518 88 79 52 0.48
913 0.47858928846650534 0.01714201938392924 0.9342572628872515 15 21 19 0.32
914 0.3253927449998551 0.031479785021407206 1.0028992213306396 124 112 72 0.6
915 -0.11992993349046766 -0.14509968539340617 1.0695745869684232 196 202 200 0.22
916 0.22347849676632373 0.1025882117766015 0.9964573103902032 20 23 27 0.34
917 0.4905110149836893 0.09876381927576784 0.863186261275223 37 39 30 0.11
918 0.4910364415593974 0.10958030532343209 0.8523208200841047 29 28 31 0.44
919 0.4758244464549593 0.12338770456841698 0.9017384220439855 31 31 34 0.36
920 0.49241792450500005 0.019626987705383014 0.8612972650194469 76 73 67 0.23
921 0.4913936024511769 0.09420165541250312 0.8572803055015207 137 136 127 0.12
922 0.4881750402040342 -0.023037670501328496 0.8919271790166693 42 39 39 0.26
923 0.4901567593178967 0.03072840942157437 0.8795500974738214 146 137 124 0.25
924 0.494189690023839 -0.013644573764697049 0.8648862377851402 149 147 147 0.69
925 0.4882639064255982 -0.009175520894612668 0.8879688331836167 142 145 141 0.27
926 0.4834093595970229 0.09212870038140913 0.8788986709853243 153 150 140 0.37
927 0.48238651848843783 0.05147044848460042 0.8989317852685235 63 59 60 0.34
928 0.4748109297393934 0.08740303448196832 0.9142343784826579 65 59 58 0.65
929 0.48619149530991174 0.0359225218323431 0.8872557367619064 112 112 101 0.33
930 0.2863723032419688 0.13833249903143907 0.9864049660839908 117 116 109 0.33
931 0.13991274669724474 -0.14589697588774853 1.0455013632152927 216 215 203 0.32
932 0.28882091068208116 -0.13229043715398378 1.03750336604957 143 146 144 0.56
933 0.32597167241528313 -0.12454455923770279 1.0340771130652386 78 78 72 0.26
934 -0.3848759419053641 -0.08119789407658706 1.1087562945341842 186 182 173 0.16
935 0.1103936441301097 0.1490582551993481 0.9933732766955723 101 93 76 0.29
936 0.48904164846829057 0.024595426655700272 0.8871397688835115 64 54 54 0.35
937 0.47608329447621484 0.08994579251594141 0.900587552905779 130 124 109 0.26
938 0.15467191413244863 0.10291547140245452 0.9973003288926585 47 45 40 0.15
939 0.4759902791385085 -0.03570331003023435 0.920308528846665 130 131 133 0.24
940 0.48469771330240885 -0.03552887328066278 0.9195145229904554 58 55 58 0.98
941 0.4755602889989758 0.07202377035582763 0.9168895881875911 90 89 92 0.39
942 0.5000119635233528 0.02033394082188321 1.0671608926095186 27 24 17 0.27
943 -0.022848321140059216 0.04383018189893155 1.0205092701378555 151 125 78 0.06
944 -0.2568815014361114 -0.13869572831033966 1.0800056590943816 170 172 157 0.31
945 0.4722334866836493 -0.02391245573932365 1.0602320580248905 23 19 13 0.29
946 0.36333115142897254 0.008048713264176189 1.0141545698194612 151 139 119 0.42
947 0.4594897506755321 0.017463523032289797 1.0415969792329878 22 21 20 0.54
948 -0.29150813268992176 -0.037994179445758225 1.0810279237328242 142 147 142 0.62
949 -0.3809964579082577 0.017054621502427324 1.0894831235134232 155 148 131 0.58
950 0.4239149819888879 0.07278021352122113 1.0096429829757245 101 103 102 0.29
951 0.18855287027505746 0.08337989304996458 1.0103956949039083 36 38 38 0.2
952 0.4361785563475709 0.1120477122988839 1.0202227067571306 112 112 110 0.36
953 -0.23847320711990144 -0.01366362198360295 1.0643645836087432 28 20 15 0.28
954 0.36498788524741405 0.06791041619835628 0.9994147034403265 21 22 18 0.32
955 -0.2826619709475967 -0.14314720906634754 1.1073811938784783 55 58 65 0.35
956 -0.2873267610650755 -0.13334350248570861 1.1107579685798703 75 75 81 0.35
957 -0.35849772426378096 -0.07227469182806197 1.0969238219040027 86 83 82 0.32
958 -0.35849772426378096 -0.07227469182806197 1.0969238219040027 86 83 82 0.32
959 -0.24708304383392876 -0.12237389492138608 1.085888488231338 78 85 98 0.36
960 -0.19889542424168108 -0.07094392072259949 1.053484320220201 22 21 19 0.37
961 0.3315471058296378 0.13772902178724564 0.9904697816716687 26 27 25 0.22
962 0.4845090626205039 -0.0148600806395838 0.8973426917318957 81 81 81 0.14
963 0.4822597395046618 0.025694971109839704 0.8958741194779941 42 40 37 0.39
964 0.4863988262005036 0.005979745180120373 0.8955134536415942 132 122 101 0.44
965 0.48860822237718715 0.09382899449067118 0.8517090597692903 121 121 115 0.2
966 0.4867601112765099 0.019960436606882778 0.8733988869241207 37 31 31 0.59
967 0.3112764443133904 0.141851122543578 0.9901320057449792 37 40 39 0.26
968 0.3111474381094441 0.1417586016286078 0.9891153308072237 34 35 32 0.23
969 0.12365990533835633 -0.08766734506611609 1.0350464895136073 156 154 137 0.28
970 0.40032444766000835 -0.038142641434185075 1.0265202226838304 106 98 87 0.55
971 0.3658594748424028 -0.10305131347392531 1.0274750733428297 88 81 68 0.38
972 -0.35408031367771065 -0.11179444343163338 1.1041535855995317 203 195 184 0.34
973 -0.3543038274732657 -0.04989519110852695 1.0927978512483383 175 156 120 0.26
974 -0.09445636443413866 0.059181553600526564 1.0249428054689134 129 126 103 0.71
975 0.08419660009549429 0.05201131705501613 1.0164486983360672 202 188 140 0.38
976 0.39914096321944575 0.03980665011593951 1.0136561533652564 136 139 140 0.3
977 0.17672058301204427 -0.12943052085545578 1.0400824152327037 54 56 59 0.63
978 -0.2827707453722923 0.018134699242224384 1.0736514606131842 75 55 30 0.38
979 0.5018829460717202 0.002877398480316555 0.8553569099768462 127 128 123 0.29
980 0.4982051351498647 -0.044350007816048066 0.8675113097750559 125 130 123 0.49
981 0.48105797495270286 0.08251657089545951 0.8920798211496411 92 80 81 0.36
982 0.43547998757789697 0.11336651555007618 1.0129862652427537 36 37 37 0.63
983 0.5050361203684512 -0.10985401376890135 0.8593918842883174 94 97 103 0.47
984 0.44544377742973146 0.10632601588154347 1.0210981330176832 118 118 111 0.32
985 0.49800876022109386 -0.08161328299624404 0.875333065640044 110 115 125 0.37
986 0.43342083261817854 0.03835695433244116 1.0271905166689657 15 17 19 0.38
987 -0.3238029881351017 -0.06978999933587916 1.0929959988866365 181 175 168 0.42
988 -0.29475774115700343 -0.011408103433984646 1.0851580556047573 78 79 78 0.34
989 0.21186292396410517 0.043424553669286464 1.0095224410160555 143 146 147 0.2
990 0.45528329981058374 0.07364057143109119 1.0295387464038908 40 42 40 0.22
991 0.27312716721656766 0.10830932208141938 0.994546466334737 27 27 28 0.17
992 0.1455291852250859 0.14644948653678155 0.9910326939850268 145 141 134 0.16
993 0.14343475584239393 0.14823656235708846 0.991102099709573 65 57 51 0.2
994 0.20134838762481014 -0.031665506268320924 1.023236020742284 79 77 70 0.3
995 -0.2895092597417905 -0.04214723205242553 1.082565341548702 120 118 116 0.25
996 -0.29140040833299036 -0.04231894605108887 1.0851796084027354 116 112 113 0.54
997 0.13621974641989124 0.060544165325375245 1.0034130312598348 57 60 56 0.27
998 0.1898829929839406 0.06601577448962236 1.0079315632916555 21 21 23 0.22
999 0.4774555469796223 0.11893184489733823 0.8917276557271724 94 94 96 0.52
1000 0.48426019315824015 -0.004025025446560983 0.8955191138733084 103 101 95 0.3
1001 -0.2882075614965066 0.08661201296192551 1.0558204004251175 115 118 114 0.39
1002 0.29764458195339216 0.13610339874467156 0.9841771639117229 97 105 118 0.75
1003 0.4768282995894389 0.11034647737065985 0.8992324466567942 63 68 75 0.25
1004 0.4785203150822402 0.11284854534641182 0.8944494424206851 88 92 92 0.35
1005 0.4877140851134958 -0.030297333449592387 0.8923965568475118 73 72 75 0.26
1006 0.500420519365018 -0.005028924516325263 0.8615503325697158 70 71 71 0.18
1007 0.5050007479319523 0.023821422397727235 1.0660674084584805 25 25 24 0.28
1008 0.30814891367431385 0.13831290649283814 0.9935344961972595 26 30 31 0.39
