# 3D point list with one line of data per point:
#   POINT3D_ID, X, Y, Z, R, G, B, ERROR, TRACK[] as (IMAGE_ID, POINT2D_IDX)
# Number of points: 1279, mean track length: 4.74
0 0.2834043402806645 -0.3989883340027161 -0.3803771449292328 155 157 155 4.62
1 0.2834043402806645 -0.3989883340027161 -0.3803771449292328 155 157 155 4.62
2 0.7152442050459861 -0.3614769651776038 -0.1679370643558009 213 209 206 4.72
3 0.2485635363053901 -0.2174643702486603 -0.3612814017415664 113 107 98 5.83
4 0.6775069521120046 -0.225761934683487 -0.1738153292151625 104 103 95 4.43
5 0.659777208153464 -0.2157503437012788 -0.161472064147667 109 107 96 4.01
6 0.4538683997681667 -0.1753787502311604 -0.2812012360559089 82 78 69 4.59
7 0.3690734082138498 -0.1734971218301585 -0.3229353334944998 76 76 76 3.49
8 0.4584483428780612 -0.1220278529056732 -0.2827520793499796 96 91 80 4.77
9 0.2797472320040223 -0.381631711454731 -0.3873387413319354 218 229 236 3.09
10 0.6719511306708948 -0.2590304129750874 -0.1738726836882099 97 95 87 4.74
11 0.4621156452508468 -0.2324735956576188 -0.256492983433495 110 106 98 3.46
12 0.4566435628662227 -0.230248822611051 -0.2781898831837153 109 110 106 3.66
13 0.5819428406540942 -0.2196366929064541 -0.2108356546389694 109 107 95 4.86
14 0.5480664906322767 -0.2130846316416439 -0.2340149116284513 49 50 45 4.16
15 0.2718378339459807 -0.1994606357974389 -0.3560793054997367 75 71 70 4.48
16 0.5559241007681662 -0.1932639954431898 -0.2403277359859333 96 93 84 4.6
17 0.261906615027384 -0.1716750408516532 -0.3594648985683129 96 91 86 4.84
18 0.4683735472621605 -0.06121928347431067 -0.2979521126183491 99 97 88 4.24
19 0.2841205022921063 -0.375066053085066 -0.3721802402393986 207 216 223 3.15
20 0.2778737914494442 -0.2907977728189328 -0.3607573444281058 117 121 121 4.2
21 0.4801731528905346 -0.2457012233295885 -0.2675378542065847 72 71 67 4.3
22 0.3677980641424923 -0.2365086350579892 -0.3096955124110274 143 142 134 4.33
23 0.4572705086686807 -0.2353037294689382 -0.2760816364801304 129 129 124 4.25
24 0.3028464678012842 -0.2259733097674664 -0.3439824550089612 69 68 62 4.2
25 0.5590493482926917 -0.2153954542778078 -0.2332002587993203 91 91 82 4.28
26 0.2780847217475527 -0.1656128586930821 -0.3113746016592736 60 59 60 2.85
27 0.2710072368932264 -0.1715655786531979 -0.3542204822485842 90 86 79 4.61
28 0.4323219096968702 -0.1614193407481198 -0.2620243773543205 61 59 52 4.67
29 0.3120729952634622 -0.1627986729268919 -0.3561795817581521 82 75 66 3.45
30 0.3200421290789649 -0.1582116795643864 -0.3578686520726853 58 56 55 1.88
31 0.3582761363984932 -0.1484888538663763 -0.3263201804854108 84 77 65 5.37
32 0.2866618680437577 -0.1475996954620848 -0.3639750463024893 85 80 70 4.22
33 0.4073430404833707 -0.07464827987412613 -0.301821224495358 68 67 60 5.29
34 0.4564322388586836 -0.06422064826297309 -0.288669854194471 67 65 56 4.82
35 0.2792752672464626 -0.2867576996456103 -0.3661008544928757 89 87 88 3.5
36 0.6696172438534237 -0.2616822956200895 -0.1610648405298674 108 103 98 3.68
37 0.30398411659293 -0.2195913127800644 -0.319340559943518 76 77 69 3.64
38 0.3161260363300841 -0.2213843652978371 -0.3166260664248313 72 70 66 3.33
39 0.4714111134123135 -0.2302002845655254 -0.2590701890154112 62 61 54 4.24
40 0.31239997370057 -0.1478667315275016 -0.3565830129838745 83 75 65 4.44
41 0.313159183745076 -0.1513296208087811 -0.3562604226606783 81 74 66 2.49
42 0.3578326996549052 -0.1221427549423091 -0.3278656193677907 82 77 71 4.09
43 0.4595347317613013 -0.07447039399669665 -0.2893096790916432 78 75 60 4.96
44 0.4619876674409494 -0.06932760352178728 -0.2960708732864401 80 77 67 5.13
45 0.3741430866263556 -0.07094232000755056 -0.3180264725921 89 83 76 3.07
46 0.7108556431444019 -0.2330266372448301 -0.1814533080458753 88 86 76 6.48
47 0.6740643523072084 -0.2370562810582422 -0.1825406068318087 108 108 105 5.03
48 0.3799731441913101 -0.089458657666882 -0.3231546349025407 54 51 48 5.09
49 0.2896487893482095 -0.409179758117245 -0.383859758281289 204 211 212 1.06
50 0.6875450561141597 -0.3465496454295954 -0.1760593239227008 146 142 123 3.39
51 0.6281229942605954 -0.3377443554868493 -0.2071536099154017 183 190 193 1.89
52 0.6248616579326877 -0.3313524426295466 -0.2063910790804895 154 158 157 2.76
53 0.4099549638759733 -0.3109813252763288 -0.2771368446910016 85 80 74 4.49
54 0.5901406843163226 -0.3026232674503951 -0.2053563715268061 126 139 135 3.22
55 0.6811755401834766 -0.3091458918393 -0.1898477786207908 124 124 124 3.6
56 0.4315380915192528 -0.2938455824551523 -0.2852235537417449 191 205 207 3.78
57 0.4412834570599006 -0.2867172227306901 -0.269194508491559 115 122 123 4.82
58 0.4463717229473034 -0.2910268059077299 -0.2803269920187035 119 123 121 5.12
59 0.6892193083262016 -0.2972720381733485 -0.1833725274876912 124 121 112 4.5
60 0.4028694386339059 -0.2807637906398416 -0.2957566277055499 113 120 111 4.86
61 0.4043564152719055 -0.2818684135934276 -0.2971365806102608 117 126 116 4.96
62 0.4149494866130747 -0.2782498629311195 -0.2855490274288424 141 136 126 3.83
63 0.4096864086607055 -0.2816911007778024 -0.2910753032550901 113 109 99 4.02
64 0.3886503399070776 -0.2802205017029524 -0.3054141434451922 134 139 133 4.14
65 0.3914087061778856 -0.2815028657972257 -0.3078194361390056 129 133 130 4.17
66 0.6176279361667431 -0.284756104730563 -0.1984610724977152 90 98 91 3.68
67 0.8032114166252607 -0.2939958599191398 -0.1554207924916351 54 54 55 4.42
68 0.416505444036137 -0.2746431746968606 -0.2827030041899308 129 127 121 4.21
69 0.4906022395038275 -0.2624905569217924 -0.2576756455175178 114 110 98 4.25
70 0.4804830668529432 -0.261578183863758 -0.2649973818094145 128 123 115 3.5
71 0.5220796117369454 -0.2557781633690203 -0.2331037262154587 109 110 103 3.96
72 0.4756836099736277 -0.2545466920462491 -0.2671390122482251 113 108 96 4.09
73 0.3809267292712053 -0.2534015788492425 -0.3121816383897105 165 158 143 3.52
74 0.3781921495653516 -0.2519037815211029 -0.3096918038817358 147 142 130 3.71
75 0.3807265414013735 -0.2481279134743495 -0.3088872829477147 133 126 111 4.34
76 0.4625782781791269 -0.2542274070779434 -0.278091182111768 83 88 86 1.28
77 0.3801454515227889 -0.2387593307326198 -0.3018226082517685 129 129 115 5.14
78 0.4495114973515539 -0.2381835974680985 -0.2776517105293905 120 121 111 4.41
79 0.4416214205578463 -0.2353754314575875 -0.277930015890627 114 110 95 4.43
80 0.4022281908938224 -0.2421976647465394 -0.3044413183589412 88 82 76 0.74
81 0.4672777400475321 -0.2350896052328975 -0.2791405730274774 108 104 81 1.7
82 0.8396113185442619 -0.2357354534344866 -0.1361406359898212 90 88 81 4.76
83 0.282396202994965 -0.2194727170991772 -0.3528442004826136 86 75 64 5.05
84 0.4861700567427993 -0.2231567242253124 -0.2671773061395737 91 86 71 2.36
85 0.6747530752611254 -0.22214751321582 -0.2079948255148605 72 70 61 0.92
86 0.2677053300383021 -0.2019483269720086 -0.3642627580902003 97 95 94 5.11
87 0.7088139290633567 -0.2036029585489426 -0.1892010962291968 65 62 52 3.59
88 0.260083046664046 -0.1970831418196127 -0.3708572864359649 89 85 74 3.45
89 0.2686686653867129 -0.1917532553901118 -0.3584640151845138 91 85 77 5.16
90 0.76093201690348 -0.2034537291032402 -0.1890917474410632 79 73 60 4.14
91 0.7156176509239246 -0.193182509665098 -0.1784120528811186 40 38 33 3.27
92 0.2629347352155131 -0.1872404625758234 -0.3641615082127307 101 97 94 4.0
93 0.2810792518467924 -0.1858060493086652 -0.3582598205309593 84 83 80 4.53
94 0.2691248931490224 -0.1829598583097468 -0.3596665817785305 108 100 87 3.52
95 0.2742465939895364 -0.1868172438492562 -0.3628954545541281 64 65 55 1.86
96 0.500296327898984 -0.1811147771108075 -0.2626090906501717 78 79 79 4.0
97 0.5174992744545063 -0.1759275827417321 -0.2396467676747138 53 49 41 4.33
98 0.5349467537236253 -0.1824582495505243 -0.2499743788583197 147 143 127 2.46
99 0.450484070955594 -0.1766023334114122 -0.2852988519651585 104 100 94 3.43
100 0.2509357015574546 -0.1748456476452284 -0.3663230378913309 92 91 85 3.78
101 0.5444764288685395 -0.1769455687801685 -0.2453660496455197 87 83 68 2.76
102 0.5571078463336749 -0.1707001197565576 -0.2331756639639615 94 90 77 4.34
103 0.7519255542606219 -0.165089526290981 -0.1755278874263717 115 110 86 3.75
104 0.285498697892701 -0.1646051339639461 -0.3545188183207417 65 60 52 4.27
105 0.2672386911186285 -0.1660265257888749 -0.365669513065233 82 73 61 3.4
106 0.3167959297473293 -0.1642936135191106 -0.3440062458830755 85 78 66 2.98
107 0.8189656145460412 -0.1576673760365672 -0.170385806943733 53 51 46 4.26
108 0.5972875521424098 -0.1550695044061373 -0.2259396499657287 108 105 95 2.89
109 0.3689562301916564 -0.1326145787992995 -0.3182541808211301 80 74 61 4.73
110 0.4114509761720132 -0.1294897330646846 -0.3035931446876878 83 77 63 4.14
111 0.4337556232168832 -0.1256800578915948 -0.2964890025794606 48 44 33 4.33
112 0.7751146345252397 -0.119292811216814 -0.1802022609890701 64 64 58 2.27
113 0.5305560131601863 -0.1171253131008537 -0.2565024691535145 93 90 83 4.24
114 0.3912695603186078 -0.1024023298713279 -0.316476916800563 121 112 101 2.05
115 0.3437638003972193 -0.1032490836220675 -0.3378179906860594 44 26 29 1.06
116 0.4600785640372532 -0.09621097580643699 -0.2912951325447009 124 116 106 2.7
117 0.2673952550146781 -0.09497977810635307 -0.3793846841663693 86 81 69 1.98
118 0.5275787953560711 -0.0835017604792027 -0.255265196050813 58 63 57 3.74
119 0.2678847651660325 -0.0841571640976894 -0.3660717590302252 80 77 65 4.3
120 0.2681313579080774 -0.08363375769468172 -0.3659102834259029 88 86 75 4.23
121 0.5863580453744353 -0.06714797993358614 -0.2367439203677455 64 63 58 3.62
122 0.393553031979352 -0.07329664248134722 -0.3177258158255467 81 73 59 3.02
123 0.3779686528992651 -0.06890944049858887 -0.3259361116047734 88 82 72 4.22
124 0.5317883684841958 -0.0626036797474004 -0.263127486361026 80 74 65 4.59
125 0.5441141644652211 -0.06392362653959137 -0.2609756959512708 51 48 47 1.34
126 0.5642910368194548 -0.05612322195528911 -0.2424435791362598 84 79 59 1.67
127 0.2857533316832405 -0.409469459149211 -0.3824638564366576 166 171 166 1.73
128 0.2865509864796255 -0.3881377476332885 -0.3880005490638461 138 141 136 3.33
129 0.2865509864796255 -0.3881377476332885 -0.3880005490638461 138 141 136 3.33
130 0.7157241525739827 -0.3612349934118489 -0.1625871663126404 225 236 242 2.79
131 0.7275988226057549 -0.365851685958389 -0.1789114413876098 154 152 144 2.54
132 0.5116592189912946 -0.3296514279882006 -0.2501688990011601 141 148 153 4.74
133 0.4400862920317364 -0.285812812226021 -0.2748430913614686 195 212 218 3.65
134 0.5087521164055809 -0.2874906713480092 -0.2518869295303081 92 90 86 4.61
135 0.8365300062773938 -0.2921701939030397 -0.1390509669441229 194 206 214 4.18
136 0.5098257239092918 -0.2705049814926319 -0.245395810493604 105 99 88 4.31
137 0.3131468438840976 -0.2714586662939192 -0.3445314401493629 112 115 115 0.46
138 0.4893498552906482 -0.2676688366048111 -0.2613826707022076 168 161 151 3.86
139 0.8270233632141032 -0.261769783389003 -0.1310489503167984 184 193 196 4.61
140 0.8218653648914863 -0.260920492389626 -0.1280727600352214 178 184 186 3.73
141 0.3809995855952941 -0.2506896855016871 -0.3030092243361806 108 104 89 4.67
142 0.2338208427622394 -0.2356995715252946 -0.3731229595410144 102 98 93 6.25
143 0.5145238100418926 -0.2452524081046806 -0.2554713017588832 164 166 161 2.9
144 0.2757891683196149 -0.2398948475069789 -0.3534622409282338 69 67 68 1.17
145 0.31256058142063 -0.233739864232715 -0.3392666145162919 106 103 99 4.54
146 0.3112988505804615 -0.2298227728567135 -0.3496825170344877 90 86 79 4.88
147 0.2392058771379665 -0.2091525882957625 -0.3373036886488503 85 81 69 5.24
148 0.6630706975370921 -0.2070332150180164 -0.1965695025254639 81 74 62 3.73
149 0.2718786120236372 -0.190652847668957 -0.3563824192735472 70 65 62 5.08
150 0.4613181222027714 -0.1965267636225662 -0.2839756225325913 113 103 86 1.72
151 0.5145798605080372 -0.1841379222714793 -0.2516305401570094 85 87 82 0.92
152 0.4937205713360815 -0.1804096626594044 -0.2616653009317111 74 72 65 5.09
153 0.2889720116437492 -0.1803825363162723 -0.3538465708092857 70 70 69 3.23
154 0.2867528708560235 -0.1811075816408499 -0.3484527229712868 82 85 86 1.56
155 0.2625442141987313 -0.1768188490665495 -0.3526647569053396 86 82 73 2.93
156 0.2560639472133189 -0.1723182940134111 -0.3422476185013368 83 77 70 4.19
157 0.4513162515084418 -0.1730708751239913 -0.284737606252329 79 77 67 3.58
158 0.5496616802007719 -0.1677109696479139 -0.2341933806733938 93 89 75 4.33
159 0.7535707603082559 -0.1630100764914026 -0.1859323078392094 101 92 76 3.91
160 0.8131274239198917 -0.1583060550689231 -0.1804957209553741 47 44 40 3.64
161 0.3794957132743424 -0.1291365332016847 -0.318269901395051 59 54 44 6.41
162 0.4580869158878058 -0.1292054333116328 -0.2851203507411029 107 101 91 3.36
163 0.3572423583466434 -0.1261331597976603 -0.3113065048155061 47 44 36 4.4
164 0.4558858073853697 -0.1247569989048276 -0.2873155314778422 59 55 45 4.2
165 0.359114568727362 -0.1145211754473302 -0.3313634365217026 87 83 87 0.93
166 0.3457691377586183 -0.09465659796675925 -0.3376472008746199 68 59 57 1.12
167 0.5309974561397602 -0.07393837052009609 -0.257109080208622 92 89 78 5.76
168 0.4579680925020218 -0.07762874470451729 -0.2897878035168138 79 73 63 3.14
169 0.5861100217077824 -0.07281043314028503 -0.2410147151005309 60 59 55 3.46
170 0.3811075728899953 -0.06660589335176632 -0.3245007671326445 86 78 70 3.11
171 0.5946084521166597 -0.05692254694698078 -0.2256668169979641 55 52 50 3.95
172 0.7123752096793045 -0.366735456753475 -0.1716135975600794 174 174 169 4.32
173 0.7105562788128402 -0.3647764670401022 -0.1695630665375063 171 171 164 4.46
174 0.3998693962639354 -0.3167773092049969 -0.283337265219608 140 147 143 5.61
175 0.5127061880454487 -0.3254887864639848 -0.2439184945252979 211 230 237 4.13
176 0.6243733335142718 -0.3206065872399232 -0.2019192771414913 129 139 138 4.68
177 0.4451005593804575 -0.2983960536848007 -0.2771684475379093 134 138 136 3.82
178 0.4416433409827368 -0.2951261051274827 -0.2731493357302157 128 132 131 5.45
179 0.4156875370266278 -0.2921344751254633 -0.290115744883535 110 110 106 4.23
180 0.5006473597880442 -0.2891137677723699 -0.2526127303122752 130 128 122 4.64
181 0.3882625994431996 -0.2827337137285776 -0.3021416917567927 133 140 141 5.09
182 0.7294325907801312 -0.2947713076216706 -0.1756278189193698 94 90 82 4.92
183 0.4459401477675159 -0.2843993672359343 -0.2794515934355044 121 126 131 3.2
184 0.7967407807955115 -0.2894667960611876 -0.143175911080655 78 78 76 5.05
185 0.4418862167360089 -0.2449843690762556 -0.2753200869353443 113 109 96 4.79
186 0.4849212806544063 -0.2434117663599987 -0.2573239577655537 126 125 113 4.14
187 0.4714994855647479 -0.2239732876653342 -0.2799593521025454 62 60 51 1.16
188 0.2474093849210438 -0.2061919666376331 -0.345401352490859 103 98 90 5.39
189 0.3583209691902129 -0.2002707157483892 -0.309738954688852 67 65 54 4.53
190 0.366638406122603 -0.1983155820189306 -0.3134690148576518 84 82 73 3.41
191 0.380153424404347 -0.1898484750528318 -0.3529346435595566 80 78 71 6.18
192 0.2852290302050643 -0.1879479915516754 -0.3573207578735735 113 112 105 3.88
193 0.3276992904333575 -0.1832310767709986 -0.323634084171553 116 114 107 3.44
194 0.3350085209573461 -0.1844870783252056 -0.3338264463082574 137 132 118 3.5
195 0.4617963203451159 -0.1776833599336421 -0.2731820045121791 96 91 78 4.9
196 0.3166785446195083 -0.1726194130186665 -0.342126287961833 83 82 74 5.41
197 0.3260595041518729 -0.1731651281019893 -0.338291331809685 84 85 80 4.82
198 0.3283300384818838 -0.1744834688673809 -0.3455863792749054 110 112 110 4.79
199 0.3420002527606444 -0.1712846959124594 -0.3154073792207472 67 72 71 4.65
200 0.3418691092127658 -0.1735279728272823 -0.3308386381391351 82 83 78 4.29
201 0.3303194552209481 -0.1616317742218372 -0.3269543701629543 72 63 53 3.27
202 0.2663648925886341 -0.1547187556155807 -0.378520807945226 35 34 26 6.89
203 0.5599307535764684 -0.1488405515328122 -0.2411159808726349 77 76 70 4.47
204 0.5936604701087531 -0.1487234323768033 -0.2270858774656122 97 90 80 4.05
205 0.619112684137724 -0.1394019226529014 -0.1937030974520502 54 47 38 3.75
206 0.4464475124578738 -0.1329234800488742 -0.290725637181815 87 87 85 5.48
207 0.6209414890088691 -0.1176547646611541 -0.2488870975494077 67 65 54 4.16
208 0.4471540328050654 -0.1216590529696357 -0.2954688052714518 75 71 66 3.57
209 0.4443558251979363 -0.1171564161805424 -0.2966998193552475 44 43 42 1.16
210 0.5518900377418797 -0.1100507325109834 -0.251787802652117 67 65 62 4.8
211 0.4863086477470699 -0.07801740469180472 -0.2770155696538876 95 90 79 4.72
212 0.3684737416815506 -0.08151476872823184 -0.3246229249637074 94 86 71 3.53
213 0.4412616258060609 -0.07313399672114278 -0.2903855403389699 33 35 34 4.43
214 0.6111417870341891 -0.05474236509022885 -0.2324324130868531 45 44 41 2.99
215 0.3973610667764449 -0.3203659695236499 -0.2791629397144684 190 205 208 5.27
216 0.4216948929505828 -0.3221719232956586 -0.2787884531098472 210 215 216 4.8
217 0.511211634052319 -0.3197552477013871 -0.2498746544792574 112 118 122 4.05
218 0.5064036229986988 -0.3169791250920925 -0.2432748128695621 108 113 113 4.28
219 0.4023991096651238 -0.3131737496811619 -0.297893546424568 110 122 128 5.35
220 0.317502293526949 -0.2802288024485111 -0.3481381171340321 142 150 161 4.99
221 0.2460743723074421 -0.2336173058902636 -0.3729448716254056 73 72 67 1.71
222 0.2846232027104156 -0.217916229786717 -0.3544308261670963 116 108 98 5.2
223 0.2621662194610015 -0.1882047968970484 -0.2672325988080901 137 131 123 4.17
224 0.2670747128920644 -0.2080911483103245 -0.3424225862580694 84 82 74 3.18
225 0.2947584566131981 -0.2095719630057415 -0.3601572137290228 55 57 54 3.43
226 0.3539998763082446 -0.2051407696420268 -0.3270438236206552 59 62 63 3.82
227 0.5638257032184349 -0.1980262727829656 -0.220979871391038 61 57 48 4.36
228 0.5766424096126938 -0.2010801651162648 -0.2334376693752829 64 60 50 4.03
229 0.3582578030167841 -0.1961759866128581 -0.3221569356856198 141 136 122 5.74
230 0.6477600747380697 -0.1922455788309862 -0.1902052300327814 53 50 46 4.38
231 0.3734159862940951 -0.1950599755936172 -0.312967500327439 56 61 60 3.3
232 0.2654199125672864 -0.1765840631717399 -0.3393291428136793 79 79 76 4.86
233 0.3552178451838492 -0.1752502923688777 -0.3040569199801078 71 70 63 4.58
234 0.2535573881349349 -0.1766370998614997 -0.362249878033992 74 72 71 5.24
235 0.3054018176817382 -0.1679776708836584 -0.3470287903439282 104 98 87 4.66
236 0.3409292624432737 -0.1704359227219056 -0.3351863645251165 82 81 74 1.76
237 0.3152362196868295 -0.1706547835179771 -0.3464828826536464 80 79 76 2.67
238 0.2785633237710786 -0.1642336277543678 -0.3622361643280767 77 72 61 3.69
239 0.7530352992542119 -0.1631669681540904 -0.1817348686333968 120 120 111 1.54
240 0.2292741579170253 -0.1549226080364937 -0.3969476988446505 88 80 70 3.76
241 0.3992968525839309 -0.1430996946908051 -0.3118362027611818 37 37 31 3.22
242 0.3923141928860093 -0.1386975794309802 -0.3043119496103446 35 38 32 6.08
243 0.3588823157702907 -0.1359000025516542 -0.3284322744457122 109 100 89 4.73
244 0.2731159232911871 -0.1300589161426725 -0.3242451753821278 49 51 44 5.06
245 0.2984821161597497 -0.1309668099988502 -0.3301159317044449 86 85 72 4.35
246 0.3779265572296225 -0.08303015849276137 -0.3285966088889636 26 24 20 1.81
247 0.3666974698573238 -0.08313399588962588 -0.3401476944568025 49 47 43 3.69
248 0.2481199385261845 -0.0731015463463444 -0.3304838237449892 73 65 51 4.25
249 0.4111907387953058 -0.07001743611006007 -0.3077396291596495 85 80 69 3.26
250 0.4117835552407901 -0.2993078253430805 -0.2879287912361643 136 131 123 5.08
251 0.2579851358370753 -0.2265657734418327 -0.3588162207911212 79 72 65 5.31
252 0.3610097009645145 -0.2149660330248997 -0.3121273515242955 67 63 54 5.43
253 0.2412211321176598 -0.1999780970290453 -0.34784217373602 139 134 126 3.92
254 0.2189764590191223 -0.1860659368677575 -0.3656657348999111 136 133 123 3.94
255 0.6317074065148347 -0.1594653760959533 -0.2151153362469254 110 112 108 1.72
256 0.7425182204849635 -0.09124235233346924 -0.1573904248240454 34 33 29 5.83
257 0.3096851239655057 -0.1013856400457141 -0.3490648549687292 84 78 77 1.15
258 0.3592233931805564 -0.0990517763023437 -0.3297249855369702 107 103 100 0.69
259 0.3592233931805564 -0.0990517763023437 -0.3297249855369702 107 103 100 0.69
260 0.4103554965604983 -0.3294068441706192 -0.2806665160172326 142 141 138 3.6
261 0.4084218672481388 -0.325871042186228 -0.2775547874222881 134 134 130 4.62
262 0.3007342856382766 -0.2681059667051761 -0.3432319252335359 204 209 208 3.19
263 0.3357855061679142 -0.1781063168921623 -0.3379694160866793 136 130 111 5.26
264 0.2789965147247717 -0.1525193187481749 -0.3736840214054438 47 43 41 4.88
265 0.2786185372265182 -0.1513131820981006 -0.3735715424942663 37 33 30 5.72
266 0.2633326641019357 -0.1324290499853953 -0.3859518453490911 35 34 34 5.06
267 0.2790975117674283 -0.1175464829711886 -0.3706370295417243 27 27 24 1.77
268 0.542625183180066 -0.1945785328604572 -0.2421313579444568 75 78 78 4.0
269 0.7345618789049114 -0.1747492650875342 -0.1859995371605623 51 47 47 2.03
270 0.2635628602369408 -0.1552210220275173 -0.3826427264758148 34 32 26 5.26
271 0.3229523697968883 -0.1514409056056581 -0.3452840396872479 55 51 44 5.48
272 0.3011889816229256 -0.1522290324513802 -0.3644661235841449 56 54 49 4.88
273 0.4205766201891575 -0.1443506481222135 -0.2930795666712973 58 57 60 4.49
274 0.4242769639064522 -0.08480500078498891 -0.3020462469268672 54 49 48 4.37
275 0.2660852682606315 -0.3296610015715378 -0.364763777680331 132 155 136 5.38
276 0.5055158521114141 -0.3213368307931196 -0.2510585589848287 211 216 219 4.9
277 0.6095024902141232 -0.3126808162059143 -0.1990620209716831 98 116 100 4.99
278 0.6870006011362705 -0.270742283240452 -0.1185578128843032 135 131 117 3.74
279 0.4133524901961395 -0.2791821967649853 -0.2636657866924239 139 145 133 4.24
280 0.8017913567884275 -0.27915271726091 -0.12742899536198 70 68 60 3.32
281 0.7644062231103469 -0.2823426484248306 -0.151535488739889 150 151 152 5.37
282 0.7060117273877585 -0.2803102540405648 -0.1657586203247838 52 48 46 3.2
283 0.7333714854994701 -0.2581416428631415 -0.1438943162527502 202 201 197 2.6
284 0.8154745841691723 -0.2719471620900099 -0.1511228490847552 94 89 81 4.18
285 0.7756923880049679 -0.2432367085417433 -0.09645191847998302 68 61 50 4.45
286 0.5476385446313726 -0.2568732212136936 -0.2147397779315259 74 71 66 4.06
287 0.7784915955734749 -0.2356316512423429 -0.1504284800711242 103 95 82 4.32
288 0.3747180665591443 -0.2266385114680793 -0.3244163711729593 115 113 105 4.85
289 0.2814021192221514 -0.2134051844974751 -0.2982303634915517 101 95 84 3.97
290 0.4587625606745859 -0.2203091675680841 -0.2654667293603492 111 105 88 4.8
291 0.4208483523699571 -0.2157144004778817 -0.2672352693525508 90 84 74 4.55
292 0.4633001477460403 -0.2133031953700632 -0.2390562090154218 86 83 69 6.45
293 0.4415046281840237 -0.213921648697781 -0.2541902693838658 76 71 62 4.46
294 0.417328005191581 -0.2242244883636177 -0.2901785322673218 86 81 72 4.66
295 0.5487850537241017 -0.2165159683173014 -0.2289105876350026 91 85 69 5.42
296 0.756185522725035 -0.2252014127533786 -0.1800868692336621 110 108 104 3.93
297 0.3326236544335626 -0.1961636157823443 -0.2749058725572651 72 65 52 3.55
298 0.556723400314704 -0.1906040981524555 -0.2252172693882215 92 86 74 4.98
299 0.5247727361988742 -0.1930300497465838 -0.2399131561121532 73 70 61 5.31
300 0.2509705364468218 -0.18002678715458 -0.3725528878871163 91 87 81 5.71
301 0.5139496771672359 -0.1644430394400868 -0.2446215365509932 110 96 85 3.14
302 0.3924905825565759 -0.1777007518386477 -0.3041221854726779 84 79 65 4.35
303 0.4077978610491949 -0.1756822503077471 -0.2988019361601468 60 54 50 4.76
304 0.4365621142616811 -0.1755228009621882 -0.2866048643334245 68 67 58 4.67
305 0.7640429726499124 -0.1555481414329796 -0.1535222340565223 58 55 51 4.25
306 0.6606064649373617 -0.1578379451626021 -0.1933649744716552 89 85 76 4.67
307 0.6374819935907418 -0.1574080105898286 -0.2051188880545611 27 28 22 4.29
308 0.3575324528003366 -0.1509975419068059 -0.3164975227771591 73 70 63 5.21
309 0.7485877648027354 -0.1374369944161268 -0.1686941678777933 81 78 71 5.36
310 0.4122513140476138 -0.1391573268679733 -0.3016506504760987 80 77 64 4.73
311 0.4122513140476138 -0.1391573268679733 -0.3016506504760987 80 77 64 4.73
312 0.7609397424108079 -0.117471863974047 -0.1299617374593836 35 34 30 4.55
313 0.39044601573454 -0.1301182118092866 -0.3120986039341127 80 76 64 4.7
314 0.5153104617588701 -0.1209699338655397 -0.2387347644878022 76 72 65 5.54
315 0.7587452992129303 -0.08457316949706946 -0.1970649063182923 82 77 69 4.38
316 0.2585323882103135 -0.09708263072050345 -0.3899995855085761 68 64 58 3.41
317 0.6413542865860206 -0.06630609923702825 -0.2001532356774536 61 60 56 5.7
318 0.5620358338058191 -0.0595779177332743 -0.2503749576068597 69 67 59 5.05
319 0.6671137600600204 -0.05548276168392351 -0.2082687799028404 65 62 56 5.05
320 0.1737184452452493 -0.06121945604815275 -0.4070511164133268 72 58 53 2.76
321 0.5656157607652659 -0.04849818564595083 -0.2472371110663316 85 74 52 3.96
322 0.2757007293763938 -0.3260279893061011 -0.356849387608136 127 152 132 5.5
323 0.4134242347010217 -0.288864799651418 -0.2848018429875976 80 76 70 4.28
324 0.4087931173069053 -0.28264209047649 -0.2703763241982879 82 80 69 5.8
325 0.4326766077137123 -0.2844029883909951 -0.2635524514006715 208 221 228 3.0
326 0.7240979124074701 -0.2789868246083868 -0.1571262860808345 109 106 95 4.56
327 0.7870533209389491 -0.261108381479441 -0.1395169897984823 70 62 57 2.67
328 0.7219687407545191 -0.2361855197062338 -0.109810768283378 122 119 107 5.1
329 0.5426437421513972 -0.2511844701010927 -0.2252122827992327 67 66 71 4.1
330 0.197704227966055 -0.2194175077438201 -0.3136329251769803 75 79 73 1.35
331 0.1787501102284891 -0.2228291702563449 -0.3491455750305872 81 80 73 4.47
332 0.2726775235150265 -0.2193426925145942 -0.3093706153608951 76 74 71 5.19
333 0.2649071854464911 -0.2147634652848362 -0.2962546632166181 81 75 69 2.56
334 0.34106279027525 -0.2303731861144195 -0.3244211361362233 91 89 86 4.26
335 0.3558882379864633 -0.2169202955885486 -0.3148243779347879 74 72 64 4.84
336 0.3400956193122771 -0.2150492867616995 -0.2900732520167435 78 75 64 5.98
337 0.2752311309039351 -0.2226254386109908 -0.3556410462254942 111 99 81 5.43
338 0.7725416337179131 -0.2075966725379885 -0.1468330209400139 43 46 42 5.4
339 0.620850778222095 -0.20747246802807 -0.2013539780186921 68 65 53 4.28
340 0.2704627853343947 -0.2045268529380347 -0.348604051420762 101 95 86 5.47
341 0.4901397191068451 -0.1817438171969433 -0.24366070970649 55 51 51 1.95
342 0.5499314006106849 -0.1920298280343966 -0.2427350568545339 69 70 68 5.49
343 0.5908054681838147 -0.1768061796515732 -0.2062944504459283 48 45 35 4.95
344 0.3692738355294375 -0.1762236068737881 -0.312179872948253 99 95 84 4.77
345 0.7001121963716684 -0.1425500498200671 -0.08429116267796388 73 70 60 2.85
346 0.2112844247117756 -0.1763722566620601 -0.4007113319444018 100 93 86 5.49
347 0.1958792602388937 -0.1808657238165903 -0.4066882105961063 116 115 109 3.48
348 0.2368798501121159 -0.1780185305345883 -0.3897598799226973 96 94 93 4.19
349 0.7848748602595633 -0.1559104763228053 -0.1497712201493109 52 50 46 4.29
350 0.7805753941795573 -0.1488678683874945 -0.1254676586709307 40 36 32 4.88
351 0.1924094376243601 -0.1714873063296183 -0.4088783841932873 71 69 64 5.15
352 0.3282638323755386 -0.1671707373043527 -0.3346372934517128 90 85 76 4.65
353 0.3212364134907234 -0.1660023899334371 -0.3374815975989891 87 80 68 5.29
354 0.6371139187695486 -0.1461614493494687 -0.1823453671197086 57 57 51 6.2
355 0.3101226771950021 -0.1624437080225431 -0.347435530398738 90 78 60 5.3
356 0.2660653130417251 -0.1635069016151101 -0.3704140570824006 83 76 64 5.4
357 0.2588297660392912 -0.1640253410717744 -0.3740707477843233 70 65 54 5.42
358 0.2119570383411435 -0.1546097950228931 -0.3356481433955765 64 57 49 3.78
359 0.6361415244804718 -0.1411509744058831 -0.2075334953717793 46 43 37 4.34
360 0.6632145044853681 -0.1422387294890228 -0.1973686745293231 84 79 70 4.71
361 0.3060742942597238 -0.1478576463367272 -0.3622710491372099 32 30 30 3.25
362 0.2222813503939981 -0.1507104842466783 -0.394991359541 23 24 22 3.79
363 0.3997786227001774 -0.136052744588204 -0.2965965287519043 40 41 38 6.46
364 0.7576278346063913 -0.1190668090230876 -0.1488607100664547 66 66 60 4.72
365 0.6809551984518688 -0.1062871295163979 -0.09377727786808543 76 77 71 4.41
366 0.5499006227836152 -0.09436739814261465 -0.1100370174165075 80 84 84 5.15
367 0.614198206789501 -0.1062378070445624 -0.1705956840364204 26 24 17 4.98
368 0.4035613220735722 -0.1247284673019087 -0.3100654489935335 83 71 56 4.62
369 0.3813178204392224 -0.1231868446649633 -0.316073329783209 67 59 52 4.54
370 0.2332716149049603 -0.1090244262290171 -0.2802528471397463 27 27 17 5.45
371 0.6580563666466953 -0.07102590450711917 -0.1880474724742789 72 67 58 4.1
372 0.7609010518812968 -0.07833801869345923 -0.1954293003854297 85 83 78 5.72
373 0.3670555854544206 -0.07999848479721557 -0.3234505561823742 82 75 62 5.19
374 0.4188096233505202 -0.06166420881455249 -0.2987030677125841 61 61 50 6.59
375 0.7162874974894132 -0.03915019502311536 -0.1764019282835232 33 30 25 4.27
376 0.4838877530300308 -0.05611809115667708 -0.2653581670883298 70 62 58 4.67
377 0.254389346560371 -0.0599260651917521 -0.3180592949202905 47 42 35 4.39
378 0.6698266601432129 -0.03320753414593415 -0.2223360868180075 103 91 74 2.81
379 0.2713055357576231 -0.334268320887827 -0.3598235154877345 67 68 64 4.66
380 0.2703739161325054 -0.3324391491219112 -0.3583445038479864 69 70 63 5.34
381 0.2495820743125271 -0.2830294689203772 -0.3244811840902702 150 155 150 2.89
382 0.6827870141962588 -0.282396834978178 -0.1735979610436842 47 47 42 4.99
383 0.6601718218531706 -0.2743686235549327 -0.1558796887829292 140 137 127 3.18
384 0.7587382743593239 -0.2897280906944884 -0.1733464511851392 236 238 239 4.47
385 0.7414528140924722 -0.266714404566702 -0.136568916512479 197 203 206 4.34
386 0.6974933845447892 -0.2630810262227681 -0.1585528110790402 136 128 117 2.72
387 0.772087572114725 -0.252856945669629 -0.1389075004667064 108 99 83 4.89
388 0.7712216865814304 -0.2608442027662401 -0.1689672359087424 86 87 82 5.24
389 0.7426312858532621 -0.2491487744213172 -0.1516672345820878 147 145 135 5.28
390 0.7267901061957197 -0.2392903300591872 -0.1329984721155515 138 136 128 4.49
391 0.4292103668943306 -0.2453120485432617 -0.282579897759915 70 70 70 4.1
392 0.3357730632091553 -0.2504806486362607 -0.3343028651558053 135 137 139 3.52
393 0.389116510110683 -0.2380308785679626 -0.3012452215383885 160 158 145 4.86
394 0.4080829524415464 -0.2298030685230351 -0.2812430200891696 152 148 133 5.09
395 0.4348416889743049 -0.2361348575842321 -0.2849764706470312 149 147 138 4.46
396 0.3606614322575736 -0.2335435410745426 -0.3126793046504981 65 63 59 4.98
397 0.2195333907854854 -0.2371251232321848 -0.3837601372981705 92 87 81 5.4
398 0.2083106329328798 -0.2372759903831612 -0.3886093980815342 94 92 84 5.23
399 0.7082609647109414 -0.216972331263911 -0.1510252422235823 124 120 110 4.12
400 0.2445803026274401 -0.2247532862458757 -0.3727654976514296 42 41 35 6.06
401 0.2446105360671056 -0.1931192936445221 -0.3827300785980818 42 42 39 1.31
402 0.2469402091145263 -0.1787522543941505 -0.272654321628454 64 62 59 3.52
403 0.3622724053984621 -0.1959168170807427 -0.3476128016482871 75 72 70 3.97
404 0.765322007935927 -0.1712102062648717 -0.1250939776833557 85 82 71 4.48
405 0.7756267353302145 -0.1750504868744346 -0.1343521756944013 81 78 66 3.78
406 0.3101625806493974 -0.1866230299573371 -0.3431015227502725 166 156 136 4.25
407 0.2952783372665146 -0.1723044702200564 -0.3062303810786802 53 55 52 3.97
408 0.2832719262233251 -0.1721355753045076 -0.3113697431468263 60 59 54 3.96
409 0.3510785963856308 -0.1788746560395257 -0.3237833112635977 65 67 61 4.88
410 0.3224217128017942 -0.1589713255639671 -0.3010129616568125 99 99 94 3.78
411 0.3588510331732803 -0.1748649203351754 -0.3227056261999277 128 121 110 3.22
412 0.5433233842084856 -0.1647754384170887 -0.2427600767296081 71 69 58 6.04
413 0.3624578511371679 -0.1649901521742526 -0.3190812762473063 70 66 58 4.45
414 0.772667560342584 -0.1408183492319326 -0.1284427693588295 68 65 56 5.18
415 0.227937986620827 -0.1536614628630285 -0.391518672867416 90 82 70 5.11
416 0.1871143548972192 -0.1514361767650565 -0.4151375207454617 31 31 24 5.58
417 0.2040855806738268 -0.1508268366011242 -0.4094169822867126 125 119 111 3.14
418 0.6459351012013478 -0.137114732071099 -0.2103564258084969 73 66 53 5.26
419 0.2287575816885062 -0.1326090574076578 -0.3978023895156197 128 126 115 6.18
420 0.3117422492984776 -0.1346174356537629 -0.3524713901983785 105 100 86 3.88
421 0.6773733143794484 -0.1029795247489522 -0.2438684081375153 50 53 54 4.25
422 0.2533601254421241 -0.1149273039977545 -0.3890808208353236 126 120 103 6.64
423 0.2405521536514611 -0.09854332718717153 -0.2831128087187145 106 99 81 5.49
424 0.2460058534864092 -0.1011334919912426 -0.3948524287037076 39 28 23 1.61
425 0.2535058845026598 -0.1004290516817766 -0.3936324651885361 144 128 113 6.38
426 0.438209461773755 -0.07283473267758998 -0.3081125423607494 122 118 102 5.46
427 0.6671442902037655 -0.05190839602211859 -0.1610826806508976 65 58 47 4.22
428 0.368921870559572 -0.06781430215731384 -0.3282914796451608 69 65 57 5.05
429 0.371484427277461 -0.06372331434680704 -0.2941184678615199 95 89 75 6.32
430 0.5884473402393994 -0.05493121685181691 -0.2386033154906795 48 47 44 4.6
431 0.2430382334996249 -0.2797254481900113 -0.3477827751186104 170 180 185 4.27
432 0.7323613098619147 -0.249883770745808 -0.1560137327165079 75 73 67 5.19
433 0.247807940613279 -0.2448859149784336 -0.3572600227087679 121 123 125 6.18
434 0.5372505928674417 -0.2394181262827627 -0.2162550143768609 104 101 92 5.06
435 0.1501082596829686 -0.2220325876133013 -0.3387891555197247 73 73 72 2.56
436 0.675847159691367 -0.2185842232632839 -0.1608167135619443 124 119 112 4.67
437 0.8070415772682576 -0.1915340574270183 -0.1486349190876306 30 33 31 4.47
438 0.2342887620678145 -0.1760614887408311 -0.2919667583808168 81 76 69 2.33
439 0.5877788167377691 -0.1897959831950066 -0.2127884420310904 90 82 67 4.88
440 0.6533897114592498 -0.1457103040775014 -0.2372509662649411 19 19 13 3.4
441 0.6734571384619387 -0.09903347008648695 -0.07726548198014282 37 39 37 5.45
442 0.6533751784220454 -0.09426526295142341 -0.05384823505892933 45 47 46 4.7
443 0.4105369821708713 -0.1306306340435314 -0.2999880253381964 90 86 71 6.2
444 0.4073599908214698 -0.1133734326740797 -0.2951251425742945 95 90 84 5.37
445 0.2061310513009275 -0.09360453181504026 -0.2698548609980134 31 28 26 4.59
446 0.6261336523870048 -0.06953982805347809 -0.2455261199587755 40 44 45 3.86
447 0.2415505058709906 -0.09098287272041918 -0.3982374352729037 77 73 61 5.89
448 0.6638088343749969 -0.05508928223109009 -0.2026338003370625 72 67 58 4.86
449 0.5725986516198205 -0.05615224151203095 -0.2397842020981076 51 54 49 4.74
450 0.7314930704650145 -0.02617538607621288 -0.1864020225316745 16 17 18 4.55
451 0.5853973327164996 -0.2645270143941052 -0.1729558171484824 47 46 41 4.36
452 0.7453867330111615 -0.1840427091739544 -0.1484734881484993 30 32 29 4.27
453 0.2039155233694053 -0.1805361270849749 -0.4025318563489795 127 114 89 6.27
454 0.7661010273865382 -0.1383655881784935 -0.1426237681974023 30 34 32 3.73
455 0.5803466593089526 -0.08798874865915891 -0.2400937460849302 30 32 32 4.64
456 0.770651274516016 -0.07405815682234139 -0.1863020669309836 32 32 29 5.53
457 0.6154175807112102 -0.06215078254088284 -0.1947194779688066 85 82 75 3.83
458 0.6126335421098865 -0.05058246576023549 -0.2170814252067403 26 26 20 3.27
459 0.739258436673833 -0.208399724430312 -0.1371864628308221 45 46 43 4.07
460 0.7196273230901212 -0.2037371230154095 -0.1570944930796496 44 40 32 5.28
461 0.3491240776436919 -0.1498760341522785 -0.3357871496511686 36 35 29 6.1
462 0.3234786590298572 -0.1530610635681894 -0.3450523902056255 51 50 43 4.85
463 0.2993507844297648 -0.1527534919949795 -0.3576712092889058 52 52 46 5.64
464 0.217267171646729 -0.1537107997959971 -0.4057692860646915 41 42 36 6.19
465 0.7287299254368792 -0.1207854041553872 -0.1506175555062583 59 53 42 3.78
466 0.3262831485844536 -0.1244875140514372 -0.3592700263095761 45 41 40 5.94
467 0.4037911522886395 -0.1154211371603271 -0.3120783872212909 54 51 46 5.06
468 0.74577090835089 -0.08029080860073166 -0.1798688886568494 92 90 77 4.85
469 0.7174752917446984 -0.07828449867266028 -0.1487666784635335 74 70 56 3.42
470 0.3803821437914031 -0.08924576403559899 -0.3222299336890804 60 56 50 5.31
471 0.5961029862854095 -0.0687767496023599 -0.2261626360234432 76 72 61 6.06
472 0.2424052977803175 -0.08277916593725383 -0.3853760211128816 15 14 8 4.93
473 0.7002045369904163 -0.03958069224067573 -0.2027536221741053 78 69 54 4.68
474 0.2464053064225263 -0.2671887057800383 -0.3163133714420376 123 127 127 1.23
475 0.6437007385202131 -0.217362328750746 -0.1365897047342119 153 151 140 2.31
476 0.7460935165163957 -0.2390109428316735 -0.1759624859778848 123 120 116 4.19
477 0.5565947217093676 -0.1814166171851891 -0.2376326024725401 112 107 85 5.26
478 0.6410551716426536 -0.1651013084059884 -0.1998881114086049 41 43 39 5.53
479 0.5976257880843534 -0.1643521463429523 -0.206779827971497 41 41 38 4.87
480 0.5697707943468476 -0.166386621383014 -0.2217112886028729 43 45 42 5.21
481 0.4109621503906608 -0.3180170063508677 -0.2837678546344617 82 78 76 3.75
482 0.4233795095493644 -0.2790054958533618 -0.2810941631085087 143 147 130 4.22
483 0.3956443605904918 -0.2748881519922118 -0.3003341122985288 83 84 81 3.59
484 0.595871427819321 -0.2643846348748831 -0.2082581979735916 95 89 79 4.12
485 0.4548715188747179 -0.254278249393457 -0.2824166358860494 128 117 102 1.76
486 0.2547194558127633 -0.2346947742572012 -0.3639400076652852 153 152 148 4.51
487 0.2265490476255256 -0.2378439533220599 -0.3821066061972469 112 108 96 2.38
488 0.3731725975140862 -0.2362727915587031 -0.3083068704188949 153 151 148 2.96
489 0.4219827915019394 -0.2386910397049711 -0.292331460994232 141 134 122 3.75
490 0.4227169415697746 -0.2365893575766327 -0.2829884759890124 142 139 132 4.57
491 0.2527188002533525 -0.2311087928635673 -0.3751096294535003 85 83 81 5.91
492 0.2555928792168614 -0.2283922939039916 -0.3687013773875099 153 145 139 5.73
493 0.7488406276795224 -0.2332260150669309 -0.1650695816150354 106 100 97 3.18
494 0.7072960346554066 -0.2242369890540554 -0.17580294416859 96 89 79 4.45
495 0.7184998318003001 -0.2127954502739912 -0.1475729644624588 95 88 79 5.92
496 0.5917809027923521 -0.2195770684276208 -0.2129868877555157 142 136 130 2.51
497 0.2630334669445124 -0.1982973282169823 -0.3580584663151596 104 102 101 5.53
498 0.6566393656345767 -0.1941890819242039 -0.1784904347421292 74 66 56 4.71
499 0.4605876111676612 -0.1932254692740753 -0.2821399429655969 160 140 113 0.75
500 0.365815585777188 -0.1857553080036324 -0.3225636273804398 71 69 66 3.89
501 0.6543234256805047 -0.19277611382399 -0.2015015134871099 67 64 59 2.82
502 0.3961765867304685 -0.1749032960974417 -0.3056011387291153 97 91 86 2.73
503 0.2557075022801896 -0.171293053137028 -0.3742268836797176 68 62 58 4.02
504 0.3294008646931811 -0.1626988648550184 -0.3376111473813574 89 78 66 3.77
505 0.8722662935668267 -0.1760385689249254 -0.1661166708794894 82 75 74 2.72
506 0.2002515036691174 -0.1511060640892349 -0.4090561253745293 49 47 47 1.56
507 0.4295914870279631 -0.1334205996368142 -0.2878536456176639 90 88 80 5.03
508 0.4636703651086558 -0.1195401508440249 -0.2821577388150773 112 106 100 4.12
509 0.8017340034322292 -0.102885415298601 -0.1589169579514211 55 54 53 4.95
510 0.6749475120623875 -0.08060803114505748 -0.1979175307244401 55 51 46 5.91
511 0.696462757124228 -0.07678114854653346 -0.2015152063781032 79 74 67 4.79
512 0.4630643615990639 -0.07635038118886174 -0.2853580010528354 100 96 88 5.09
513 0.5134006103467419 -0.06361116799446632 -0.2708764793499603 112 104 95 2.85
514 0.4840855560724981 -0.05995468466549002 -0.2841667480832535 42 40 35 3.33
515 0.5829407707369531 -0.05030037202728871 -0.2158911593863881 58 55 52 4.06
516 0.6063913354709191 -0.03779313084345727 -0.2330056960455993 56 51 38 4.62
517 0.2409790634278494 -0.2395645279010405 -0.3753037665714483 102 94 84 3.94
518 0.4384077809931147 -0.2450318508217216 -0.2834862026362175 157 149 138 4.02
519 0.264843050381451 -0.2417290890518768 -0.3726496827001562 119 113 110 0.56
520 0.2833417889056365 -0.2320348685986335 -0.3464287976006466 90 86 85 5.5
521 0.303943234195267 -0.2367879464436674 -0.3440848885644332 104 96 86 3.57
522 0.5661669827852318 -0.2451561181084761 -0.2317553689971446 99 92 86 3.97
523 0.4093235434531269 -0.2308200048521216 -0.2933533926990224 124 117 101 4.17
524 0.2772918337121792 -0.2194180255020468 -0.3689558058970293 130 124 117 2.68
525 0.7761583083450779 -0.23246271410247 -0.1533511732348833 134 127 118 2.88
526 0.7388642217828681 -0.2295034008006093 -0.1725810916615598 117 114 107 4.85
527 0.6667361346196657 -0.2196724040074915 -0.1901025652981907 131 126 120 3.08
528 0.5320772259442199 -0.212398203005874 -0.246586161011757 93 90 83 4.36
529 0.2641788088668889 -0.1994709160975391 -0.371454505757095 105 101 101 1.34
530 0.280148118396586 -0.1787436617679167 -0.3554880998611072 65 62 57 3.51
531 0.407538916329516 -0.1761083637957498 -0.3035497101094511 105 100 88 1.93
532 0.808221332881177 -0.1708430839062188 -0.1648485560077695 80 77 74 3.14
533 0.6592286874641138 -0.1493990714288543 -0.1827673941833343 103 96 82 5.28
534 0.7251780144372363 -0.158581011604974 -0.1896914082874364 105 98 89 3.83
535 0.438151481010564 -0.1317645406185398 -0.2961849902269005 122 117 102 2.74
536 0.2352270948672066 -0.08919393928884996 -0.3623829711638884 85 82 83 2.89
537 0.6969255390460311 -0.0871838026205773 -0.1970597689153049 94 90 88 1.76
538 0.7542282755572235 -0.07981089598819978 -0.1993438354116259 74 72 67 4.55
539 0.7177218294558955 -0.07427464072418948 -0.1879374422486879 63 58 54 2.9
540 0.2411080312004685 -0.06382499752712591 -0.3533262617225135 63 61 54 4.26
541 0.3337566565776215 -0.2426586439508355 -0.330363967560116 90 85 83 1.61
542 0.5602507142621111 -0.2146637741284269 -0.240712040297729 80 79 75 3.0
543 0.7605070727301447 -0.2232133205882152 -0.1729834352468125 108 101 96 1.89
544 0.667068710094561 -0.2126889810556361 -0.1931594742120248 89 87 81 4.41
545 0.2737973781562167 -0.1849600227919468 -0.3551695732730011 103 95 90 5.22
546 0.3587440696411205 -0.1619502735954519 -0.3235665636927216 91 82 74 3.24
547 0.5576184346204909 -0.1562188380762843 -0.2417343193252082 93 89 76 4.35
548 0.5461564441071827 -0.1509454644289533 -0.231534217367962 75 73 65 5.07
549 0.7317811450234551 -0.1002081575840829 -0.1451004962756788 42 43 40 5.02
550 0.7613579506562645 -0.1033958801069151 -0.1452670503998648 43 45 42 4.19
551 0.7466841892616368 -0.09623302158130172 -0.1806823732635565 64 58 51 4.81
552 0.3617671912365438 -0.082877000308535 -0.3256731865954687 87 88 85 2.84
553 0.7342880968729387 -0.2337216345165855 -0.1783312519812148 118 112 105 4.87
554 0.7451472454436284 -0.2245593915499403 -0.1658635971799023 112 110 104 4.63
555 0.2103546690478394 -0.1725290786110395 -0.3923931469387323 82 76 69 5.43
556 0.7464599862459494 -0.1538385931916242 -0.1691566454174027 129 120 111 3.45
557 0.4619704092397147 -0.09174371249040762 -0.2761094954960763 47 42 42 6.51
558 0.7122992646652894 -0.1455608059065381 -0.1908138813572116 56 54 47 4.56
559 0.6232691282728136 -0.08088505287707799 -0.2406232906283476 44 45 45 6.49
560 0.696257298968357 -0.085918717960048 -0.1976397204534504 84 79 73 4.45
561 0.7002330518596306 -0.3180689447824561 -0.1827394039512629 162 163 156 1.34
562 0.7027737329922695 -0.3157513860381483 -0.1835996502764066 149 142 122 3.14
563 0.6779561094646399 -0.2922192621489162 -0.1593629452272562 175 166 140 4.43
564 0.5953637906951139 -0.2685673834511915 -0.2076138767716489 100 97 90 5.22
565 0.7636205674946884 -0.2646748526572089 -0.1427609816590731 154 149 140 2.52
566 0.7404612871907926 -0.2725508834166842 -0.1742846606263697 145 140 128 3.82
567 0.5915333183251744 -0.2606341661789649 -0.1996411330379899 85 87 83 3.33
568 0.7944012476234473 -0.2567003311373932 -0.1578401334637092 129 120 104 3.83
569 0.727423299676076 -0.2548039500036131 -0.1835354049048117 81 76 65 2.53
570 0.8359869062577184 -0.2355798239870697 -0.1396443758567767 103 101 92 4.95
571 0.5566728224384392 -0.2413494486674474 -0.2431596330661892 99 99 98 1.92
572 0.1780621131751177 -0.2424810088255432 -0.4012657277413716 110 106 95 1.16
573 0.7112413330050485 -0.231970199125989 -0.1772422361815811 126 123 115 4.31
574 0.5695356057020975 -0.2237014311454131 -0.2291842018802979 128 129 126 1.79
575 0.2679450452522504 -0.222240661092168 -0.3617174124639135 89 83 72 4.12
576 0.6623431721110746 -0.1803626589628226 -0.1867898421428698 93 83 68 3.34
577 0.4628637825974752 -0.1880903108642593 -0.2763338384314149 114 105 91 4.3
578 0.530048940188845 -0.185493615324473 -0.2483606739460626 120 114 102 3.58
579 0.359819841276322 -0.1862135935074627 -0.3111441374299573 79 78 70 3.3
580 0.7197232627445317 -0.1465855932575748 -0.1651789725357817 66 62 53 3.0
581 0.4808303435647892 -0.1133145630369037 -0.2769096524978074 70 67 62 4.26
582 0.4572978194972145 -0.1078729824908591 -0.2772279734435452 50 48 43 4.48
583 0.5554368478229524 -0.09330044644550846 -0.2565508678805148 41 41 42 3.8
584 0.6702807791525501 -0.06646313322045398 -0.1856564915387624 61 60 52 5.45
585 0.626575132714653 -0.0413900444362599 -0.226644591595633 57 48 35 5.1
586 0.7701719759743647 -0.03035089682587748 -0.1921125971471995 65 68 61 3.36
587 0.6852789318161084 -0.3474119819121492 -0.1526357429116425 166 155 138 2.54
588 0.7722233174230811 -0.2674696574714198 -0.1914020498511564 75 73 66 2.41
589 0.711237332550461 -0.2378399120970197 -0.1775716112896717 118 117 114 4.6
590 0.5696046720436447 -0.2307839611637126 -0.2352721380390577 87 81 76 1.76
591 0.6741622485481168 -0.2232026698195568 -0.1920365734302627 99 100 93 4.96
592 0.6697389954183267 -0.2226960959600258 -0.1862406584210203 107 108 101 4.81
593 0.5657433684716417 -0.215258729423828 -0.2217320750184835 110 109 105 1.82
594 0.5962449444103 -0.1316918750223104 -0.2223203755997145 80 70 52 3.77
595 0.7330741703298279 -0.108998958667625 -0.1288574868694341 62 61 55 6.18
596 0.4120378951004393 -0.0817100296749952 -0.30721288104037 78 74 63 1.4
597 0.7220381848590375 -0.3362514032500181 -0.1751849486738113 149 145 135 5.22
598 0.7145053579938844 -0.2955539513343106 -0.1757220992777189 97 93 84 5.15
599 0.6031169902050088 -0.2777528677048339 -0.1872070628893379 86 90 83 3.86
600 0.7137107522638243 -0.2922009391130953 -0.1905420832528819 57 55 55 1.95
601 0.6225931265043215 -0.270338864603411 -0.2019766004408752 80 77 74 5.2
602 0.8231046038679081 -0.2614942223464684 -0.1290083882974802 208 205 201 4.69
603 0.1919448282301778 -0.2470910817230759 -0.3915860483021802 72 72 68 1.32
604 0.1875448912370514 -0.2413122302193353 -0.3989465229637716 113 114 110 0.91
605 0.1868365970846211 -0.2407200138747241 -0.4056913166643414 108 107 104 3.64
606 0.3216011865976183 -0.2343299079246793 -0.3353674446451269 92 90 86 3.88
607 0.7253477598638446 -0.2218302160407894 -0.178602267715205 85 82 71 5.09
608 0.5697361424204095 -0.2071394407756481 -0.2235357388589874 75 70 59 3.24
609 0.7652502119241461 -0.1666820523837358 -0.1841306663380664 72 70 61 5.21
610 0.7594480047516513 -0.09532687077564751 -0.110832891250775 25 26 23 5.63
611 0.7258133655122995 -0.05939110421947909 -0.1965745150794564 62 56 46 1.7
612 0.7258133655122995 -0.05939110421947909 -0.1965745150794564 62 56 46 1.7
613 0.4873809199788113 -0.059587770682391 -0.2803114367622446 102 96 88 4.67
614 0.6947487790794752 -0.02822271385091064 -0.1950012603859996 76 70 56 3.49
615 0.6947487790794752 -0.02822271385091064 -0.1950012603859996 76 70 56 3.49
616 0.7681799520818172 -0.0262547342473493 -0.1995491246660008 56 52 48 4.17
617 0.5872790707142029 -0.2732010305792355 -0.2191328567391555 94 96 91 3.84
618 0.6986214918687136 -0.2719773214581911 -0.1771536480698288 150 146 140 2.55
619 0.6441646137499222 -0.1686925645289402 -0.1896511158146581 37 38 35 4.93
620 0.7766109791962331 -0.1338675320373817 -0.1264888810031428 33 33 30 4.99
621 0.6981975630857423 -0.3245291725523187 -0.1384034232381195 127 123 112 6.32
622 0.7640397003610241 -0.2857147664921568 -0.1289519865773487 97 98 98 5.03
623 0.7553991643660311 -0.1763620850768697 -0.1816164242335421 107 99 78 5.46
624 0.6207133179058335 -0.3116907495804959 -0.1765152771077623 238 247 245 2.78
625 0.5805312314134435 -0.2794883856405494 -0.178615844879854 165 168 160 3.23
626 0.4383362323296454 -0.2180616165309545 -0.2653411739950609 106 102 90 5.29
627 0.6432843698600804 -0.08675661515911369 -0.2115458551509219 29 31 25 4.35
628 0.5805924777307251 -0.09001998387082459 -0.2388369794869518 30 32 33 1.45
629 0.5208007178575949 -0.08638364705273881 -0.2640143866826952 45 46 42 4.85
630 0.6883737493063536 -0.06076583248418056 -0.2078891746969025 32 35 34 4.01
631 0.7116862180099989 -0.3591113224035374 -0.1772851878097736 140 130 123 1.38
632 0.6083699209192668 -0.2513348947267894 -0.2148296306564597 100 95 84 4.43
633 0.6485816617461465 -0.2489968495121775 -0.1910846324610846 79 75 66 3.61
634 0.4554453483614893 -0.1780626033730951 -0.2756791521818951 114 110 88 4.92
635 0.5389919663832663 -0.05786439028418329 -0.2558282631571418 75 59 46 5.34
636 0.619566841863734 -0.2717290835217904 -0.2086561782726333 80 78 74 3.7
637 0.5597845586399574 -0.1877961508303418 -0.228305259396149 85 84 70 5.09
638 0.540289474122197 -0.1599037416346571 -0.2740692687457587 40 44 40 2.87
639 0.3492652412690327 -0.1596939173613953 -0.3276156785707003 92 84 72 4.1
640 0.1567709457349377 -0.1881332997666125 -0.3492896681398074 126 123 113 4.22
641 0.425358668185713 -0.06767772332689288 -0.3054158684245754 77 72 62 4.88
642 0.4938131751113179 -0.2838473494734427 -0.2516304941571037 78 82 82 3.26
643 0.5995278087308085 -0.2420081453419434 -0.2210714185127467 98 90 76 4.39
644 0.3350519491341181 -0.2112191568859991 -0.3338604598612036 125 121 110 3.85
645 0.1818957349326554 -0.1627624133306592 -0.3821408571083802 72 66 53 3.36
646 0.613944436057724 -0.2863007006187966 -0.1853273428751785 124 141 122 4.74
647 0.5033385569113467 -0.2465263438048473 -0.2324461927148149 72 70 64 4.05
648 0.3885279959305661 -0.2941070565836738 -0.2963641127713457 226 233 234 2.16
649 0.3366739139363132 -0.1867527451319273 -0.3126380427734543 98 97 93 4.01
650 0.1752137403172271 -0.2802337139635658 -0.4002989393624183 187 193 183 3.81
651 0.4178266064650381 -0.2774660998228097 -0.2718641885186419 145 151 130 3.41
652 0.4269794270522207 -0.2742514496958753 -0.2789615685755695 124 125 111 4.59
653 0.4158578623864543 -0.2650393249607296 -0.2752595831796096 70 70 64 3.94
654 0.430622351138262 -0.2724757868408614 -0.2825188213011298 103 99 87 4.15
655 0.7543759642566178 -0.2709036954750076 -0.1571772600234962 134 134 127 4.36
656 0.379083782522853 -0.2571456260688862 -0.3083789379972093 165 161 148 3.41
657 0.6212840534041291 -0.2513392069999593 -0.1940380221598044 75 70 56 3.79
658 0.8137788199684722 -0.2486915898019026 -0.1434540504566097 73 69 57 4.57
659 0.4567232178519026 -0.2028999462965271 -0.2359309910747238 83 82 65 5.79
660 0.4081588440131494 -0.1767467580862687 -0.2991143756020653 75 71 63 4.69
661 0.3779250324781368 -0.1716975198889622 -0.3056740233361581 73 67 60 4.3
662 0.6157096137207154 -0.1233325196304953 -0.2062954549343159 62 59 49 3.61
663 0.4362641617148253 -0.1248672543583984 -0.2925956731939006 93 89 79 5.65
664 0.5896226277372426 -0.06395202373975918 -0.224767380055759 92 89 83 5.06
665 0.5478960253638219 -0.04157379383506311 -0.2531173763213628 50 33 32 3.65
666 0.4666377244492212 -0.05306660490959308 -0.2835599811561822 38 31 26 5.43
667 0.7027343006349011 -0.3414791687607133 -0.1814814436938628 140 136 121 3.41
668 0.4547343286226589 -0.2463211510820168 -0.2614095370113423 93 91 84 5.07
669 0.3863260022664748 -0.2311157727298584 -0.3026778718920498 107 105 91 4.83
670 0.4592845364925493 -0.2020284311948538 -0.274254854661196 121 119 110 4.27
671 0.412021151079813 -0.1311658452893149 -0.3009401600333281 101 98 83 5.1
672 0.6248424341282572 -0.1257132325932993 -0.3299273211986824 115 115 107 4.88
673 0.3554384473759404 -0.1321407439547691 -0.3128068525375043 78 74 64 4.09
674 0.3466496858946989 -0.07028518932759752 0.01137399888117829 110 109 96 2.59
675 0.7869692595139041 -0.1116738572630429 -0.1268886500292274 37 38 34 4.1
676 0.7206388213673455 -0.2789517148187163 -0.1452392499733974 136 133 123 5.78
677 0.4175200180165854 -0.2449675388695801 -0.28839248236075 81 82 78 5.02
678 0.5698123206716842 -0.1883083781693094 -0.2900095534242331 86 89 80 3.97
679 0.328436404479962 -0.1823679060351339 -0.3392728923541832 57 58 50 4.36
680 0.1866584598855126 -0.1792550569707358 -0.4032885950947107 80 82 72 5.78
681 0.5716870527217446 -0.1226181985042229 -0.2384794662915906 66 63 50 5.45
682 0.7008797434100104 -0.07067588596176692 -0.2327531139002255 76 72 59 3.7
683 0.6006050353920752 -0.07640367576870404 -0.4250823375954065 67 73 71 5.42
684 0.4050170969990221 -0.06893752706865557 -0.3155564043794314 89 82 66 4.32
685 0.6776121466839254 -0.2487361164219269 -0.1813964550005607 87 85 80 3.84
686 0.3074649956050574 -0.2294585310652109 -0.3366364541829741 109 103 85 4.82
687 0.143189615462532 -0.1976639856146865 -0.3263328131902195 115 111 108 4.58
688 0.4320798873132087 -0.1254425998184502 -0.2870816737243975 95 91 76 4.8
689 0.2046482155791891 -0.1348351652388859 -0.4036448305772309 145 138 120 3.73
690 0.3918369247850163 -0.06970366807842789 -0.3195557393458774 116 106 92 4.24
691 0.5549397683516603 -0.2730981700862674 -0.1992258807345137 168 168 154 4.54
692 0.529329098151081 -0.2453718616832553 -0.2439695400062942 165 156 143 4.33
693 0.2650798233649321 -0.2081581906390221 -0.3024310670886752 85 79 73 4.58
694 0.7043439021859644 -0.05503680671669646 -0.1871878996488487 30 27 26 4.59
695 0.2842738367276487 -0.1754992051131528 -0.3536010446995326 73 69 59 3.99
696 0.65567087190605 -0.1767092809196102 -0.1899454240174301 116 116 103 3.92
697 0.3188370560037732 -0.1260376271468891 -0.2354733336043213 58 59 56 7.03
698 0.3620794928148938 -0.1411533664834704 -0.3277909336246418 102 93 76 6.54
699 0.5010088518826779 -0.3141143917740509 -0.2580990847166202 115 122 126 4.01
700 0.5782955756336461 -0.2806498557672128 -0.2001373896308802 87 96 86 2.16
701 0.4743782682683974 -0.2544381165911975 -0.2709548556393426 139 139 132 3.75
702 0.5266851128825536 -0.2346051860590859 -0.1982141898236935 114 117 112 2.94
703 0.8231575791639846 -0.2528852327867699 -0.1135052102071781 170 169 166 3.31
704 0.5717322340395248 -0.2411233375067033 -0.2390717189295832 59 59 50 1.79
705 0.6796035787943037 -0.2141671850865773 -0.1324025802927435 69 66 57 3.68
706 0.8435960061661355 -0.2431000695100326 -0.1560435975242842 64 60 53 5.56
707 0.8379221101888877 -0.2374877147432884 -0.1571210819644471 97 93 83 4.83
708 0.8396777881271676 -0.234404621112992 -0.158928392287085 73 72 64 4.59
709 0.3986397721517227 -0.1770478759213805 -0.301826785652586 83 79 68 4.31
710 0.658008366111729 -0.1883444507384982 -0.2032282691035785 50 48 42 4.38
711 0.8363851790086015 -0.114060942468874 -0.1355778863532902 73 74 67 3.66
712 0.7474858198032804 -0.0727790840703977 -0.1987309857549311 31 30 24 6.46
713 0.3984207081632134 -0.3035379352052891 -0.2748198924470784 104 114 113 5.59
714 0.7073064405924404 -0.2994535713312738 -0.1673914869656827 129 126 114 4.9
715 0.8183190839969897 -0.165150606444025 -0.1458144766875094 58 58 52 4.71
716 0.8310777785546465 -0.1433864859153628 -0.1942365434917759 57 58 55 4.13
717 0.7822942371211995 -0.293471113568976 -0.1123226955156957 204 202 204 4.86
718 0.6249140544685079 -0.2789583933007889 -0.2016747859128714 77 76 68 4.56
719 0.6311547838052106 -0.2031682542322693 -0.1898153466879986 78 71 54 5.07
720 0.6308464946325866 -0.1432695700359236 -0.2196023601142509 74 62 44 3.27
721 0.6469645933614047 -0.1378398076052015 -0.2114903981964416 82 71 54 5.58
722 0.7641344561384943 -0.1122614211832792 -0.0986429178178494 73 72 68 5.08
723 0.844126946335836 -0.124590836693358 -0.1744955150088012 71 71 68 4.67
724 0.8098949879449001 -0.264753475479011 -0.1629609400474676 56 52 49 2.07
725 0.5685946605491305 -0.1810502124336961 -0.2261311401641419 56 60 56 3.46
726 0.5947157267085953 -0.2945600816642568 -0.2055471657520433 154 163 159 2.45
727 0.6050355594139671 -0.2840953683610454 -0.1998482887696533 74 79 75 2.36
728 0.6821474658675853 -0.1465596499180105 -0.1961578430046913 48 45 31 4.35
729 0.6773824075287381 -0.06342241334109815 -0.2003482983951541 28 28 26 6.15
730 0.6252496123420153 -0.3033299714546664 -0.1967843065614647 116 134 120 3.27
731 0.7302891973881392 -0.3055944496470846 -0.178650163050065 142 137 119 4.75
732 0.6130441179445181 -0.2759154977859833 -0.200094315430333 78 76 70 3.98
733 0.8459045388061298 -0.28902780478584 -0.1401243161935837 199 203 206 3.63
734 0.5732982283689543 -0.2697136523170657 -0.2236495319932561 116 116 111 3.84
735 0.8446616677852928 -0.281235893798284 -0.139353245778943 141 141 144 3.99
736 0.8594140664395232 -0.2886939039111825 -0.1533048618283319 141 142 142 4.5
737 0.7461242136173293 -0.1860649546300098 -0.1600360487279273 61 57 51 2.67
738 0.7622755358261909 -0.1874588691058544 -0.1780247553528782 65 61 52 4.46
739 0.3965798180485167 -0.175020214981678 -0.3058737316931153 101 93 84 3.37
740 0.5485382767808146 -0.1113274031295636 -0.2500771521469172 33 32 29 1.87
741 0.8302548034759322 -0.1006488529632584 -0.1344661094464348 55 56 53 3.12
742 0.4553539185085452 -0.076088034504376 -0.2754111444116776 85 77 58 3.07
743 0.4181088750522496 -0.07805303807994264 -0.3067938435302102 30 26 18 5.17
744 0.4666367497102224 -0.07214203931111744 -0.2823433676328984 41 37 30 4.47
745 0.5547373775969897 -0.05446744413823341 -0.2487462283126145 69 65 54 3.78
746 0.6087315220409244 -0.3105368985005553 -0.1979501430766937 95 112 99 4.91
747 0.7495527390637741 -0.2681187528677354 -0.1532132564498181 137 140 138 4.27
748 0.8622449030498905 -0.2616165203268929 -0.1526616809458159 118 117 111 4.66
749 0.5977183392073787 -0.2230266138989174 -0.2137581663057491 88 86 78 2.71
750 0.7494733630357525 -0.1986525716858025 -0.174495501872723 97 99 93 3.09
751 0.7133597241395458 -0.1806425295486578 -0.1492620630942763 50 46 40 4.98
752 0.698113063466938 -0.1749472422562552 -0.1310511662411227 48 46 39 4.9
753 0.7988024610474712 -0.1449015127675341 -0.1492481638285454 18 18 16 3.42
754 0.4563052713183141 -0.1326932423201974 -0.2814378332461007 123 113 95 4.58
755 0.742380752650203 -0.1166931597122391 -0.1617938505310281 70 69 61 5.45
756 0.4245364852552542 -0.3154773183872132 -0.2805941859255681 144 146 142 3.32
757 0.8177168150520041 -0.2591862592579818 -0.1179882639883225 126 128 125 4.79
758 0.5539558355490796 -0.1828633252742985 -0.233074663424292 134 131 118 2.18
759 0.7608125189260452 -0.1393058199214374 -0.1967828700514298 77 71 56 4.42
760 0.6760654537516585 -0.09936907755911302 -0.08397764038993238 45 46 42 5.42
761 0.5751706628853777 -0.08414207743737141 -0.2364633578640263 26 28 27 1.89
762 0.3062789897616631 -0.2193426054192582 -0.3182848107504059 103 98 84 3.4
763 0.4817158712064438 -0.2097192595494963 -0.2661205240951043 123 114 98 5.43
764 0.6163988709569289 -0.2116736265081369 -0.2173550072506789 85 80 71 2.86
765 0.8057829454073812 -0.1737228939173753 -0.1464928579441045 22 24 23 4.21
766 0.7073718405600783 -0.3532710865694009 -0.1785789871244194 119 117 107 3.62
767 0.7520554420085807 -0.3469046364312464 -0.1821718026321604 194 193 189 4.36
768 0.722122183954465 -0.3365057923812937 -0.1780554182396021 158 154 143 3.93
769 0.4162049860991717 -0.3058946664210712 -0.2852413216011047 107 105 93 4.69
770 0.7434234130553811 -0.3239673641632898 -0.1744649600505026 128 130 127 4.89
771 0.421129556897792 -0.2974106657089408 -0.2845850403972363 159 166 150 4.55
772 0.7338110203257021 -0.3079808504427134 -0.1757160562206552 146 146 138 0.91
773 0.5065788517100509 -0.2891513209005694 -0.2552577868162405 119 114 100 3.73
774 0.5196788935235532 -0.2887894737319622 -0.2495433001394305 126 126 114 3.61
775 0.3353610455715363 -0.2815773830247131 -0.3299875921309916 249 251 247 5.1
776 0.4135033336153875 -0.2816243175929571 -0.2944628974581953 94 87 74 4.17
777 0.6240441352524312 -0.2813579447574605 -0.2063124373334 107 99 91 3.01
778 0.5303141833100588 -0.2738334243387617 -0.2464271889381295 101 98 85 2.62
779 0.6074436515948354 -0.2682614345891857 -0.2059433613550199 101 98 84 4.97
780 0.5134514591991725 -0.2686597963489769 -0.2471593926299964 85 79 66 4.63
781 0.4860879671663461 -0.2622441013647378 -0.2567879682363883 135 129 116 4.43
782 0.5954094328457604 -0.2622903115563311 -0.209076954856626 88 85 74 4.43
783 0.4883301902346859 -0.2631154243931333 -0.2630411462451301 115 110 96 3.13
784 0.5310658301890443 -0.2597627506705446 -0.2400293045740867 112 111 97 4.34
785 0.5332478390697913 -0.2609933306192024 -0.2430438384543396 95 97 86 3.6
786 0.5445296288262668 -0.2604530068370631 -0.2387307937040739 143 137 124 2.5
787 0.5443111092040702 -0.2559034996402623 -0.2440231327031455 162 153 138 1.96
788 0.5443111092040702 -0.2559034996402623 -0.2440231327031455 162 153 138 1.96
789 0.389562572199791 -0.2498249610228677 -0.3006452875963852 110 101 80 4.66
790 0.3918199988483396 -0.2475723094303515 -0.301438772391484 132 126 110 4.92
791 0.7612265623714668 -0.2593374942962293 -0.1691809633412213 123 129 121 1.29
792 0.8087209711324163 -0.2606057645090203 -0.1671693780205545 88 80 66 5.0
793 0.4470348804021437 -0.2470373586238662 -0.2844127918188224 132 120 107 3.19
794 0.46141053988902 -0.241828261936719 -0.2690755664298241 147 141 123 5.07
795 0.3870714826003024 -0.2446492616439787 -0.3089690774420484 165 158 141 3.47
796 0.5574953461260507 -0.2452809702089203 -0.2392442571437854 142 138 123 2.61
797 0.4078246875219395 -0.2417806783925845 -0.3002821000962781 139 133 113 3.47
798 0.5964286100706218 -0.2245932721021195 -0.2166289146771441 71 68 54 1.88
799 0.5358904560528617 -0.2204512839931261 -0.2403616499148069 92 88 68 4.89
800 0.463110110427123 -0.2233943699169487 -0.2761638631302057 112 105 89 2.56
801 0.6313146917391284 -0.2234430651284114 -0.2075475620337202 139 134 116 2.74
802 0.2677460015817621 -0.2185802304478181 -0.3614919278395228 162 152 142 4.23
803 0.5775304547580304 -0.2169306463159488 -0.2340150410634545 102 85 65 2.31
804 0.5574913329865948 -0.215353259792816 -0.2360957703155893 97 94 79 2.42
805 0.7733094369281085 -0.2213399893392034 -0.1829349217983629 77 71 62 2.7
806 0.6674407285727165 -0.1855969145565044 -0.2066811473481815 110 102 81 2.49
807 0.4537410120217124 -0.1824502789354012 -0.2828017528496574 82 75 59 5.35
808 0.2741912685413123 -0.1801168370464666 -0.3575733661419931 81 75 62 3.23
809 0.5582136325554358 -0.1741205710476357 -0.2414433141897419 125 117 92 2.56
810 0.2606012119993758 -0.180329617341553 -0.3645786458841338 85 80 73 3.67
811 0.4589163930617884 -0.1696670682045413 -0.2759714685725503 57 53 36 4.89
812 0.4514582798672884 -0.1710989782371881 -0.2889805338540787 112 103 91 2.25
813 0.8181539084369737 -0.1621700583578284 -0.1723938749792093 50 45 33 4.98
814 0.669254307373733 -0.1606390830366648 -0.2030904145431971 104 91 70 2.56
815 0.5656578782509123 -0.1591449638773288 -0.237695660982538 86 80 67 2.07
816 0.2975832783706367 -0.1662612291761823 -0.3528593959676714 83 72 59 2.84
817 0.7637567719228672 -0.1563301720728469 -0.189724490508363 132 132 124 3.55
818 0.5631506503560374 -0.1436075799214234 -0.2420181443470335 46 41 25 2.6
819 0.6263506385246048 -0.1366243508620215 -0.2133156916444556 82 73 54 4.17
820 0.6271372911407774 -0.1372609614908031 -0.2173526358327531 66 53 36 2.65
821 0.8425200714524937 -0.1272074841427121 -0.1670843520109495 60 58 51 5.21
822 0.5519976915298576 -0.1145558711494068 -0.2437139962676589 91 86 72 4.16
823 0.5299441422974175 -0.1195213386016274 -0.2588874725719166 98 90 77 2.01
824 0.5226044391181199 -0.1190688252246935 -0.2598491460142032 85 76 62 2.19
825 0.5226044391181199 -0.1190688252246935 -0.2598491460142032 85 76 62 2.19
826 0.5149211153739924 -0.118470439432488 -0.2626704389863892 101 92 73 3.35
827 0.5149211153739924 -0.118470439432488 -0.2626704389863892 101 92 73 3.35
828 0.5174137759099869 -0.1191434516645717 -0.2619615120185366 84 76 61 2.14
829 0.5174137759099869 -0.1191434516645717 -0.2619615120185366 84 76 61 2.14
830 0.5089624167211161 -0.120019495657379 -0.266564479331781 159 152 138 1.89
831 0.4837271631706035 -0.1206708634355159 -0.2786531965236956 100 93 82 1.99
832 0.4851503211072694 -0.1185726626544105 -0.2778491820723872 63 58 46 1.92
833 0.7638808654158592 -0.1119068283412829 -0.1972547229232446 67 64 54 2.46
834 0.7579036962322593 -0.09476727569490485 -0.193645749101186 105 99 82 5.01
835 0.458609532238655 -0.1049923309633454 -0.2896681762045423 154 142 126 1.91
836 0.7867693753492754 -0.08668918002364891 -0.1740104087544645 35 34 26 4.58
837 0.7062606735399001 -0.09244966377174905 -0.1950633947613063 40 39 28 2.7
838 0.7220632542594773 -0.08611755834179281 -0.198547818216569 68 65 51 5.18
839 0.2643691688923564 -0.105766399141945 -0.3709354276973669 48 44 37 2.46
840 0.5753701861063961 -0.08158868155234768 -0.2452013473475239 49 46 34 2.83
841 0.4150866058880457 -0.07951948951444256 -0.3075206785296363 95 90 72 6.13
842 0.6087220193523861 -0.06914556124896774 -0.2262740041400635 123 118 111 3.06
843 0.5682440411845707 -0.07026395571580414 -0.2478775683431955 117 109 93 2.57
844 0.6190524235285315 -0.05886136189227566 -0.213587941732079 76 73 63 5.09
845 0.5110734258728515 -0.0669279852577027 -0.2710124455659744 115 103 92 2.37
846 0.5084622687096892 -0.06645608316344633 -0.2737827421404073 58 46 34 3.39
847 0.560989599978407 -0.06253300842485508 -0.2518411393909374 96 88 74 2.63
848 0.5214918187613643 -0.06367333210394711 -0.2667913005723503 83 75 59 2.52
849 0.5008477328642744 -0.06431290103498545 -0.2747963408408993 89 81 67 2.32
850 0.4666282765677715 -0.06540515441713525 -0.2881072584526418 145 138 125 2.24
851 0.3805378374679087 -0.07004650031931105 -0.3254071031898911 95 81 63 2.17
852 0.6248671403064416 -0.03924012528895618 -0.2304986336020705 84 76 59 5.13
853 0.7138601649757553 -0.3514473405999728 -0.1793674630098614 114 114 108 3.87
854 0.6217851452206461 -0.3429617293914108 -0.211577875189263 246 251 246 4.47
855 0.7151770371691449 -0.3460995724455668 -0.1736490776410002 144 144 137 5.29
856 0.7387059485312785 -0.3512326454231888 -0.1752633942336215 149 141 121 2.7
857 0.6183879551893007 -0.3387795909536804 -0.2165911929174136 206 208 207 3.99
858 0.737069091692809 -0.343237014041621 -0.1717572523591639 182 178 173 4.71
859 0.4106100065931101 -0.3131047418199078 -0.2894829671384955 92 90 82 5.42
860 0.6137412636656701 -0.3199822196946877 -0.2020612411805818 112 120 111 4.81
861 0.7130865475927696 -0.3212085675627449 -0.1801627671232382 165 162 149 5.11
862 0.4173954564394242 -0.2984080520370461 -0.2861274133751319 115 110 102 4.78
863 0.4184091256615485 -0.2987086692935002 -0.2866595668257794 108 107 101 4.7
864 0.6820002342715475 -0.3140371514820738 -0.186827873575822 126 132 135 1.01
865 0.678327772467595 -0.3135627718128522 -0.1889686175122502 96 102 107 1.31
866 0.7065556843091877 -0.3124475650846811 -0.1852192530416386 147 145 134 4.16
867 0.7337395226958464 -0.3128834484252762 -0.1776449280553731 172 166 152 4.35
868 0.6918838991156163 -0.2948032518484021 -0.1612786789058878 113 104 87 4.62
869 0.7517016813867295 -0.3071816587017443 -0.1773174100199051 202 203 198 4.38
870 0.5976019336946558 -0.2953247004684975 -0.2173844260962963 91 101 84 1.74
871 0.5933070515816168 -0.2933560664187556 -0.222778172778471 98 103 92 4.02
872 0.4090616128299613 -0.2849093741688142 -0.2937344532696931 96 94 83 4.32
873 0.4145980613372904 -0.2890191163340606 -0.2981202886751013 87 82 68 4.02
874 0.4320107712176546 -0.2863361624438536 -0.2802361582485473 110 110 100 4.63
875 0.6051057474262331 -0.2843990457982716 -0.1975994495957354 93 96 83 2.56
876 0.5625258829633812 -0.2868628577072178 -0.2243817850399854 105 104 98 1.98
877 0.6573256011787165 -0.2775709739469743 -0.1751091751778402 159 148 130 4.78
878 0.4119767827705628 -0.2778043449361984 -0.2890154306613406 144 138 124 4.85
879 0.4356003574841634 -0.2774058356545124 -0.2811812071097994 124 122 110 4.99
880 0.6037519067122391 -0.2779315647041691 -0.2094416087734086 88 81 68 3.75
881 0.7919654428186823 -0.2899862502821556 -0.1558130912428135 71 69 62 3.73
882 0.6561393149669282 -0.2668447681761869 -0.1863305341050798 86 88 85 4.27
883 0.789180974847928 -0.2832068883996197 -0.1718298687935951 122 122 109 3.47
884 0.4849172492125572 -0.2633723835896552 -0.2618380348354119 120 120 109 4.08
885 0.6007812303941765 -0.2608874126997891 -0.204839474607607 93 90 77 4.37
886 0.5085509462853555 -0.2617189517295995 -0.2473364130072675 142 135 114 4.59
887 0.5292248720161868 -0.2618749381582987 -0.2400847225926477 118 118 104 4.76
888 0.5352198619524507 -0.2621813754733207 -0.2416996359261392 146 145 133 4.02
889 0.5421445005552044 -0.2603190722465956 -0.2406047357432826 133 128 119 4.12
890 0.4841164810491405 -0.2558709795200456 -0.2571496925915719 114 107 86 4.66
891 0.5075654200233842 -0.2555544996238749 -0.25229268773532 132 125 116 4.7
892 0.5308204521520233 -0.2556791440800351 -0.2400406214649149 110 106 92 4.08
893 0.5290640863684446 -0.2566301975922762 -0.2434030723952716 138 139 128 4.16
894 0.5056728129809958 -0.2552158010751603 -0.2522043492796326 173 167 154 5.03
895 0.5057956700342758 -0.2577256418025425 -0.2556012754200303 81 75 66 3.66
896 0.5483289382254934 -0.2537193523035143 -0.2334460002761829 64 68 65 3.09
897 0.4486821862780563 -0.2453991954725525 -0.2816048083635541 130 121 104 4.19
898 0.5357900586103639 -0.2450296927341733 -0.2432421468901425 112 109 98 2.01
899 0.4808387583999425 -0.2384331207288107 -0.267878328628566 113 112 104 4.04
900 0.5376086471711758 -0.23735475620213 -0.2412653931257862 78 82 76 4.47
901 0.5460550551025165 -0.2411555929901217 -0.2482528076261041 96 95 90 2.7
902 0.2518221117331565 -0.2354080952709561 -0.3647078022369965 137 127 117 5.17
903 0.6451524591975247 -0.2337962598857263 -0.191824396834966 83 84 84 4.01
904 0.5384766711576181 -0.2352587483611151 -0.2436030506768716 124 120 105 2.87
905 0.5309704108382935 -0.2281724868647332 -0.245129459858286 120 116 98 4.32
906 0.5335537454972854 -0.2314838896669788 -0.2482708485131337 119 114 92 2.47
907 0.3816894483122975 -0.2278943081893222 -0.3086470384437339 98 90 77 4.11
908 0.5550156627645374 -0.2271468152059393 -0.2350285751801915 95 88 68 4.24
909 0.4131029173598217 -0.2273284848364774 -0.2949936307375076 101 90 79 4.32
910 0.351983709882986 -0.2288019801353672 -0.3243969343739894 129 125 114 3.78
911 0.5036070275447804 -0.2213740208020999 -0.240835031220644 96 90 76 5.1
912 0.4546574542869892 -0.2260868709779728 -0.2800467331798229 91 81 69 3.92
913 0.2965461625208043 -0.2215939363798445 -0.3387256054962662 90 88 81 5.48
914 0.5674415977579386 -0.2151584337701761 -0.2355458279614293 96 85 68 3.66
915 0.5634290008202588 -0.2032722212142203 -0.2382448498385319 75 73 62 2.53
916 0.7590644742524436 -0.200120638555524 -0.1769278924405122 71 69 59 5.28
917 0.5161855235438184 -0.1866958531906265 -0.257949003210816 97 96 83 2.29
918 0.2595314995231197 -0.1905964839714785 -0.3641524247539536 103 98 89 3.9
919 0.6283140950244003 -0.1802660220859801 -0.206219911434095 93 88 75 3.83
920 0.5338461452664635 -0.181950409932138 -0.2463380927508292 73 69 60 5.54
921 0.4620472477208808 -0.1831425355224648 -0.2775657110239147 117 108 90 4.22
922 0.4015629071972892 -0.1841440708426479 -0.3040770546661637 94 91 76 5.46
923 0.3687465550597605 -0.1853553460341423 -0.3181198470615607 146 138 119 2.8
924 0.6307270720677177 -0.1750185210990728 -0.2038640894279986 74 69 56 5.01
925 0.4776865816815725 -0.1795734803857206 -0.2758628867999555 122 111 94 2.67
926 0.5339483734924722 -0.1771402507814244 -0.250765424266655 91 83 66 2.22
927 0.7645810301446622 -0.1754289031965389 -0.1798391770084844 74 73 66 4.45
928 0.4575485477655058 -0.173424479494879 -0.2808277945875512 104 99 84 4.54
929 0.4352110199300063 -0.1740224936101893 -0.2896318488871383 115 108 91 4.41
930 0.4331230072297775 -0.1762697046644992 -0.2954636308430827 102 94 78 2.37
931 0.8041616375753254 -0.1678585403871101 -0.164969815622376 71 70 64 1.27
932 0.5995880123189796 -0.1563936734145129 -0.2242065040204002 85 77 68 5.37
933 0.5986313594988292 -0.1567450911678932 -0.2239614014530937 90 82 74 5.51
934 0.6110498538457776 -0.1508834084193931 -0.2120583434245531 49 43 34 5.36
935 0.7116223703332939 -0.1473276426570425 -0.2055672128519259 79 69 47 2.94
936 0.8158465555455924 -0.1354249790652145 -0.1741107889286948 77 75 67 5.21
937 0.6656343020448551 -0.1368993579373708 -0.212707645602638 94 82 65 2.8
938 0.6512968951463428 -0.1321582722309194 -0.2082672912880987 71 65 50 4.71
939 0.6470943334265685 -0.1346154091758091 -0.2166403299077002 75 65 51 4.6
940 0.6277013466623476 -0.1367506633792503 -0.2237905094779098 98 88 72 2.4
941 0.4246595022993293 -0.1321158745549645 -0.3003071998731031 94 89 82 4.67
942 0.361755899564176 -0.1274684520761116 -0.3120152499742244 73 66 50 6.33
943 0.368077472321045 -0.1328255159064565 -0.3221773221082598 112 104 91 2.18
944 0.4600998198613174 -0.1215385497325936 -0.2757539894715506 99 94 81 5.94
945 0.416677300952186 -0.1280932271367291 -0.3046746495556416 101 92 76 2.82
946 0.8143247870405742 -0.1152753213285563 -0.1760002300267325 58 55 45 4.08
947 0.4145249487025062 -0.1283341627370084 -0.3079624669690759 93 84 68 3.08
948 0.4658416415463673 -0.1198042267624917 -0.2782658644986686 68 62 48 4.8
949 0.6600438570012965 -0.1115474870588875 -0.2102496289200273 58 52 41 3.03
950 0.5978687429032998 -0.116455615857726 -0.2395116901701988 49 44 37 2.45
951 0.6783059221310884 -0.1130361901623521 -0.2103117203968976 78 72 64 1.9
952 0.7179972351659109 -0.09067708875901302 -0.1973811962628962 65 64 56 5.83
953 0.7129075376768749 -0.09185166345394126 -0.2056136615353066 100 96 85 3.66
954 0.7140704504120273 -0.08825687153418608 -0.1989085657221616 46 45 39 4.67
955 0.7071394512197992 -0.09276135671586998 -0.2101133064815306 84 76 61 3.68
956 0.5582747679036356 -0.07957037703564669 -0.246282647784094 63 59 46 3.86
957 0.600318253859022 -0.07296907622932293 -0.2233185219423073 103 100 90 2.41
958 0.4599373147863866 -0.08012775195018666 -0.2866768545062561 66 61 40 5.28
959 0.6646056516490618 -0.06775479465338412 -0.2146625126110795 96 94 86 3.72
960 0.6038644022174272 -0.06810070513659174 -0.2273146061580944 98 95 90 3.99
961 0.552891942588112 -0.06648390596533253 -0.2489309211173065 96 90 72 4.71
962 0.4812313435844524 -0.07006534003818536 -0.2744722696690294 91 89 77 6.36
963 0.3605694565359302 -0.08134789535604665 -0.3294548704758533 92 86 76 2.06
964 0.413956303871112 -0.07577735479775154 -0.3107487206062942 151 141 120 3.0
965 0.5559811166837595 -0.06574383590546319 -0.2576703982523048 57 51 36 2.8
966 0.5126219148093192 -0.06176024607401799 -0.2652998673563849 54 44 28 4.77
967 0.5530364972664137 -0.05878240401710273 -0.2504084474738051 90 86 75 3.76
968 0.7315145295388975 -0.04785313327115091 -0.2010358809634549 63 56 42 3.41
969 0.4827870022467583 -0.06498005488921089 -0.2840558601061856 87 80 71 1.81
970 0.4604441938478233 -0.06146593219722389 -0.2878712810440043 106 103 89 5.98
971 0.4625620519249311 -0.06552187792785279 -0.2897743759832849 133 125 111 2.23
972 0.6158551809542084 -0.03953638312520756 -0.23270702825073 58 52 37 4.17
973 0.5980298381859481 -0.03141162231333479 -0.2360429090721916 73 64 47 2.64
974 0.6833143555970528 -0.3523182142497238 -0.1810290699851287 175 172 164 3.0
975 0.6946843523739862 -0.3462974670749144 -0.174777150671235 137 123 105 4.07
976 0.4258962044000361 -0.3066950801900099 -0.2788116817939346 118 122 117 4.35
977 0.7253848410367588 -0.3253062955130692 -0.1804708371550783 168 165 147 4.25
978 0.4909866430695039 -0.3043353498617424 -0.2627084179420671 141 146 150 3.86
979 0.4174279536402985 -0.295764301155981 -0.2755304755065202 127 138 128 4.06
980 0.3698933821158141 -0.286076361536782 -0.2853144766647628 139 136 130 4.34
981 0.3698933821158141 -0.286076361536782 -0.2853144766647628 139 136 130 4.34
982 0.8100983892146613 -0.317614186770762 -0.1593812301669952 129 132 116 4.49
983 0.6716173039137251 -0.2958979720769608 -0.1811644130014136 156 149 136 3.79
984 0.3921659411179839 -0.2779061965088454 -0.2949897146128864 155 151 139 4.85
985 0.407862846389484 -0.2791188167122421 -0.2890442957855561 130 125 111 5.1
986 0.4292133660960614 -0.2789174508629551 -0.2784284286450247 138 140 124 4.51
987 0.4319245977229705 -0.2822603213640093 -0.281953168450463 139 139 119 3.08
988 0.422441507432299 -0.2685954318231184 -0.2777960655694101 131 132 122 4.79
989 0.5941634623803516 -0.270420628662476 -0.218136165593853 90 86 78 4.39
990 0.5025156875795093 -0.265885866180593 -0.2436212953178554 96 92 81 4.44
991 0.8322365117096445 -0.2869062753231245 -0.1605188993749862 79 72 63 4.61
992 0.8648582538521491 -0.2858565218780468 -0.1530476636710938 209 210 204 5.27
993 0.4460573168630314 -0.2624734607933275 -0.2781298721102958 114 120 112 5.02
994 0.6075733161628553 -0.2559740122272389 -0.214734399913171 84 75 60 4.37
995 0.6412621126749418 -0.2567598889599269 -0.2035879922467798 92 88 78 4.44
996 0.4701543798333915 -0.2520318447223058 -0.2685248971323941 153 152 149 4.61
997 0.8580120587516845 -0.2682848080549239 -0.1483012570713667 195 193 191 4.33
998 0.7845835019581172 -0.2585271594437152 -0.1625074409382952 102 96 82 3.43
999 0.4488273295132736 -0.235937341741813 -0.2788950069699669 177 171 157 4.5
1000 0.5496593663787075 -0.2363717994537428 -0.236324137566597 96 93 85 4.28
1001 0.3184133381776676 -0.2343267906247772 -0.3381005995076576 122 109 97 4.03
1002 0.3234323425318009 -0.2341723517690925 -0.3359408637933505 130 118 107 4.03
1003 0.3596643668868454 -0.2315500718278589 -0.3171397716029507 87 81 72 4.71
1004 0.6676586789618927 -0.2320743667447969 -0.1963757964667743 92 82 63 4.47
1005 0.2767955362630122 -0.226765065517852 -0.33176079967117 91 84 75 4.19
1006 0.5217302212243068 -0.2206101627781281 -0.2349805320109195 76 73 55 4.08
1007 0.4044545194316299 -0.2211768077352823 -0.2991189305898634 76 77 70 5.04
1008 0.2714416433521079 -0.2065628371518445 -0.3473446035721157 136 130 116 5.65
1009 0.5146607788307527 -0.1903291134967163 -0.2617237470904568 89 80 68 1.92
1010 0.4692149538700495 -0.1856161795498197 -0.2759149856601513 115 112 103 3.97
1011 0.2334978283026242 -0.159020845260031 -0.2666640207363304 63 63 52 4.2
1012 0.5543767966800358 -0.1777389205799262 -0.2423767633544411 116 112 92 3.86
1013 0.2605159762094925 -0.1844064917878315 -0.3645371833606184 73 71 62 3.78
1014 0.4438510511781935 -0.1767229714421694 -0.2864066790122299 111 106 94 4.14
1015 0.6329088977745726 -0.171862105353526 -0.2125662593852042 129 124 117 2.81
1016 0.7075990219820508 -0.1629134111286925 -0.1922519864312269 106 98 77 4.78
1017 0.6695016963902966 -0.1572753622377747 -0.2138449984596535 76 71 64 4.89
1018 0.252545632919115 -0.1664902244739597 -0.3701043305582792 78 70 58 3.21
1019 0.2728911781781667 -0.1662492360171476 -0.3631898417891699 78 67 53 3.0
1020 0.5651719052133479 -0.1458728700615382 -0.2414631027624425 56 52 40 3.95
1021 0.5263838970478424 -0.1292364795143638 -0.2557895697093395 88 84 76 4.32
1022 0.3928288513353489 -0.1258752919313402 -0.3125881273148114 66 61 50 5.96
1023 0.3899286505514801 -0.1284450088777616 -0.3151755324265486 81 74 62 2.19
1024 0.3655226493393938 -0.1268429339084728 -0.3228153040717487 40 36 28 4.59
1025 0.7638990504895978 -0.101664140999298 -0.1842565823148359 60 60 50 5.16
1026 0.5582195904750002 -0.1074946010384128 -0.2501904558511714 101 97 84 4.73
1027 0.4582677721086346 -0.1121479079847064 -0.2891335653053753 79 71 59 2.82
1028 0.5584419295944671 -0.08726789674969514 -0.2452437503406262 71 67 54 3.97
1029 0.3701665177560701 -0.09888529628863869 -0.3265335524133033 139 132 121 1.68
1030 0.5620814399407222 -0.08677225030452 -0.2505377837647824 77 72 62 2.92
1031 0.7645280463066045 -0.07373428463460267 -0.1912020317675289 68 66 58 4.95
1032 0.7287867407697911 -0.07216342926841136 -0.1974461442602231 63 59 45 3.61
1033 0.6312199619990547 -0.0640837527928345 -0.2100357566333859 83 85 79 4.3
1034 0.6272284911460898 -0.06646766653473767 -0.2191673946452564 88 87 85 5.03
1035 0.5860723126583062 -0.06625348221009057 -0.2364801174078455 81 80 70 4.28
1036 0.5718092372808318 -0.07047907909317501 -0.2466523250282573 108 104 94 4.56
1037 0.5675325759013752 -0.07158709581065038 -0.2506706350876666 137 131 115 2.9
1038 0.4483179951945656 -0.07758259701484861 -0.3006038575190815 25 20 18 2.87
1039 0.6649138456395949 -0.06152153756777608 -0.2177729255829188 64 60 51 3.61
1040 0.3808115987549321 -0.07071047729360898 -0.3227199092471906 78 69 56 5.19
1041 0.6116508218981516 -0.05367353545809478 -0.2073141526273345 55 60 58 4.94
1042 0.5079796929616595 -0.05646177942451765 -0.2674043772806587 58 50 38 5.12
1043 0.5604434217844957 -0.05123948780700566 -0.2489204221008867 61 58 46 4.46
1044 0.7292019738831209 -0.04093632699561515 -0.2022021200780995 68 60 43 5.15
1045 0.7573265913014416 -0.03541044247817299 -0.1980729550307534 84 74 55 5.45
1046 0.6174298892539997 -0.34272099186211 -0.2147150765374479 151 145 137 4.21
1047 0.5111776107612012 -0.3293146443667067 -0.2498786829331243 144 149 153 4.62
1048 0.8107354213236727 -0.3346212025573185 -0.1629297172197652 200 209 210 5.1
1049 0.8093725022289168 -0.3335983558499107 -0.1620833128393506 202 209 211 4.88
1050 0.809469069343525 -0.3312844524395269 -0.1680222175381842 241 249 248 3.96
1051 0.4022795098622592 -0.2955740237250206 -0.2960318223280058 135 144 137 4.25
1052 0.579007455156208 -0.2719366574861808 -0.2178911002082136 104 104 94 3.95
1053 0.6571368364524163 -0.2740906742983342 -0.1968636244324007 85 89 86 3.54
1054 0.6289734669901422 -0.2650967748131502 -0.194434436665859 68 67 58 3.72
1055 0.6153786540025855 -0.261043063416649 -0.1844934029499465 61 60 52 3.96
1056 0.8545313895280172 -0.2753242872073848 -0.1482924244598554 247 247 245 1.43
1057 0.642452991390648 -0.2503420201098707 -0.2030261672187197 96 92 79 5.47
1058 0.6660481119610858 -0.2330565799285172 -0.1745398982300397 132 127 116 5.46
1059 0.6691060407432213 -0.2277026693291963 -0.1977363655112694 92 84 66 4.27
1060 0.7825260630669205 -0.2300954498965299 -0.1770903310307412 63 61 53 4.7
1061 0.5648205234002217 -0.1984273040324677 -0.2932467193445998 73 72 63 4.55
1062 0.3856388776391606 -0.1761516645082111 -0.3041800519752822 84 76 60 5.82
1063 0.6124305258619493 -0.1672749208127985 -0.202379985335144 70 64 56 4.11
1064 0.3727867174051838 -0.1677146684304938 -0.3056810410828643 78 75 63 6.51
1065 0.4118496009881003 -0.1726296150937235 -0.2980628896195903 89 81 68 5.55
1066 0.561483354771991 -0.1560142298643523 -0.2215338536054612 55 54 47 3.81
1067 0.2827497453950741 -0.1688497587616671 -0.3571111207396855 73 66 58 2.74
1068 0.2477843247897867 -0.1686089465521738 -0.3700232296887258 70 65 57 4.3
1069 0.7614380240056425 -0.1341090131009257 -0.1873588665464985 73 68 57 3.37
1070 0.5137288132625548 -0.1294740195652161 -0.2666282847725798 86 77 65 2.95
1071 0.5137288132625548 -0.1294740195652161 -0.2666282847725798 86 77 65 2.95
1072 0.7498195733874286 -0.1154193251100438 -0.1878083543156626 73 70 58 3.17
1073 0.3959133889327036 -0.1223754498837495 -0.3143765882734246 56 51 40 5.92
1074 0.4899374823377252 -0.1124345929413713 -0.2696340693048935 55 53 46 5.64
1075 0.3509566123801555 -0.09043538829951066 -0.3324490206414255 76 69 61 1.71
1076 0.5920522844341766 -0.07412312100256875 -0.2384194075006334 102 97 89 5.28
1077 0.4302343174516853 -0.06007470110418368 -0.3053710294758432 75 71 54 5.94
1078 0.4032368763653815 -0.06106708187528571 -0.3166004421143063 80 74 59 5.84
1079 0.6235431838276126 -0.03819462989799707 -0.2316997881538423 54 48 35 4.48
1080 0.3642893221353964 -0.2881755988227236 -0.2774483349507448 149 146 142 4.72
1081 0.6464392183418872 -0.2590582884428418 -0.1952214002709383 67 69 62 1.4
1082 0.6942239829154934 -0.2172547577542965 -0.09285707326432657 87 82 68 3.6
1083 0.7339585600525388 -0.2439634409773449 -0.1828327632136519 72 73 69 5.18
1084 0.5436121715490603 -0.1866932923925869 -0.2565209103795656 63 62 58 3.1
1085 0.4737891556549073 -0.1837174347360385 -0.2249352579791593 69 60 45 5.45
1086 0.5428955766451947 -0.1851701001100744 -0.2374245413975968 70 71 62 6.28
1087 0.7005079121902255 -0.180135619514716 -0.1922179817358429 112 104 76 3.07
1088 0.3651206982474466 -0.1794312154492189 -0.3186406222690121 51 49 40 5.44
1089 0.775336486715496 -0.1589627226103799 -0.1764238879821616 45 39 28 5.6
1090 0.4193323755674669 -0.1159217303089442 -0.3027158880904648 31 30 24 6.02
1091 0.7769280054239084 -0.08204011745341126 -0.1731114528678241 72 73 68 3.3
1092 0.5060848001958849 -0.06736097513991553 -0.263585037020003 65 61 45 6.17
1093 0.6097604789273904 -0.2731637792780309 -0.2141642186072881 113 109 100 3.23
1094 0.6008814596089442 -0.2674314907224394 -0.2061327351203446 82 82 75 5.97
1095 0.5321779010847149 -0.2676086624842124 -0.241575394936157 183 177 167 4.7
1096 0.5321779010847149 -0.2676086624842124 -0.241575394936157 183 177 167 4.7
1097 0.5818546758348231 -0.1975603818495306 -0.2177975393267035 78 72 56 5.24
1098 0.7647008382917261 -0.1632489293940377 -0.1909266681103277 122 119 109 5.62
1099 0.5949716725559013 -0.1574713196960355 -0.2247843995331937 119 108 95 4.77
1100 0.5274001479679953 -0.2851516221281777 -0.2500298129855951 120 114 100 3.94
1101 0.2545504945605455 -0.2422369663164685 -0.3595049318896595 65 63 52 5.06
1102 0.5714887772321193 -0.1603733673008144 -0.2401552080703278 91 84 71 2.86
1103 0.5813581886844554 -0.1359420375123545 -0.2259774733550584 78 69 52 5.41
1104 0.5804988231580455 -0.1368905755967326 -0.2257552817197277 71 64 51 5.66
1105 0.2049820652803036 -0.1360163222007537 -0.4018852076369843 152 144 128 1.66
1106 0.7228444749052957 -0.08544249465223734 -0.1980561110312311 69 66 52 5.3
1107 0.7600559074054015 -0.2225137692698729 -0.1643197308574931 55 48 35 5.36
1108 0.7259262388301738 -0.2561621244602864 -0.1722433052783143 56 47 33 5.89
1109 0.7737076807392832 -0.3108365214417964 -0.1766151940921545 235 239 241 5.51
1110 0.7471204637442178 -0.3013682101067485 -0.1581663548479317 234 238 240 6.44
1111 0.7625829189220449 -0.1944062961600339 -0.1911439787209868 115 105 75 4.35
1112 0.4517860131309382 -0.178231506716138 -0.2828318874748321 100 96 83 3.78
1113 0.6706145523126775 -0.07857357948946765 -0.2111215816192771 91 87 73 5.86
1114 0.5696413067745731 -0.2154652298029432 -0.2366431338763131 105 96 84 1.9
1115 0.3675440594966852 -0.1232798115750982 -0.3202635029101191 78 73 67 4.99
1116 0.4603258796077586 -0.122513982281306 -0.2873627688908069 111 104 90 2.9
1117 0.4342121667278002 -0.3076091003369878 -0.2844823692496978 202 197 190 2.49
1118 0.5176744498162226 -0.3128307222084541 -0.2456381318214242 147 148 148 4.31
1119 0.3920724253208497 -0.2694723020208762 -0.3031200943847026 174 166 147 3.9
1120 0.8214203750364116 -0.3364437818536915 -0.169048066509494 129 129 129 2.51
1121 0.8214203750364116 -0.3364437818536915 -0.169048066509494 129 129 129 2.51
1122 0.5594995222897468 -0.1670663028658932 -0.240400345180025 80 76 62 3.99
1123 0.8189238729578286 -0.3519363490126297 -0.1668533671004122 140 148 141 2.38
1124 0.5225887631858227 -0.2536387226995421 -0.2504074142460482 84 80 78 3.53
1125 0.2788195330699891 -0.08114054697146329 -0.3668241616709504 45 44 45 0.77
1126 0.7133790062080946 -0.3434947835827587 -0.1622926916490999 136 137 127 4.28
1127 0.7114246552634463 -0.3310970162309883 -0.1694101797304941 150 147 134 4.28
1128 0.7305032190498432 -0.3026482904714197 -0.1710094435780072 133 124 112 4.62
1129 0.5601902520348735 -0.2675850723622811 -0.2152052035633416 101 107 97 4.23
1130 0.6228058992064811 -0.2646945810329231 -0.1887021169758718 75 74 69 4.17
1131 0.6228058992064811 -0.2646945810329231 -0.1887021169758718 75 74 69 4.17
1132 0.7525750705843942 -0.256178731449799 -0.1653172248769239 117 121 113 4.38
1133 0.5000036161281147 -0.2477251600409765 -0.232185620250521 92 82 62 2.85
1134 0.8231813031016252 -0.2445640905308868 -0.1463477615401132 76 74 65 4.44
1135 0.6533373112748105 -0.2360258297676615 -0.1834348944545483 112 107 95 4.4
1136 0.5963478634731439 -0.2353716472198965 -0.2170413806294589 99 88 66 4.1
1137 0.5917659205822257 -0.2318855569963458 -0.2153407703642825 132 125 108 2.43
1138 0.5612497891898619 -0.2154285580119163 -0.2347650560824011 53 51 39 4.24
1139 0.4587092812613121 -0.1729872791587671 -0.2580970694383331 105 98 81 3.58
1140 0.5288664767630898 -0.1709137689028344 -0.2460613195015606 99 92 71 2.45
1141 0.8081413913312451 -0.1559433578954095 -0.1680549403346268 56 55 46 4.37
1142 0.6270389163787161 -0.1471126049077384 -0.2005041402687988 82 76 66 3.19
1143 0.5823700666507742 -0.1409781221681223 -0.2270152986006351 84 74 59 4.18
1144 0.5998236348031902 -0.1397873534576375 -0.220238871711752 91 76 53 4.08
1145 0.5625589339735173 -0.1368865942345664 -0.2443323853121455 75 66 53 4.54
1146 0.6234646985150546 -0.1015363780342532 -0.2230689959240655 90 93 91 4.1
1147 0.6738303890676672 -0.09497295840877028 -0.2041819663631315 92 87 74 4.26
1148 0.5927545950149239 -0.08417409662888357 -0.2351212871563622 52 54 51 4.19
1149 0.5713930275339647 -0.06805677166207501 -0.2421792558182749 58 57 51 4.13
1150 0.3923036717296179 -0.07229744400207892 -0.313943774463739 96 87 70 5.3
1151 0.5301079467780286 -0.05650489690389664 -0.2497479355289181 94 88 76 3.83
1152 0.5000197510296147 -0.05618909977135587 -0.2623657154967156 67 57 48 4.11
1153 0.5689490704042433 -0.05560645735251658 -0.2419457767607416 66 60 47 1.54
1154 0.5934240947014761 -0.0499218570629486 -0.2151927908005997 49 48 39 3.76
1155 0.557654551131754 -0.04774071209510607 -0.2541959775883469 58 58 52 4.77
1156 0.5640146653329329 -0.04384135230633189 -0.2545457705941827 58 53 40 4.48
1157 0.6995783915701458 -0.3589031184043747 -0.164395430885516 225 228 228 4.37
1158 0.8112734551220443 -0.3250304213126425 -0.1579345064423032 132 135 123 4.46
1159 0.7325376157412989 -0.3110880150575177 -0.1796181949661093 137 129 112 4.0
1160 0.7315911080751293 -0.3101724720395713 -0.1787481989443302 138 129 111 3.78
1161 0.728808971611736 -0.3014300126630861 -0.1815757906755329 121 113 102 3.53
1162 0.7584847307412584 -0.2888479381214778 -0.1594619037466454 159 162 164 4.45
1163 0.7579196373224805 -0.288532670508593 -0.1595020235928264 169 172 173 3.9
1164 0.835095813304796 -0.2797499128307118 -0.1417701080246447 186 191 192 4.73
1165 0.6031390412483416 -0.2592453618576727 -0.1946390704424659 94 91 80 3.29
1166 0.6031390412483416 -0.2592453618576727 -0.1946390704424659 94 91 80 3.29
1167 0.7414844014274063 -0.2648490133095439 -0.161680442219742 123 121 114 4.13
1168 0.7884923869454831 -0.2692347068493849 -0.1565575299079205 84 77 62 4.57
1169 0.7736616088899432 -0.2691738324741641 -0.1640681928552667 116 120 118 4.33
1170 0.7605051221616962 -0.263083902158294 -0.1608373602813999 151 149 137 4.32
1171 0.8594527891158367 -0.2555779986926476 -0.1512878131240034 86 84 74 3.69
1172 0.848451010348085 -0.2420622326374677 -0.1380314645460858 163 155 144 3.71
1173 0.7970992438179952 -0.2291326924699734 -0.1537410398477688 73 74 64 4.46
1174 0.8030446382651201 -0.2203244136529451 -0.1334245691347382 40 38 33 3.3
1175 0.7297010081665326 -0.2070786264995063 -0.1609465704734521 49 43 33 3.75
1176 0.6541507895893143 -0.1690966640999663 -0.1750763568207432 96 86 64 3.01
1177 0.4524923012059193 -0.1695446011827897 -0.2622912546444127 82 75 61 3.52
1178 0.623391102842627 -0.1469394713513863 -0.1882238585200346 55 52 42 3.05
1179 0.6242669408917673 -0.1396433057026186 -0.2106073782341409 84 72 51 4.05
1180 0.8380780758214325 -0.1147440557137528 -0.1725764591114125 48 48 45 4.29
1181 0.6092064583681986 -0.1121300268370907 -0.2243387764794489 29 32 28 4.11
1182 0.7522902172033504 -0.1041413567876208 -0.1735754381509398 95 92 80 3.19
1183 0.6290480426923167 -0.09866857651235726 -0.2311901173011608 96 102 100 3.71
1184 0.5894459644786323 -0.07310079719279707 -0.2235822121865931 94 94 85 4.4
1185 0.5851944582780072 -0.06325764333472515 -0.2283879901785981 81 79 70 3.43
1186 0.6530843117371528 -0.0559262022990412 -0.1863081173041887 64 61 51 5.38
1187 0.6172179793366813 -0.04882507120129184 -0.2068877740705859 52 50 39 3.58
1188 0.593538184480049 -0.04673803032894103 -0.2193996802623746 32 30 21 3.66
1189 0.6243567315650851 -0.04767060589847487 -0.2194875342281828 50 47 39 4.92
1190 0.6596256904352008 -0.0444456185480844 -0.2027325016112664 75 67 48 3.62
1191 0.7032378212469451 -0.3299542243719266 -0.163314027578779 174 164 146 3.39
1192 0.6232036645344416 -0.320469124622476 -0.1934082204460494 203 215 214 4.34
1193 0.6807301800377327 -0.3140076733212431 -0.1760072509911683 134 137 132 4.3
1194 0.4070228673663173 -0.2989651130194949 -0.2608899811069574 80 78 72 4.98
1195 0.6326162687889638 -0.2868173287291708 -0.1954378541401269 148 162 152 3.28
1196 0.6287406677334455 -0.2841675829494049 -0.1907277461700452 158 170 155 3.81
1197 0.7516109644552281 -0.2773043950149264 -0.1526128686142201 132 130 126 3.32
1198 0.7486761380105896 -0.2773359261382395 -0.1505019227320552 137 130 122 2.91
1199 0.6135163988577409 -0.2728847393881558 -0.1924293693842174 72 70 68 4.18
1200 0.6631975339106062 -0.2703991889597577 -0.1755035480528371 85 84 75 4.6
1201 0.6671303427874392 -0.2741362653751689 -0.1805146080754234 86 82 71 4.07
1202 0.7407288043331793 -0.2694021840465099 -0.159564279012359 112 106 98 4.19
1203 0.8155650808119496 -0.2680227387652561 -0.138185659830371 106 95 81 4.61
1204 0.6568187246391919 -0.2549853848367165 -0.1677019132659747 94 97 92 3.71
1205 0.7282561943544447 -0.2543701301157264 -0.151280037225445 56 56 48 3.47
1206 0.8140449460713616 -0.2603631441253354 -0.1485168617272401 87 86 74 3.48
1207 0.7412319566643634 -0.2553663212998246 -0.1710482007774816 52 49 43 5.2
1208 0.6774565586574849 -0.2307933715176473 -0.1398083308442692 128 126 112 4.76
1209 0.8441616112454212 -0.2453211374988366 -0.1295223821271441 72 67 61 3.77
1210 0.5578713117967651 -0.2380230846621673 -0.2155829614576545 78 75 64 2.96
1211 0.8208100457925059 -0.239056930455007 -0.1505160796207876 86 82 68 4.86
1212 0.7431712134692282 -0.2335215760975515 -0.1637452132069577 145 144 136 4.36
1213 0.7819315253543812 -0.2468182339962762 -0.1871204735644956 124 124 114 2.37
1214 0.7481300478115976 -0.2324065207921772 -0.1713503351648153 144 139 130 5.05
1215 0.7193947717736232 -0.2064904224946054 -0.1608358298959065 57 52 38 3.58
1216 0.652451401621392 -0.1256145161677195 -0.208480492658397 65 62 56 3.75
1217 0.7173771065859912 -0.09998355247532249 -0.09920153514272512 32 31 23 5.21
1218 0.7701196603868624 -0.1109157916404229 -0.159206730468952 76 74 67 5.71
1219 0.6154649521868581 -0.113502781189084 -0.2187846016190711 34 36 34 4.51
1220 0.4645041627767187 -0.09930924080709151 -0.2785858915970409 71 73 65 3.92
1221 0.7404918062083951 -0.09470851818609609 -0.1320073169898264 88 85 75 5.24
1222 0.6647419171436951 -0.1033756845024856 -0.1942650761025615 80 76 66 3.92
1223 0.8303647293330682 -0.1036909736152276 -0.1622214300426161 62 61 56 4.82
1224 0.6711838466263437 -0.102450648642995 -0.2035725059000391 83 75 58 5.17
1225 0.5138510639343834 -0.08459939917165256 -0.232014833866125 15 17 15 6.46
1226 0.6284709148790355 -0.06990187343290878 -0.1873123914891361 43 44 41 6.16
1227 0.6344670522989463 -0.06486435659248259 -0.2083273060714239 55 53 44 4.55
1228 0.6239033206146768 -0.05190143145709182 -0.2105355331119985 46 45 38 4.26
1229 0.6698184840382603 -0.04427731215697908 -0.2103444081435084 44 38 27 4.94
1230 0.7055449580401695 -0.0293547821910949 -0.2310219974658039 64 62 52 2.78
1231 0.7536880827843709 -0.03924011714260177 -0.1996843456234305 42 38 30 4.58
1232 0.7291868934333131 -0.02957594416677262 -0.202542008265729 68 61 53 4.91
1233 0.6330918097465896 -0.3446608985906047 -0.2134534858835053 198 191 186 1.43
1234 0.7307265284992041 -0.3376018688548195 -0.1750927954695605 183 173 146 4.31
1235 0.6785457760464683 -0.3002884690887064 -0.1625522313151859 184 172 151 3.33
1236 0.6138955119862589 -0.2943934694778351 -0.1720933961138398 103 119 107 2.52
1237 0.395463526106428 -0.3080534257473208 -0.2849561557759526 105 105 98 3.76
1238 0.5233767061430977 -0.2884577091470529 -0.2442118253483916 142 142 138 5.1
1239 0.516710931582951 -0.2892375050144573 -0.2487151899746578 135 132 124 4.58
1240 0.7814269249767499 -0.2731077847330762 -0.1443158230136863 77 71 61 4.86
1241 0.6628799520964325 -0.2649786373376493 -0.1765840450014673 99 95 88 3.86
1242 0.5695922655846382 -0.2070386500206036 -0.01242122331382611 109 107 98 4.03
1243 0.8564046198606799 -0.2639126218098827 -0.1469487181623115 188 188 188 5.44
1244 0.6610357246523382 -0.2184983856555647 -0.1167315416378634 80 79 73 5.31
1245 0.7319925774071915 -0.2403846003038805 -0.1770140686565524 62 58 52 2.9
1246 0.5720764575665159 -0.2337049001900199 -0.240050973665918 69 65 54 0.99
1247 0.3733493048019839 -0.2244722490222623 -0.3020630797758332 84 79 62 3.9
1248 0.5328492752227182 -0.2158946658330029 -0.2421246680440317 87 85 75 4.79
1249 0.6975520363408568 -0.179592848429927 -0.1529947583576912 91 79 54 4.64
1250 0.6975520363408568 -0.179592848429927 -0.1529947583576912 91 79 54 4.64
1251 0.8226829820568921 -0.1488308167286884 -0.1598177707945838 27 26 26 4.76
1252 0.7941115261254174 -0.1497488010174472 -0.1822794057982144 67 63 53 2.33
1253 0.8055886074903621 -0.1035237374607767 -0.1304582241656687 33 32 29 4.3
1254 0.5087098186489559 -0.1078452112351656 -0.2493101895684333 32 30 24 3.5
1255 0.7737607164452279 -0.2902911126800281 -0.1264396159208336 96 94 90 5.89
1256 0.4052085554096833 -0.28457143846455 -0.2756598682839932 98 94 83 4.87
1257 0.7588639711904935 -0.2782978691628046 -0.1425789753761035 102 97 100 3.08
1258 0.6461816757736665 -0.2276903871342581 -0.1272023797986124 92 92 94 6.24
1259 0.7366435811892486 -0.1371294689238081 -0.1774103481817948 38 37 29 3.89
1260 0.6626953131487854 -0.130999909271036 -0.1870038862602346 81 73 57 4.26
1261 0.6821817235791104 -0.1203665277896576 -0.1764397707626755 101 90 71 5.26
1262 0.8140691908849994 -0.1007509203537149 -0.1673095441887755 23 21 18 3.04
1263 0.6404868533320641 -0.07350270228460949 -0.4339567481848858 63 65 58 3.82
1264 0.6194333939487533 -0.320655801968539 -0.188897483512908 200 208 210 5.47
1265 0.7608178286249033 -0.2978511611103942 -0.1065975339382461 122 134 135 6.12
1266 0.7404395158656621 -0.288005945532299 -0.089526852357114 144 148 143 3.55
1267 0.6357552795422862 -0.2040751954215843 -0.1955942257302301 86 75 56 3.86
1268 0.6530016094290245 -0.1824372075547785 -0.1860581633398555 92 79 62 4.2
1269 0.723697623444815 -0.119605386250736 -0.1058249434258267 29 31 26 5.5
1270 0.752767880503696 -0.08180640779352429 -0.08650828856008186 28 29 27 5.93
1271 0.6213248602235183 -0.06224597369822783 -0.2374380394056683 80 79 76 3.88
1272 0.639420033096642 -0.0515315697151856 -0.2130713490497349 36 40 39 4.16
1273 0.7386341779093094 -0.3302012879748343 -0.1751638932184236 135 136 129 5.18
1274 0.3308577236022708 -0.06525470436268373 -0.1881250136166897 134 124 116 3.64
1275 0.6570419020410817 -0.05035800376194767 -0.2173141329130455 33 33 30 3.86
1276 0.8086630599062251 -0.2784706562764894 -0.1266153044645575 45 44 44 4.91
1277 0.7924343566540065 -0.2513716921485697 -0.1424056537591853 55 55 52 6.37
1278 0.7248003160524251 -0.2888459524895805 -0.1652009623596036 54 56 55 3.64
