# Image list with two lines of data per image:
#   IMAGE_ID, QW, QX, QY, QZ, TX, TY, TZ, CAMERA_ID, NAME
#   POINTS2D[] as (X, Y, POINT3D_ID)
# Number of images: 176, mean observations per image: 941.057
281 0.992504228979387 -0.022519912359384758 0.11691163246382395 -0.02756593466641881 -0.29154352724973875 -0.004671187537460172 -0.03701804483504324 281 image_000281.jpg

420 0.9842213705266343 -0.08915226205073357 0.14324556639121153 -0.05329983935224029 -0.39632009532781054 -0.1496796656622877 -0.4848925564600764 420 image_000420.jpg

37 0.9970460852242514 -0.0729036302294974 -0.023938559939110912 -0.0033336951775855667 0.09099925304763816 -0.17152441730226925 -0.5316490126441824 37 image_000037.jpg

8 0.9939425565518536 -0.04209697902574569 0.09951266941131645 -0.02008140431406561 -0.27852532833853216 -0.02119280362453306 -0.08595789517479524 8 image_000008.jpg

264 0.9963246148942023 -0.06284065802300194 -0.04912503830257234 0.031225654314403904 0.14136869618583636 -0.2011586759962285 -0.685237223954415 264 image_000264.jpg

266 0.9774302270367943 -0.17506455930416343 -0.10833047064469382 0.04740309718870009 0.34100073868027014 -0.4432641492546632 -0.7812504491981664 266 image_000266.jpg

404 0.6707328647860717 0.09202747141867838 -0.15967322940092618 0.7184377441300566 0.15889312147493131 0.5073992077209928 -0.588770625952969 404 image_000404.jpg

32 0.9807029351269629 -0.03118518944251436 -0.18652501600746388 0.04957464478392686 0.34133260470744375 -0.1022837894459373 -0.4762875549365218 32 image_000032.jpg

421 0.9986349695816048 -0.05011989376350436 0.012509403491003546 -0.007727094719116814 -0.049137869657488634 -0.1286135231765031 -0.4762765810874719 421 image_000421.jpg

39 0.9823906767972392 -0.04008750272397735 -0.17962954967482428 0.032168109886535026 0.274626000475497 -0.10138094622540425 -0.4059146833942786 39 image_000039.jpg

295 0.9597031928634777 -0.1722887299456954 -0.20493386680584888 0.08537261506765752 0.6175128193921962 -0.39631469320039103 -0.6971567842890998 295 image_000295.jpg

425 0.9998648714922355 0.0007032058567541131 -0.002684933367710719 -0.016203069587249045 -0.011551475315897708 -0.022493922642506336 -0.1597502400373318 425 image_000425.jpg

325 0.9405713866054466 -0.06474342916592685 -0.3220540143584459 0.08611033154279842 0.6998936941516252 -0.10882595096554137 -0.3869249228258259 325 image_000325.jpg

72 0.996172199503132 -0.020359079363389137 -0.08495678477876062 -0.00296792676336734 0.21528335650522215 -0.09450411443284054 -0.4374371426431714 72 image_000072.jpg

329 0.9850904885439553 -0.03683800414609717 -0.16142367455602166 0.04671283219054516 0.35947626510237696 -0.10892526686236692 -0.48599641501669216 329 image_000329.jpg

340 0.9473702112415948 -0.12395488297650134 -0.25329871672394977 0.15154082474030675 0.5977215476396287 -0.1648998661943868 -0.5114275078821058 340 image_000340.jpg

90 0.9998680748592165 0.0006114277699538011 0.0008038763723566396 -0.016211340705651212 -0.012636869220455873 -0.022580837745879722 -0.15964755911322398 90 image_000090.jpg

350 0.9945507365885131 -0.01128224953850185 0.1014558557639048 -0.021171733179200517 -0.27853448650359663 0.017565462144374995 0.1550460651496916 350 image_000350.jpg

354 0.96222111952665 -0.07031160940603334 -0.2522655128071274 0.07449091268003766 0.5526335947587355 -0.13676032155671575 -0.46418307749783866 354 image_000354.jpg

487 0.9987107982796023 -0.05050883419921632 -0.001515697817254167 -0.004826749274832816 -0.09456249709930581 -0.11967532944024095 -0.4777360763378043 487 image_000487.jpg

506 0.9987597044623638 -0.017995853354146465 -0.04618279391091559 0.004728196482737245 0.030737710578340575 -0.06840517621228011 -0.3357431175428056 506 image_000506.jpg

386 0.9998679739940146 0.010888849243303593 -0.011812353381996201 -0.0024375155323306803 -0.014468657913501345 0.002097004901765724 -0.04608653835390622 386 image_000386.jpg

343 0.9969162418303846 -0.048447648353352184 0.061333257341189336 -0.007004888946126922 -0.2045251651871991 -0.11188108765103995 -0.5037988991438371 343 image_000343.jpg

382 0.9937691599916543 -0.08456932478494718 -0.07111234565132069 0.014626151408841968 0.17366010054998943 -0.1976638096615883 -0.5666565712649564 382 image_000382.jpg

258 0.9935968255017228 -0.013896658157455206 -0.11046706293269994 0.01921599471799483 0.21462329825900592 -0.08397023731872405 -0.446116502576808 258 image_000258.jpg

452 0.9005621277681715 -0.16009429205498937 -0.3993818168925044 0.062063101115505365 0.9265030912299329 -0.3445536133585128 -0.40773982743959086 452 image_000452.jpg

522 0.9040904395828314 -0.08958819194862937 -0.4064745649453806 0.09681361820118768 0.954834054343183 -0.16207355500667264 -0.3866067022818904 522 image_000522.jpg

361 0.9593657088122404 -0.09550242594870964 -0.25725110964528997 0.06571592032329251 0.5367155859020938 -0.20506983215735425 -0.5346192462215744 361 image_000361.jpg

461 0.9990453607432916 -0.033770961433919236 -0.027083540076919134 -0.005862312610102352 0.06556966563813743 -0.04781441659587858 -0.21275227069412594 461 image_000461.jpg

303 0.9974738759386539 -0.06565058003029071 -0.02690167526815468 0.0034879797530440043 0.17293867057650197 -0.22971384411130902 -0.7501787559024476 303 image_000303.jpg

342 0.9949131371635448 -0.0389652419565142 -0.09012792803931453 0.022505892052319208 0.13904492490402792 -0.11641631001271878 -0.4694285431512594 342 image_000342.jpg

25 0.9593550258030609 -0.09553595610832064 -0.2572652344655588 0.06576784433017714 0.5367642503645977 -0.20508808734952988 -0.5345376548703488 25 image_000025.jpg

154 0.9465226729101037 -0.011015236358737537 -0.3180287425163468 0.05320909662099694 0.5894547922548364 -0.05778630176511616 -0.32572712726488723 154 image_000154.jpg

485 0.9979566442548736 -0.037339827992244924 0.0434823468246478 -0.02824117933480757 -0.14295518264969403 -0.04051019666560658 -0.21988439378128058 485 image_000485.jpg

293 0.9534586968328415 -0.06162376089312254 -0.2894878248474519 0.05758329624666988 0.5621030863023098 -0.10235240608284829 -0.33470020716779647 293 image_000293.jpg

71 0.9705753767533208 -0.08831693733354783 -0.2197571587597417 0.0434781764189096 0.5228748466186085 -0.2332483098803601 -0.6195706088311327 71 image_000071.jpg

523 0.9700794415133339 -0.0565875768068012 -0.23401798949359812 -0.031293767276016723 0.29881897914005323 -0.13281945983184199 -0.3156620256992393 523 image_000523.jpg

460 0.9971515323855986 -0.009278699990213485 -0.07433730772055744 0.008758164382016122 0.11649115700730037 -0.06729403317570853 -0.37389794284092776 460 image_000460.jpg

179 0.9463920492332263 -0.026668462224162904 -0.3116465470896775 0.080667802564153 0.626065082238314 -0.07260897463696271 -0.40867057810684504 179 image_000179.jpg

309 0.9446749270235966 -0.03413341278810194 -0.31758029879086774 0.07461207421146389 0.6131567971858517 -0.0645755543601181 -0.3403692141024635 309 image_000309.jpg

375 0.9423811014958199 -0.06907041019782677 -0.31724253654905504 0.0806492361876723 0.653272549598905 -0.12210529948799216 -0.38920737666803074 375 image_000375.jpg

123 0.996833300703677 0.008319941859633497 -0.07904667445793835 -0.002399457055040676 0.07299095068450245 -0.036154038444161554 -0.25571141174141526 123 image_000123.jpg

95 0.9971886643315117 -0.07113751073605953 -0.023356738151289323 -0.0029447115700776136 0.014523955850926903 -0.12474471895103847 -0.39960307266446843 95 image_000095.jpg

426 0.9968822313896013 -0.031883521100958635 0.06718324701412884 -0.02637574869217516 -0.24050138169077595 -0.020519245041250155 -0.12060394851216796 426 image_000426.jpg

483 0.9870246891294931 -0.06963041069920241 -0.1446820674618587 0.000987319986159187 0.3999738608233109 -0.19733860042537565 -0.5628128794933441 483 image_000483.jpg

514 0.9996386265131211 0.009996786523950939 0.024834394860933036 0.0024357214929884674 -0.029011793431323242 -0.04769565857527606 -0.3257643048096702 514 image_000514.jpg

314 0.9994224301370415 -0.01986706098472124 -0.026476948062529666 0.007685916358579786 0.057989747071782546 -0.03709650636324499 -0.2160172913098962 314 image_000314.jpg

315 0.9936975866467674 -0.014619287367254475 0.10889412205022739 -0.0222136975682193 -0.28297024605805754 -0.0092519695435958 -0.0640706854629417 315 image_000315.jpg

189 0.9998439722746358 -0.004532006439056923 -0.015189334950071302 -0.007795741374202742 -0.058264984144809066 -0.0652033658491201 -0.42833757988840293 189 image_000189.jpg

208 0.9997139220627502 -0.021385190223293913 -0.008591776736857671 -0.006398617123889239 -0.15017596058263796 -0.0406317863238094 -0.2098219447717555 208 image_000208.jpg

211 0.9933647067112032 -0.03291357772864036 0.10897784156089102 -0.01634274338562359 -0.27931223565716645 -0.01576849862733061 -0.06419868305437465 211 image_000211.jpg

479 0.9968121697524331 -0.048972736763678304 -0.062082856691961896 -0.01062568829739245 0.11715809624137154 -0.12929803281876845 -0.4670616289999193 479 image_000479.jpg

287 0.9910373117733753 -0.05009664692674817 -0.11974857299429358 0.03155404309534958 0.17514171537606502 -0.14152877341114536 -0.5239040089792164 287 image_000287.jpg

89 0.9987591942595959 0.005397655936553793 -0.04932081799229334 0.004289208481180207 0.04307383667499294 -0.019242728213318957 -0.2088993262150386 89 image_000089.jpg

122 0.9996488019426543 -0.002506412708788829 0.0036505872294653866 -0.026127843955296253 -0.13435523641999367 -0.06062885464440692 -0.5141735332373586 122 image_000122.jpg

176 0.9836311287539511 -0.030242930367480304 -0.1714648434486234 0.04642184708075731 0.3011206137940229 -0.08122954363870959 -0.3843361402076311 176 image_000176.jpg

87 0.9817744452644064 -0.16536358129999718 -0.08601791310519077 0.037077552018370916 0.2748135742245182 -0.4374762842990039 -0.8076136956851574 87 image_000087.jpg

317 0.7232812479589972 -0.2568874414455442 0.00654879962923341 -0.640960334549523 -0.49267354138935937 -0.5113905112332323 -0.7932503650654554 317 image_000317.jpg

265 0.9686113466565919 -0.21410181584515686 -0.10535904934323333 0.06965591654809163 0.32201640939703335 -0.4700266845621804 -0.6972431786243595 265 image_000265.jpg

510 0.987091255145445 -0.11304432409173032 -0.10314534988632333 0.04725329682031933 0.21902658334381403 -0.3047361819746084 -0.7440151263631644 510 image_000510.jpg

323 0.9926505521265895 -0.03679787586111808 -0.10170529228188441 -0.05428482327393893 0.2702367736926453 -0.24199740728842728 -0.8714110206660759 323 image_000323.jpg

14 0.9947700543255603 -0.005108541980672752 0.10094995827800113 -0.014681673691425272 -0.2814348780821983 0.010509154154632562 0.037241819406274315 14 image_000014.jpg

341 0.9743969843435365 -0.044100577426379954 -0.2144787560575012 0.051034484053195016 0.3963512127538897 -0.12199095870038851 -0.4578736579513577 341 image_000341.jpg

512 0.9603502340590586 -0.25707041563831623 -0.09584780305719452 0.049552404257094555 0.2713123864186251 -0.5942783645663787 -0.7325535160831158 512 image_000512.jpg

268 0.9849773287675834 0.03223139818385737 0.16848352755709012 -0.01985155305811997 -0.41289397283863494 -0.03249341368929493 -0.40254446214635575 268 image_000268.jpg

318 0.6794954573637627 0.031526319490138725 0.11730411223132212 -0.7235550090311726 -0.17706669570476605 0.2944126115194218 -0.8941559993761117 318 image_000318.jpg

319 0.736496884942994 -0.1820969957306733 -0.020191067393128148 -0.6511568822657573 -0.3428130005012339 -0.41791272036358146 -0.8250938200392207 319 image_000319.jpg

301 0.944130090737557 -0.14423859376752027 -0.27704839537586634 0.10515596387278886 0.7412842657024514 -0.3066921244338665 -0.6213895869165432 301 image_000301.jpg

132 0.9793967271804137 -0.05070911105163472 -0.1897261358536357 0.0470598615013522 0.5249089078852172 -0.14819515696844526 -0.5597667390702998 132 image_000132.jpg

521 0.9838927465303395 -0.014462597014216058 -0.17555856106169904 0.030415259758535283 0.09638240282304492 -0.02555752537648256 -0.20185349757142856 521 image_000521.jpg

61 0.9948254199333262 0.015229033753213776 -0.10041217600200664 0.0028018240486872 0.009541843803687035 -0.026774106230326108 -0.20906945865970486 61 image_000061.jpg

449 0.9840804118309022 -0.019072051360920033 -0.17483867351873933 0.025562732916121635 0.2142647197240687 -0.07084057395362708 -0.3436651303761881 449 image_000449.jpg

348 0.947312885023227 0.019347516019558024 -0.31810716246569326 0.032121920444449656 0.6003830385892392 -0.06016048076542362 -0.37014730907590043 348 image_000348.jpg

400 0.9985500533889183 0.0329662281179662 -0.042399821161871507 -0.003641923842477651 0.14520494409863194 -0.01739530268549645 -0.172533918591965 400 image_000400.jpg

457 0.989496555610024 0.0025906465129970067 -0.14304828508534184 0.020664996233883213 0.22715126165634575 -0.07378334016256492 -0.4655950114669216 457 image_000457.jpg

7 0.9900399326374468 -0.08297102887526635 0.11013100477158622 -0.02842379053513508 -0.30747185987006803 -0.14345688110707758 -0.050805154651604845 7 image_000007.jpg

513 0.9892005737891044 -0.06916803395355371 -0.12725925791310197 0.022429373517700107 -0.0402809339707329 -0.07905045141359285 -0.2581852300780938 513 image_000513.jpg

320 0.9931532411717982 -0.09328792456173127 -0.07031323761200606 0.0002591063608711675 0.08587397719303841 -0.14859758136149903 -0.397254627803894 320 image_000320.jpg

330 0.9927611572314664 0.010427252131212122 -0.11856168925741771 0.01611470548044853 0.22604594859004445 -0.08894814695298198 -0.6016195722497149 330 image_000330.jpg

77 0.9996922657925105 0.0046308155899701066 -0.020875530751462836 0.012575844773087444 0.07223470313826752 -0.04422608237004876 -0.3065391081027761 77 image_000077.jpg

216 0.9835839278373976 -0.01581337777588072 -0.1780059120312858 0.02502986504313389 0.26205105047167954 -0.0923771202479418 -0.46364117593598875 216 image_000216.jpg

225 0.9985355316925416 -0.031937865330827604 0.04181272399082843 -0.012588277109261031 -0.1118990977772889 -0.05469069399040251 -0.5519218462455253 225 image_000225.jpg

115 0.9748085518517471 0.014486276916323291 -0.22254608324620376 0.003418748892832778 0.17535650610915543 -0.021541446083496295 -0.0741534532081605 115 image_000115.jpg

126 0.9896981964310764 -0.06985568986281405 -0.12424546630858989 0.013443317468255583 0.2156616475183238 -0.2094280916386529 -0.6628662998759199 126 image_000126.jpg

46 0.959313354252504 -0.04558704035171476 -0.2770066529054855 0.030116716165791903 0.47572627191882766 -0.14210414899311732 -0.4648042930623817 46 image_000046.jpg

409 0.9894949975345078 0.0026031198562828997 -0.14305856365184802 0.020666835290772036 0.22717092087203417 -0.07375647683539183 -0.4655834458402053 409 image_000409.jpg

423 0.9902247948968304 0.0054438224299244685 -0.13805865533041808 0.01910542731003279 0.04457428279908439 -0.015186993594478485 -0.12703691192448663 423 image_000423.jpg

152 0.979321092986542 -0.017903691321901404 -0.19437633412924768 0.05317420347009486 0.31479766762790407 -0.07499516286034628 -0.40873869247577493 152 image_000152.jpg

60 0.9851702592258096 -0.024391568007192457 0.1657736189853086 -0.03692851372763683 -0.42799382126815716 -0.052813332562940477 -0.3811335224487348 60 image_000060.jpg

336 0.9840098948265398 -0.0745770650139034 -0.14718058332163947 0.06708701660021685 0.5393961795743278 -0.2386567567857903 -0.8083318568122558 336 image_000336.jpg

322 0.7001154330032779 -0.1821452784855014 0.0931615334178541 -0.6840924057048484 -0.420830847729684 -0.13681029985977666 -0.6795523959376653 322 image_000322.jpg

278 0.9290459003509953 -0.0416616545492799 0.3555323306079445 -0.09346008047511069 -0.8110854178837124 -0.050185676826033546 -0.263681135225148 278 image_000278.jpg

47 -0.041233353113787376 0.18949792132968976 -0.04054773210126461 0.9801766164285576 -0.31396050540002934 0.1535410945553266 -0.6062883053260567 47 image_000047.jpg

372 0.9469731707067118 -0.02721486977382449 -0.31336470811385614 0.06560269443833837 0.5756725507094735 -0.07389174210134278 -0.32944983982383375 372 image_000372.jpg

190 0.984907945869956 -0.04423766367216233 -0.16324331073989762 0.03675584310939497 0.281110380780093 -0.1439503410007143 -0.5561952142003755 190 image_000190.jpg

191 0.9814064206534115 -0.05250130312471333 -0.17823277626383732 0.0481469583230472 0.3006618409180183 -0.14839643869096236 -0.5448882705081167 191 image_000191.jpg

106 0.9734216412303603 -0.010724912864217733 -0.22789290782278385 -0.020002380932618656 0.3929649964534062 -0.13450960988809893 -0.569935610033706 106 image_000106.jpg

205 0.9226916747193318 -0.08644463337635995 0.34808381032944696 -0.1414392568083557 -0.78528212173652 -0.10260182386503988 -0.4608265612294614 205 image_000205.jpg

17 0.9950675687768521 -0.005732488432850408 -0.09858225433434317 0.0094453404349639 -0.015838997179294406 -0.006842811233396752 -0.05557280623483765 17 image_000017.jpg

20 0.9954739515283275 0.011965382197159046 -0.09407929760440813 0.006127074220417079 -0.01672719728016665 -0.004866651455021602 -0.05423840540674574 20 image_000020.jpg

463 0.9917005090859017 0.023065177105729286 -0.12464121494269385 0.021509395091668562 0.01058043956484885 0.004785503672247249 -0.040863301509562314 463 image_000463.jpg

311 0.9855878538475907 -0.0805805931785592 -0.14551752231542062 0.03078961910739918 0.2454108456920481 -0.1587978964256543 -0.47279711353763854 311 image_000311.jpg

94 0.993378606923594 -0.02380429054184624 -0.11237748447040026 0.001900862083415682 0.15817408049919626 -0.08062162614760637 -0.3661149100747738 94 image_000094.jpg

53 0.9885073769503775 0.03922525116571506 -0.14576397501184213 0.00821083913381174 0.040355595479032585 -0.015121468643499007 -0.20138664207159085 53 image_000053.jpg

363 0.9586945295603339 0.027432401034503437 0.2787832137411945 -0.04931704278849464 -0.8835161374888343 -0.014982541940470703 -0.3396853107866001 363 image_000363.jpg

434 0.9899135297837018 0.008221615496181512 -0.14015441815202295 0.018982529159728173 0.20144257788332706 -0.06401922748074071 -0.43359250222630313 434 image_000434.jpg

4 0.9426025384221602 -0.09930758678554068 -0.3072419602140141 0.085093178585686 0.7553623404627241 -0.22230450310447006 -0.5387268602606127 4 image_000004.jpg

520 0.9947064767994652 -0.005188423628702011 -0.0714779794620963 0.07364107793862856 0.147912210778787 -0.09940277326219221 -0.6197391991938221 520 image_000520.jpg

528 0.9890343886981536 -0.07830181267190946 0.12154048516791761 -0.030128345418164355 -0.27927149551136776 0.02909787809223929 0.06662116886712104 528 image_000528.jpg

302 0.9994341688892485 0.00821158052211765 0.006081949810587751 -0.03204567590715937 0.0018337503463945722 -0.03284672021819379 -0.45040185325330273 302 image_000302.jpg

428 0.9891151950401001 -0.10602334601087973 -0.09242307677666484 0.04322204153267717 0.26326251329699174 -0.3147720814794578 -0.9126230509701416 428 image_000428.jpg

219 0.9894978805733188 0.01275292287313069 0.14240273893452865 -0.021278280393722104 -0.3605837348360881 -0.037746707184860895 -0.4362329842497465 219 image_000219.jpg

285 0.9570852021935189 -0.041649987618060345 -0.2754441796801203 0.07989802027047489 0.7823370729751874 -0.13539609302060063 -0.7155244963221196 285 image_000285.jpg

362 0.9752524401653968 -0.02629329646048176 -0.21755521278739817 0.029343977119576592 0.37088584541980013 -0.11760647135053941 -0.5634151226768882 362 image_000362.jpg

497 0.999866287767215 0.016070675672476817 -0.0029806074962858966 0.0004967514551409866 0.02840073843759027 0.002849769018665982 -0.04397008277108661 497 image_000497.jpg

250 0.9976547367921729 -0.0018962207040485054 -0.06754775012409102 0.010896942681217478 0.0322124066897467 -0.08895919525665051 -0.5801722317832329 250 image_000250.jpg

422 0.999838025521251 0.007336675574100041 -0.01630576957821832 -0.002054632850928143 -0.009125921842883501 -0.05408763965464891 -0.48048187307641393 422 image_000422.jpg

52 0.7043430418230546 0.038148611423462736 0.0033761737743122243 0.7088258421507224 0.019706217419995634 -0.008810316649219765 -0.21328802040005504 52 image_000052.jpg

249 0.9855245467845392 -0.006508478783491951 -0.1679137308318205 0.022449531384161454 0.2885286713050057 -0.09871025699460306 -0.5440357085859883 249 image_000249.jpg

383 0.9985156344047491 0.03305320809559255 -0.04246319953292353 0.008420280096365706 0.013396074160143816 -0.03462381544578163 -0.43479274669651696 383 image_000383.jpg

12 0.9914854069882474 -0.04088500595440644 0.12192024162332656 -0.020507275930156405 -0.2836345955220148 0.014937554525267592 -0.03463624515268576 12 image_000012.jpg

476 0.9882162837275644 0.031957188257390926 -0.14892197342846997 0.015150886570477655 0.00036254253067638173 -0.006029830870919321 -0.1013370446395581 476 image_000476.jpg

473 0.9678505073597965 -0.03169338082470236 -0.24548525416960276 0.044697988954332794 0.5197359926952669 -0.09680200452170178 -0.4020806490436308 473 image_000473.jpg

359 0.9709010805530086 -0.18454331102592883 -0.14043673137412224 0.05976944703557925 0.38754933467587477 -0.41000054204453895 -0.6810074765114171 359 image_000359.jpg

143 0.9934834969339041 0.01787871447126954 -0.11127274069884899 0.017008235873844774 0.0026034185622955536 0.0049564333746335955 -0.002250440064386945 143 image_000143.jpg

215 0.9813369811863907 -0.008765348132346078 -0.18979727510431796 0.029629085991506446 0.16123964126291246 -0.05767957828579165 -0.32371915991240663 215 image_000215.jpg

369 0.9938346850570545 -0.016300455072895636 0.1075718919478633 -0.02133548825355052 -0.3087232888387085 -0.00795733781212647 -0.6175902603359132 369 image_000369.jpg

214 0.9953207174112517 0.01624402295176369 -0.09507690137114043 0.005761322478284266 -0.03977788454994934 -0.03029007525023003 -0.25846102306314134 214 image_000214.jpg

80 0.9930161168754934 0.025762021739789198 -0.11490730915080827 0.0071847571484283425 0.2816879840469775 -0.08118425727146109 -0.36056727448826653 80 image_000080.jpg

284 0.9983096762906408 0.025941201445328917 0.05168416216919896 -0.005795144781425095 -0.13399840218457448 -0.037858139054579756 -0.4475454381029716 284 image_000284.jpg

19 0.9891984566941651 0.014120347383918971 -0.14478825315214397 0.017983043872535503 -0.008971539451879836 -0.006512522664150878 -0.07324593506563937 19 image_000019.jpg

153 0.9975584925988636 0.05984353113098738 -0.03583226476503857 0.003441153495625316 -0.018586914925952856 0.0024731168028137504 -0.1694981294058191 153 image_000153.jpg

427 0.9929253195926224 -0.03315630765631488 0.1115969613377102 -0.02336858185958745 -0.28119388039666365 -0.006296202175326672 -0.027765744357899053 427 image_000427.jpg

174 0.998837923932079 0.021404716251401848 -0.04063371058064058 0.014613210057974826 0.03730017815068723 -0.02729961019838287 -0.44709839371167803 174 image_000174.jpg

501 0.9923685249505425 0.08416735875376286 -0.08717669207338041 0.022820951826427502 -0.020339166732666808 0.010000000935929535 -0.04118334892596022 501 image_000501.jpg

451 0.9969815059223346 -0.04914184652966383 0.059579338488599816 -0.007954556275745556 -0.17683689171554642 -0.10251211924951036 -0.9819336653744931 451 image_000451.jpg

