# 3D point list with one line of data per point:
#   POINT3D_ID, X, Y, Z, R, G, B, ERROR, TRACK[] as (IMAGE_ID, POINT2D_IDX)
# Number of points: 1059, mean track length: 5.89
0 -0.3693091721913452 -0.2152057785866923 1.136446423680628 129 118 100 3.16
1 -0.4035189269797671 -0.2042107421342099 1.125401454702894 157 156 149 2.85
2 -0.1988375057286691 -0.1837360898329481 1.182130096320917 163 157 148 3.76
3 -0.2334795103336247 -0.1686609352426779 1.16146950590155 143 137 130 3.69
4 -0.2081441618651658 -0.1653224781902979 1.177356653243533 144 141 139 5.71
5 -0.2482637024429141 -0.1577454101022071 1.155384967691444 144 137 128 3.24
6 -0.2120044636352347 -0.1557943787433608 1.17206371045088 174 168 164 4.64
7 -0.211121527528552 -0.1561679884169935 1.168918234688261 168 160 155 4.97
8 -0.1998088078774004 -0.1533509950378112 1.17239351072202 153 148 137 4.6
9 -0.1926239586197799 -0.1528475202617766 1.175127674672142 143 140 129 4.28
10 -0.2227083544385926 -0.1535883932148359 1.164807959186968 150 145 132 4.51
11 -0.2043154623181485 -0.1529626084209713 1.171648103630928 132 129 120 4.42
12 -0.3215260960711213 -0.1551492303987662 1.141758899265422 124 117 107 3.42
13 -0.3021096357947296 -0.1535553244147442 1.139996741521169 127 122 109 3.46
14 -0.3215319443526713 -0.1516964467029147 1.133492006467775 125 120 109 4.64
15 -0.2389046285009271 -0.1491250458212225 1.15658075048223 159 153 137 4.22
16 -0.395216155828751 -0.1552886940491137 1.116530398771519 134 127 116 3.74
17 -0.3726116678236611 -0.150880632887304 1.115204912798177 131 122 111 3.96
18 -0.4809734135720852 -0.1549808240901631 1.091808488871486 122 114 98 3.83
19 -0.4823787967130114 -0.1550872518913819 1.093890962780607 115 110 97 4.33
20 -0.4663521877063925 -0.1534385996189636 1.095566574285252 130 122 103 4.13
21 -0.4789477569363186 -0.1524702085928474 1.092057357943251 128 119 103 4.91
22 -0.1921334289455533 -0.08646405832100641 1.173848326205572 140 111 70 5.1
23 -0.2604139824240922 -0.08652483334454776 1.147247613014745 120 95 59 3.81
24 -0.4315363859500341 -0.08068420372358959 1.102302901448151 141 138 127 4.64
25 -0.5141551796674386 -0.05332802665232071 1.088156950293539 128 124 118 2.82
26 -0.3161377179735161 -0.01834088669579605 1.125718835577721 108 109 107 3.59
27 -0.2027608060139941 0.02742487644870769 1.164526393906993 90 85 70 4.9
28 -0.3992701212565568 0.03139177599275489 1.103555025650563 124 124 117 4.15
29 -0.2199792568783374 -0.2005423076949367 1.16537352078296 91 86 76 3.34
30 -0.1935817530096503 -0.1729853192075858 1.182061850122106 152 146 136 3.91
31 -0.2935182643017166 -0.1648527051615666 1.140014667151479 97 93 84 4.46
32 -0.2707175248109374 -0.1622080807773926 1.143050248456499 116 106 94 3.9
33 -0.456392079031396 -0.1612616805014352 1.094274370981673 109 101 90 4.78
34 -0.2124650210810055 -0.1513688297698781 1.167893862262977 140 135 120 3.82
35 -0.2691157014824671 -0.1485982541005025 1.14726494730974 155 147 132 4.06
36 -0.4359885301333201 -0.1547993828185887 1.103670307398058 129 122 107 4.06
37 -0.4355750089314694 -0.1547174220539295 1.103244513040666 128 122 107 3.97
38 -0.3946224338213804 -0.1398644250182421 1.122683911250806 56 53 51 4.29
39 -0.4744047106641527 -0.08459440825703958 0.8778069482268376 143 144 146 3.44
40 -0.3884818669327058 -0.08730969243874992 1.114482082577599 133 119 87 4.72
41 -0.4695809399900804 -0.0107182490662588 1.086309300457525 107 105 98 4.01
42 -0.1746945231133366 -0.0005857617068496385 1.166199712471776 114 109 95 4.16
43 -0.3945713092625431 0.0007701282753273947 1.103567177339132 116 112 102 4.6
44 -0.3860557405342516 0.03161828809196801 1.099578014937846 115 110 100 5.24
45 -0.4887300810670175 0.03346332345067982 0.8979723243621437 112 112 112 2.52
46 -0.4736652601676995 -0.2621933681542264 0.8915420911618622 238 240 246 3.42
47 -0.2259553486400944 -0.2044169381440492 1.165584970072989 110 109 101 4.27
48 -0.5660256783758241 -0.2203389217149085 1.083858371702807 242 241 242 3.65
49 -0.2447585853136896 -0.1757484767082425 1.162039427406439 163 158 145 4.54
50 -0.182116104708921 -0.1582617935001496 1.181875811446728 146 143 136 3.13
51 -0.1822233668472396 -0.1577739802960188 1.180147724631136 143 141 133 4.29
52 -0.3659428426005136 -0.1597348636992813 1.119709999666173 104 96 82 4.92
53 -0.4531619744924956 -0.1586287563407693 1.102225735071616 125 117 103 3.92
54 -0.4597806502775281 -0.1584361484049234 1.098270108753063 121 116 102 4.62
55 -0.4707571351197403 -0.02317585250343221 1.087409045813194 137 139 133 4.91
56 -0.5061485959865981 0.002305099451630993 1.071637919855214 99 99 93 4.63
57 -0.3565999161058698 0.04041989358591568 1.105386284631337 135 134 125 5.09
58 -0.4815816344877998 -0.2416870209431821 0.8897938728578074 143 135 136 4.17
59 -0.2780317941513205 -0.2482688143865143 1.155935594779938 123 114 94 3.17
60 -0.2772052741164109 -0.2476603768580856 1.154712159848053 123 114 95 3.57
61 -0.2825069496233171 -0.244900790622162 1.154122274186061 221 228 230 3.27
62 -0.1858558318313807 -0.2007841065863636 1.180803578664396 158 154 142 3.78
63 -0.2637388346770204 -0.1660596406055944 1.150250129475735 149 143 132 4.54
64 -0.229189221008936 -0.1667474502581657 1.164516174821866 155 148 134 3.57
65 -0.2307216798015244 -0.1648296523449985 1.166651712011926 151 145 136 4.11
66 -0.2342420435965609 -0.1634435669033569 1.162726822415636 146 143 134 4.13
67 -0.3869295004595993 0.03524421978663443 1.095432348539445 87 86 82 4.01
68 -0.2807664703873884 -0.2411650501346976 1.15801802956305 106 111 120 3.19
69 -0.2481433559702495 -0.1688439616209702 1.157994692116619 124 122 116 4.21
70 -0.4334156437977886 0.0353578063697336 1.087693986808846 78 74 71 4.68
71 -0.2698441667079292 -0.1525512740609963 1.146811617150594 157 152 140 4.17
72 -0.2706777360947928 -0.15241525925261 1.147126527460267 152 146 132 4.19
73 -0.2615331970701197 -0.1403171518290762 1.152331785913744 42 42 42 4.0
74 -0.209163714499074 0.01318644848221657 1.155500152345241 154 146 130 4.78
75 -0.2289946562696224 -0.1381810981423383 1.163609054319605 48 51 57 3.21
76 -0.2720973622962264 -0.203596900873081 1.153643759647131 174 170 160 2.7
77 -0.2052719383494112 -0.1791214416464133 1.179582632162275 138 132 123 4.59
78 -0.2010945746242424 -0.1697944465731487 1.177207011613567 156 150 139 3.76
79 -0.2731451385948314 -0.1612185211923384 1.149863805508442 153 144 129 4.77
80 -0.3037925671332856 -0.158528448771778 1.142566280341372 121 116 110 4.9
81 -0.2314669541322372 -0.1520958670025935 1.167540178679811 111 106 94 3.98
82 -0.3518378138889586 -0.1562209656871151 1.130479848105011 108 97 85 3.93
83 -0.2211919142724904 -0.1504455837122207 1.166550321429047 144 139 129 4.43
84 -0.217242833074488 -0.1504338541500353 1.168226727569114 127 121 109 4.86
85 -0.2108254285154923 -0.1513574157353901 1.171278991484496 122 117 106 3.65
86 -0.3417020664831419 -0.1545025721715934 1.128042515509619 141 132 115 4.52
87 -0.3408139404027332 -0.1560618242622212 1.133897190108046 133 124 104 3.56
88 -0.3537273757083657 -0.1518394720475723 1.125691874091445 121 114 102 4.55
89 -0.2074263664343819 -0.1484494120095747 1.175255964458225 135 130 117 3.63
90 -0.2047719238397867 -0.1484302907824187 1.171574503813946 126 120 105 3.91
91 -0.2279074888318559 -0.1484579720908496 1.165352045612397 154 150 135 5.16
92 -0.2786186956995543 -0.1283668637910995 1.140725682598909 170 157 137 4.68
93 -0.2108547076582293 -0.0771020878864549 1.168037859384211 169 165 157 4.92
94 -0.177895025340802 -0.001556018715546101 1.164978412448073 113 109 98 4.71
95 -0.2316786940601701 -0.003697498300746092 1.155205115733147 112 106 92 3.48
96 -0.1799189131430826 0.002059710752308052 1.165627777019042 111 105 88 4.49
97 -0.2451003022651388 -0.001043782639945444 1.141922018681659 124 119 110 5.07
98 -0.1885927128681547 0.007159050622922344 1.169105988241553 44 44 42 3.5
99 -0.1824443684475569 0.02715599768795494 1.167101252174457 133 125 111 4.04
100 -0.5717283461873403 -0.221904596817152 1.080644338257541 226 231 229 3.9
101 -0.240395340137944 -0.1733255786113228 1.162788654899935 139 131 115 3.77
102 -0.204757480458451 -0.1506942284261465 1.174006446577525 120 116 104 5.12
103 -0.210955389929837 -0.1477872585848339 1.170022893471768 127 122 105 4.5
104 -0.4239129760390856 -0.1511951043475479 1.104811153377965 135 128 114 4.52
105 -0.2762747843171179 -0.07182782474415117 1.142756961348901 164 157 140 3.75
106 -0.3559275142366153 -0.01136049013083 1.117460957915037 132 128 119 2.99
107 -0.1763103779359645 -0.001396849150588342 1.168872787664479 114 110 99 3.92
108 -0.2420938042053227 -0.002682933905572435 1.143029966937416 128 126 116 4.2
109 -0.2385604260539103 -0.003861015469668907 1.147113378327074 121 119 112 3.79
110 -0.4674251536794752 -0.004524133106721374 1.086084266948095 70 68 63 4.5
111 -0.5042078263331142 -0.006025962873535615 1.074760511748463 68 68 62 5.05
112 -0.4057042528143427 0.007465208049931338 1.098316399573806 130 121 101 3.53
113 -0.206862588408586 0.0268884612804582 1.152759198072591 171 162 143 4.66
114 -0.2092978175833234 0.03195801462650776 1.1540239137688 161 155 139 5.02
115 -0.21333694511336 -0.1446387495179964 1.167669804291782 127 117 99 4.56
116 -0.2072619239764701 -0.1448956189606621 1.170887765423031 132 123 100 4.04
117 -0.4691789734891724 -0.07975755246567647 1.097814673651829 71 72 71 3.89
118 -0.482607496415573 -0.08199970632883932 1.092428595929991 159 150 130 4.54
119 -0.392626905355787 0.02637929979499514 1.105730619904051 131 121 114 5.57
120 -0.1950745740018116 -0.1993065968322689 1.179241401498179 159 153 145 3.85
121 -0.274521067753756 -0.1558087178094407 1.143677383755652 147 141 129 4.32
122 -0.4291749238761101 -0.08133908625002473 1.104515522315938 77 73 63 4.35
123 -0.5265951622384213 -0.04411999485074254 1.073246951602833 110 102 84 4.5
124 -0.2675863141180936 -0.1615578291014406 1.147114631846028 149 143 131 3.75
125 -0.5363203843783654 -0.1107117891532411 1.083142850572042 58 56 52 4.14
126 -0.2278506645501006 0.01228928439095939 1.152090934506847 46 47 44 4.57
127 -0.2709626874479394 -0.2158991762522753 1.155715400760318 165 162 148 5.64
128 -0.1792368551552176 -0.148231857982875 1.185804161711951 141 125 94 5.21
129 -0.2079291288093918 0.00953072402270696 1.159599819750141 133 124 102 3.42
130 -0.1918750006515168 -0.2019816009028448 1.184509660522337 150 142 126 4.91
131 -0.1928386975833537 -0.1438859040748841 1.175728710310201 121 111 87 4.98
132 -0.3421830386194549 -0.1607414294840948 1.13514831064188 154 143 121 2.24
133 -0.4373931876578161 -0.02652524265892164 1.091547901292728 129 129 121 2.88
134 -0.2572835587389403 -0.1771588511717818 1.153028712536368 121 113 97 3.79
135 -0.2649063824469187 -0.170402027741973 1.149877290360705 146 134 113 5.01
136 -0.6425005395151141 -0.1054862519651729 1.063752931104531 95 90 86 3.15
137 -0.6358021370364109 -0.1160214656493876 1.061329657685681 119 121 119 3.84
138 -0.2814086774476114 -0.2470961077210976 1.165264633438434 234 239 238 2.12
139 -0.6403652641041652 -0.10993832684427 1.068676720939062 157 156 152 4.14
140 -0.5097477301242329 0.01737659601730059 1.085534400662942 87 81 69 1.69
141 -0.2793263107966106 -0.2563442554274457 1.158689667140554 148 159 146 3.03
142 -0.3517396817148721 -0.1679170677392398 1.125390801781666 91 87 78 3.91
143 -0.5122324892304767 -0.08427075778559781 1.096574375827779 71 64 53 4.21
144 -0.2249861274870854 -0.2047766193975044 1.169302569002333 119 110 95 2.52
145 -0.3369967444223554 -0.222124140999976 1.141799250013155 167 164 164 2.07
146 -0.2032656474745464 -0.1817412362185873 1.176677655699955 147 142 133 4.8
147 -0.2349007427984448 -0.1712721257598068 1.167547097741402 147 142 127 4.35
148 -0.184777547067607 -0.1632856938708153 1.180586039141088 136 131 121 4.29
149 -0.1802544730811187 -0.1539471259651898 1.187730179430626 157 156 147 6.47
150 -0.2073460306054397 -0.1511382891808759 1.173121446590395 134 128 116 4.16
151 -0.1832548417944177 -0.104993900208878 1.181581315708552 158 154 141 2.25
152 -0.2001420265482651 -0.08652675372025151 1.173239007074049 124 100 59 3.14
153 -0.1818393306621785 -0.07911222523651806 1.181945669232763 168 163 147 5.03
154 -0.4694926983845913 -0.07921136673492847 1.093118035505796 123 118 110 4.36
155 -0.2152632414361147 -0.0731536527983865 1.169131089081152 169 158 137 1.94
156 -0.1829533101552094 0.008498527995452516 1.169593993497043 128 119 102 4.01
157 -0.2157440536872045 0.02369334552372969 1.154120472969538 118 113 98 2.47
158 -0.1739382073782603 0.03380614102757606 1.165470826479304 129 118 102 5.44
159 -0.1826952721928585 0.04009407121498165 1.168778258752188 122 113 96 4.89
160 -0.2435497727037623 0.05319009679317056 1.136449437816692 120 113 97 4.84
161 -0.2728910836006789 -0.2112798509729855 1.156892547400729 155 154 149 2.73
162 -0.4011250367596871 -0.2042890521000468 1.124482368668942 123 116 102 2.7
163 -0.2620667766423878 -0.1580707268021306 1.1546495078775 134 127 118 3.06
164 -0.3032552593725495 -0.1566480244084932 1.142318135519555 132 122 106 4.05
165 -0.4948628309948734 -0.1581921676890843 1.092444720620843 136 126 114 3.19
166 -0.2708620973707702 -0.07984645053067994 1.145120818275801 139 134 123 3.35
167 -0.2116833485347158 -0.06385807547720378 1.167333413382492 178 165 133 5.49
168 -0.1845797241126788 -0.003999554172900023 1.169518775059637 112 112 103 1.06
169 -0.3149494623454095 -0.001912060554521412 1.12100194608368 121 118 105 3.97
170 -0.2152780616240081 0.02357268990987213 1.154963462239428 136 130 113 4.79
171 -0.1786527376809905 0.02955975113633092 1.170762571121957 133 124 107 2.75
172 -0.2706671619630082 -0.2174775000230237 1.157251771752575 139 138 131 3.26
173 -0.5010438547687304 -0.1652064361592223 1.090710219203384 90 79 70 2.79
174 -0.3144683242578526 -0.08866891573296969 1.138806947893314 130 126 112 3.49
175 -0.4733568836872061 0.001413072742251898 1.078542055252178 125 120 110 4.49
176 -0.39919839592427 0.01859556747405217 1.101904022571718 118 112 98 2.33
177 -0.3624260169103949 0.04743901928804826 1.109372400668053 120 114 100 0.81
178 -0.3520091570076865 0.02723238277303501 1.118048547569654 124 118 102 4.16
179 -0.2808148487864713 -0.1640923640314274 1.143942910402727 68 66 59 3.9
180 -0.2278612360919268 0.01205300882759958 1.151805101479283 39 41 39 4.81
181 -0.1832937014498191 -0.1621380348002288 1.186339630808556 122 109 93 4.53
182 -0.2299932576805362 -0.1562514241791374 1.166434351084748 143 137 126 3.88
183 -0.2041309860964008 0.02266127443988683 1.16770483093842 37 35 35 2.44
184 -0.2044637100914864 0.02262894688716133 1.167145002805776 56 55 51 3.7
185 -0.1906079851589096 -0.2198063322967973 1.169744646277252 220 223 223 2.81
186 -0.2120762051890294 -0.1507515958214697 1.173354769591511 125 123 113 4.51
187 -0.3853844025841985 -0.004988754440281105 1.110332222310975 74 74 71 3.8
188 -0.1757295315527263 0.02593345294451073 1.165339101976832 117 107 88 4.61
189 -0.2447932052546139 0.06427896115833942 1.136706321241776 116 106 86 4.78
190 -0.3925854846853762 -0.1634863497640222 1.119086353553907 101 91 78 2.69
191 -0.2418043132790418 -0.003973369047022682 1.143180753904539 138 135 126 3.55
192 -0.2105029025366366 0.007648560165320503 1.159484903424658 145 137 120 3.83
193 -0.3995997066693655 -0.2123550344238138 1.13069330193125 84 87 88 2.36
194 -0.1923518945905426 -0.1938803290829405 1.18174963343874 147 143 131 3.41
195 -0.280002417089404 -0.1609191746288883 1.142047835304155 73 65 54 4.12
196 -0.5236631131865555 -0.04150550662715613 1.075560446129131 73 58 41 3.73
197 -0.2398498869492185 0.0327772915160061 1.133717687610695 120 112 96 4.58
198 -0.2344682788740995 -0.1986177290557434 1.163141833088296 110 104 95 2.62
199 -0.3945444153595707 -0.1081239405297332 1.116826512245888 121 115 104 2.65
200 -0.436092619247554 -0.007198874075070284 1.094382161052677 117 113 101 3.59
201 -0.2460130338181485 -0.00315462838134295 1.192516372027181 80 70 55 2.65
202 -0.3451615820752598 -0.2462443849267318 1.143011911960766 231 222 212 2.06
203 -0.2179598804521701 -0.1847880569793316 1.17121630488895 145 144 140 3.12
204 -0.5742844386240213 -0.2099838280509935 1.080455013031084 173 178 177 3.3
205 -0.2831213775280242 -0.1519674165685411 1.144305157877324 105 98 87 3.06
206 -0.3140770544436992 -0.1562175958494847 1.139784070491297 139 137 127 3.05
207 -0.3366761825551511 -0.1532709474212902 1.137451817217749 130 124 111 2.68
208 -0.3367113482724099 -0.153417046331367 1.137539611964901 137 130 117 2.63
209 -0.3597083717841552 -0.1517997082061834 1.123850679119597 133 126 111 3.79
210 -0.3805030820354849 -0.1520851374152822 1.116709310968788 131 128 119 3.74
211 -0.4359309039835131 -0.1328231513668741 1.110606801756892 130 126 122 4.16
212 -0.4740894836037214 -0.08956729066315322 1.096812234945155 150 147 141 2.84
213 -0.5186839982336992 0.04479626521370297 1.07747535260324 100 101 95 1.91
214 -0.3647554549254356 -0.2187072979264853 1.137922875671738 162 158 154 2.46
215 -0.1957435455651099 -0.1741794304752531 1.176852909608546 138 135 127 3.3
216 -0.2626523221460767 -0.1779751299550771 1.147262594177056 134 122 106 4.01
217 -0.4558669293350873 -0.1599818975863689 1.105437103158756 158 151 140 3.24
218 -0.5961151287811581 -0.155409347441608 1.077682001619725 121 118 116 2.56
219 -0.5551011550401707 -0.1247155264188051 1.081352617893565 88 81 76 2.67
220 -0.5566032385142948 -0.1117766431132407 1.096167522997658 112 100 85 4.99
221 -0.6446160751105938 -0.07216193754854275 1.067985331975741 119 120 112 4.25
222 -0.6164937733635815 -0.05239489793772335 1.055675067554255 71 68 64 3.19
223 -0.5720393296175035 -0.2185785192837267 1.086500391123959 141 142 150 4.18
224 -0.5720991844323812 -0.2193338135996337 1.086707481019241 144 146 154 4.57
225 -0.5254685137797849 -0.196302198148026 1.105092441050474 172 184 193 1.8
226 -0.5482789340764659 0.003553793859541196 1.062942805554097 75 75 69 3.94
227 -0.5506854501794517 0.001931350007095465 1.06536199405868 91 89 81 4.33
228 -0.6306782544247224 0.02050238462269602 1.056142414873372 36 37 39 2.15
229 -0.4608181876278374 0.03543397543709485 1.092843056045002 122 111 100 2.22
230 -0.4889562834728085 -0.2438468999860035 0.8924164809565338 139 130 127 4.7
231 -0.3533016022815634 -0.2112846317149013 1.146842322193635 98 97 93 2.62
232 -0.4977259084297249 -0.08040727068031642 0.9099782257880239 106 106 108 3.37
233 -0.3713952159094385 -0.1998967403308093 1.133111536867659 92 101 115 2.72
234 -0.5668426284060192 -0.2111497687645264 1.08079313893133 119 121 127 4.22
235 -0.3548639115858142 -0.18098654113739 1.134825234993788 168 165 164 2.97
236 -0.5027119945875269 -0.1697151111866585 0.9332755388781263 129 138 148 2.92
237 -0.6336501111151518 -0.122537372484098 1.063849587203737 152 153 150 4.24
238 -0.2032277100605479 0.04512554467567513 1.160839374672972 71 72 72 4.31
239 -0.4824313573999757 -0.1931930594738857 0.9142392313549458 163 162 170 2.76
240 -0.2430213216559738 -0.1792628996235582 1.160247754384237 151 145 134 3.35
241 -0.4961107001685073 -0.1869116092006531 0.9082871691019891 145 141 139 2.43
242 -0.4939158733800395 -0.1657004513914601 0.8972095441048049 56 52 54 3.75
243 -0.4942907071342675 -0.1667628271440347 0.8872881712263609 167 161 159 3.93
244 -0.49585348023886 -0.07319653444910371 0.9239056276586206 135 131 127 3.69
245 -0.5007556078901753 -0.2420323918532769 0.9083060581895581 102 101 103 4.19
246 -0.5069202225167715 -0.08362492655783556 1.093072940970332 72 65 57 4.51
247 -0.5499462134960881 0.02055173019292481 1.074140654549977 35 33 29 3.64
248 -0.4886464311990153 -0.1583551093880834 0.9063971041980255 197 183 170 3.17
249 -0.5148437704458765 -0.1305840883211765 1.092755604061195 138 133 124 3.55
250 -0.5065643103979803 -0.127712099394093 0.9490311408141608 82 81 75 3.22
251 -0.4995199241138319 -0.1098200601404899 0.9383658637185021 104 105 99 2.54
252 -0.4950340860692221 -0.0944025450134008 0.9103871328975992 91 90 87 3.18
253 -0.3249929890268192 -0.2242533515205481 0.4850103906861647 133 121 106 3.97
254 -0.3189745420038569 -0.2119105038876642 0.4675779306617975 145 128 118 3.69
255 -0.3337265205261412 -0.2112037196496169 0.5080711183559558 125 114 101 3.69
256 -0.3330854376002708 -0.2083331890861892 0.5062744276387618 189 179 165 3.37
257 -0.3539960377837801 -0.1568138665870795 0.5661076224315122 201 191 173 2.76
258 -0.3537899290295591 -0.1315549497695281 0.5635849450390189 203 196 183 2.7
259 -0.4859200916910933 -0.1526307102736466 0.9036205172317895 147 141 137 3.4
260 -0.4934465853197577 -0.1506700213418966 0.9207065762566291 114 114 112 3.21
261 -0.5050532205590091 -0.1545566384828451 1.086738831348024 125 118 105 4.33
262 -0.3830572228779942 -0.1110601579321979 0.6608456636720049 176 170 163 4.49
263 -0.3887162105421443 -0.1045789623174332 0.6647748451226819 97 92 81 4.15
264 -0.4979561294773163 -0.1100289870541638 0.9307322245060946 104 94 82 3.04
265 -0.4947207221531559 -0.09191602502444302 0.9249609152295505 110 108 105 4.06
266 -0.3616979294449744 -0.03536896361591434 0.6182288992476122 108 105 99 5.4
267 -0.3937322869379665 -0.01604782429831615 0.6821711370708246 71 57 44 2.28
268 -0.3866625535320579 -0.0129962867503049 0.6816715808337729 103 91 74 3.85
269 -0.3752970991639426 -0.01186422991973723 0.6234194491540532 207 196 182 2.2
270 -0.358403612853173 -0.2311365243610343 0.5731524263495053 184 175 161 2.98
271 -0.4083939601989943 -0.2471745166037661 0.7049175547333991 102 98 89 4.25
272 -0.3787556415104507 -0.16260177867354 0.6336866987436223 66 57 43 5.04
273 -0.4525065130773395 -0.141601481961309 0.8218343959116202 164 160 146 3.19
274 -0.3990801565159858 -0.05035331562653983 0.665086749431521 124 117 111 4.59
275 -0.3834169230738852 -0.02645715539321602 0.625950155729322 178 167 158 4.07
276 -0.3752023834254137 -0.02049655706694164 0.619811264169887 167 153 142 2.26
277 -0.3699125220573887 -0.01409796405897838 0.6188964362501346 103 89 73 5.23
278 -0.387847433487394 -0.008727284318368465 0.6802281524936442 107 90 75 3.88
279 -0.3743530122754311 -0.009865116150431487 0.6187803521600636 67 56 43 6.06
280 -0.3830582630932929 -0.01136936882561651 0.6219420050929513 71 62 49 4.32
281 -0.3753088671865099 -0.003714060767713304 0.620527010530064 88 73 59 2.02
282 -0.3753088671865099 -0.003714060767713304 0.620527010530064 88 73 59 2.02
283 -0.4717294404685982 0.02290420461409115 0.8496200409981317 122 108 92 4.45
284 -0.4670657268648944 0.02894003026262897 0.8465239687794961 125 114 97 3.74
285 -0.3267972614335519 -0.2462583833107309 0.4892869248571435 82 69 60 4.03
286 -0.3267972614335519 -0.2462583833107309 0.4892869248571435 82 69 60 4.03
287 -0.3434605886710049 -0.2343754703180509 0.5618062767427097 157 142 129 5.18
288 -0.3480417862922307 -0.233585985085925 0.572052403371853 158 151 140 5.36
289 -0.5016084531439003 -0.1163008664308739 0.9450972406666882 141 141 137 3.75
290 -0.4402871181203539 -0.04976984940031148 0.7771247316161838 129 127 123 4.16
291 -0.4245307701125767 -0.04472104872418975 0.7412643059453594 179 173 157 4.08
292 -0.3407002462304282 -0.02916069913584827 0.5436986502668216 99 92 79 3.31
293 -0.4516758115929318 -0.01734401717771916 0.8092622729433228 194 189 176 4.01
294 -0.3733368272122032 -0.00684245209609987 0.6214133861125997 180 169 154 5.92
295 -0.3932108834345339 -0.1611629746657127 0.6536720784598659 154 144 133 5.56
296 -0.3526072133130004 -0.1468127876600838 0.5897789989424622 159 141 119 4.74
297 -0.3417291234316568 -0.1238307772795937 0.5562333518042717 111 107 93 5.38
298 -0.3505698781171247 -0.1267604629573147 0.5594739115075658 110 101 84 2.68
299 -0.3625753479197408 -0.13060276907311 0.5876475547192959 213 202 188 3.06
300 -0.4350584939987332 -0.1392163627593347 0.7516527168655036 158 151 135 4.99
301 -0.3860557474875843 -0.1134678313178924 0.653912260637088 142 138 126 4.88
302 -0.4138857406464977 -0.1074951167519417 0.7294159363228498 164 162 154 4.48
303 -0.4265579410050557 -0.08250408411632787 0.7435219369948414 194 193 181 3.92
304 -0.4496240608538591 -0.05654697383422851 0.7908956514506467 195 188 178 5.6
305 -0.4496240608538591 -0.05654697383422851 0.7908956514506467 195 188 178 5.6
306 -0.575200954242046 -0.04407649751501377 1.064763544830289 49 44 41 4.69
307 -0.3924636334311271 -0.03514346333992589 0.6468582336529619 110 107 99 4.1
308 -0.3636755005886567 -0.03074454941951631 0.610463896459814 77 66 59 4.23
309 -0.3547935357126625 -0.1653828126282778 0.5679329550043987 219 207 187 3.16
310 -0.35685357237702 -0.1663842748440786 0.5984793861342973 136 126 114 4.29
311 -0.388819054952365 -0.152606072099755 0.650117330232759 76 70 64 4.97
312 -0.4556923164929088 -0.1495560311628411 0.8347250591630324 143 143 141 4.53
313 -0.4075217944740682 -0.1222581332704263 0.6956586253434984 66 66 62 5.44
314 -0.3968420862266413 -0.1054159064298411 0.6740435588588248 78 74 67 5.59
315 -0.4474810929536046 -0.04021757936711848 0.7894462167749015 183 175 155 5.28
316 -0.3875719854065656 -0.1517649552377317 0.6644897073307601 67 63 57 4.7
317 -0.4421044355275804 -0.1642582044166156 0.7721563654592978 88 83 74 5.02
318 -0.3789398362737099 -0.102423033781116 0.6334180436157566 181 176 164 4.73
319 -0.3701281622033038 -0.1016295294919435 0.6329557163962516 174 167 158 5.18
320 -0.5106671936464995 -0.03460845604779125 0.8879602952207514 76 72 67 3.79
321 -0.3816712701697575 -0.172903100619283 0.6529861658664486 66 56 41 5.06
322 -0.4037753874464616 -0.158226718366431 0.6818812381517101 157 149 134 5.04
323 -0.4396258253746059 -0.1553546906168869 0.7635432443752983 154 146 138 5.13
324 -0.4513450706531272 -0.1541973220183424 0.7870837569166568 160 151 140 4.74
325 -0.4618872872903333 -0.1516585200373054 0.8135635044692486 160 154 144 4.68
326 -0.4687706506491783 -0.1406660087258007 0.8414151618513664 98 98 94 4.94
327 -0.4418128108018633 -0.1308899062587125 0.7628015507642832 135 134 130 4.54
328 -0.4407786684419209 -0.108021327940468 0.7603479035159215 110 104 98 3.96
329 -0.3974558061958556 -0.1742787594129783 0.6740150175640305 52 42 33 4.98
330 -0.3976204397323009 -0.1359753580672321 0.674586792318412 184 174 164 5.83
331 -0.2921108849666783 -0.16755688861613 1.140722781273709 108 105 97 4.35
332 -0.5504815298651258 -0.136811158965637 1.074284169659127 104 103 99 3.77
333 -0.526396833473188 -0.05316040048716569 1.075041573744622 72 68 59 4.56
334 -0.3988541334660818 -0.02347720051931343 1.104263974491851 120 112 100 5.98
335 -0.2121860797889935 -0.005080880910851127 1.156126065983258 131 127 118 3.65
336 -0.2022896350998093 0.03460410811557534 1.158965172660232 75 70 62 4.89
337 -0.3167398995706566 0.04783238088594133 1.118684270110404 118 113 102 2.92
338 -0.4863639159702432 -0.1589060307824265 1.092868070098157 107 101 91 3.99
339 -0.3000277110133384 0.02905682512053859 1.126009112174323 94 89 79 3.38
340 -0.2169475138175398 0.03881110577694018 1.154377307995971 129 123 108 4.27
341 -0.4689916895861224 0.04521097435403754 1.075263217390009 110 106 96 4.14
342 -0.5195352202842629 -0.06459492389543303 1.075429203026812 85 77 64 3.3
343 -0.3676208897384993 0.03836333931827404 1.110323582643289 96 93 87 3.81
344 -0.5106617062651159 -0.07861932805414149 0.8803600999783285 169 160 158 4.41
345 -0.2747176024172449 -0.2140476104114385 1.151778213874003 161 158 158 3.1
346 -0.243790945488688 0.01130664825521914 1.146263199726578 138 134 119 4.09
347 -0.2462696723451052 0.01062581768129469 1.14797967845374 140 136 122 3.38
348 -0.2417742945073993 -0.01452725347526507 1.149590750155422 108 103 97 3.14
349 -0.50678355257827 0.02155897295258851 1.071721813660309 128 125 113 2.38
350 -0.3581512344310165 -0.2450393730892799 0.5989441712433529 146 128 107 2.96
351 -0.2678502238461957 -0.2163908357328254 1.155684322352764 127 127 120 3.52
352 -0.430392802284481 -0.1916275715160344 0.7777001289353257 157 155 151 4.4
353 -0.1839498805621342 -0.1419302320576792 1.178454153584577 124 109 86 3.21
354 -0.3247682968106893 -0.1567196787061 1.135330077492166 97 93 84 3.58
355 -0.2147438235695507 -0.09113495270885906 1.163151678150977 92 92 88 3.22
356 -0.3020117704108976 -0.08981630346294217 1.13614409791056 129 113 82 3.68
357 -0.4680083312690186 -0.09659909887683409 1.098579555006365 83 78 71 3.22
358 -0.3589430200917456 -0.008508282919130288 1.108242334999328 115 110 102 3.18
359 -0.3688440812689778 -0.02821432247555974 0.6708946180458297 65 63 55 2.91
360 -0.4726972224112136 0.008483224641246775 1.078032095003681 97 96 85 1.5
361 -0.2703208546758241 0.02931335315512991 1.129499520372003 96 92 84 3.72
362 -0.3271330302731922 -0.00973460401114409 0.5327800024167705 94 78 62 3.8
363 -0.3927717683743447 -0.2532066715461463 0.7098436249652538 121 116 110 3.36
364 -0.3275495352542157 -0.08680992402730077 0.5382398013268808 68 57 45 3.83
365 -0.2424651020769939 -0.02749289812184025 1.148556311086504 134 124 108 3.54
366 -0.3375390260239272 -0.01126098911325971 0.5379263157173186 88 76 67 2.41
367 -0.1883900001729903 -0.1881945880707153 1.180236098249956 162 152 123 3.81
368 -0.4809934762216403 -0.2035797964806041 0.9175329706010225 242 242 245 3.15
369 -0.2349343295965786 -0.1438197745836919 1.164270459334009 84 85 80 3.77
370 -0.1995061969693254 -0.00524852495816509 1.169796840197198 88 89 88 4.41
371 -0.3439048161688715 -0.1458322238324328 1.130611334573313 50 49 41 3.91
372 -0.4057954651358013 -0.2833379172467635 0.7068535751937468 140 140 144 3.42
373 -0.3228735361982283 -0.1174494897671755 0.5011190348450112 102 97 98 2.09
374 -0.3918778256783525 -0.1886279654474426 0.6918774006738003 188 181 171 3.84
375 -0.2629191801380594 0.008630225002904963 1.142619016800973 35 35 34 4.12
376 -0.3403746770617262 -0.245609590110493 1.145024529168119 243 244 241 2.56
377 -0.1843958627736456 -0.1733673567312032 1.180701409733017 146 146 143 5.03
378 -0.501486151539592 -0.1567875488918595 1.087919237981841 116 111 101 3.92
379 -0.1952290614362943 -0.08522153382524542 1.171160828894984 111 87 60 4.34
380 -0.2555892571116121 0.003561351194318602 1.195614613480131 116 112 108 5.07
381 -0.2447398655956799 -0.1873262288184347 1.159953626817465 107 102 97 3.18
382 -0.5585972408169484 -0.06220724607679942 1.069155840080706 74 72 70 3.86
383 -0.4995266368395813 -0.158928575787034 1.089190865453356 121 114 104 4.82
384 -0.2286682737249795 -0.1875955596125317 1.167712299760023 157 155 148 5.15
385 -0.2483186175860123 -0.1894300433547506 1.157759364383846 112 102 88 3.48
386 -0.17571768347854 0.03456037982224411 1.166971137420201 114 105 91 3.9
387 -0.2288688189620528 -0.1462470482273536 1.16022592273163 143 142 131 3.06
388 -0.4823822915626114 -0.1905192642418873 0.9172969208802563 184 179 183 4.15
389 -0.4168336206363583 -0.07143154545088209 1.163481072736923 91 98 98 1.99
390 -0.210282812809225 0.00572003594053595 1.16018531628937 147 141 123 4.18
391 -0.5068596398587333 -0.009861447926276867 0.9306226610310931 22 19 18 3.9
392 -0.4757632199496467 -0.2376560458658835 1.105828750906692 210 230 241 4.1
393 -0.1994316701830529 -0.1998739288619096 1.167022259738633 95 92 86 5.74
394 -0.1852600792165089 -0.1660485607477699 1.183561870266289 154 152 148 6.1
395 -0.2309727139897053 -0.1578183671715693 1.167054898637221 138 136 133 6.25
396 -0.2045531163950439 -0.1567747563666702 1.173973571292059 143 142 133 6.12
397 -0.2606509358318354 -0.1555715493583468 1.152597323877401 136 130 119 5.51
398 -0.2721671645595766 -0.1524886993348615 1.147522113767113 160 155 143 6.19
399 -0.3926254961571379 -0.1374224569956687 1.118470191811497 93 84 76 5.15
400 -0.2074894042591524 -0.07102753244731277 1.16651154829523 168 163 154 5.46
401 -0.2504904091637585 0.001671297290179674 1.144783843834035 118 121 113 2.01
402 -0.19178887066065 -0.1678730280865579 1.183037954931033 118 108 99 5.1
403 -0.1756639036695732 -0.161827115448308 1.187311256677465 142 126 95 4.95
404 -0.1778438029416074 -0.1615927460918606 1.185927130744802 163 154 133 3.25
405 -0.2005540874078346 -0.1533859854556838 1.179426809209555 140 137 130 4.84
406 -0.200585748062098 -0.1537272627720254 1.177408459699785 142 136 128 5.33
407 -0.2817637001746446 -0.1497763319816616 1.146877848439166 118 111 99 3.42
408 -0.1927643833795294 -0.09330081103749244 1.171874983124785 105 88 71 6.68
409 -0.432529330082386 -0.03822605443794469 1.102094358141371 132 117 105 5.7
410 -0.1774425203306121 -0.01561053857112562 1.174887552085605 131 134 133 4.77
411 -0.2722863934097188 -0.01646775406759389 1.13459659500272 130 130 129 4.19
412 -0.5033705474182408 -0.02038280894828031 1.070231999167627 100 101 102 6.76
413 -0.2059673558882913 0.02786596474184783 1.160887644147822 120 114 105 5.49
414 -0.1927431923858071 -0.173811230270034 1.180386981137788 152 144 130 4.29
415 -0.3059456621401765 -0.147305342216606 1.139627257438493 106 103 90 4.49
416 -0.3152421804450536 -0.102312423164832 1.1403548175207 134 126 114 4.55
417 -0.4000445130882955 -0.08893388404628365 1.096983544160054 124 104 71 4.09
418 -0.2179184626198484 -0.07820559380509251 1.16253871366361 71 73 74 4.11
419 -0.1966317150417965 -0.177250993530198 1.177391595449151 146 142 136 4.36
420 -0.3733744629557771 -0.09059577674343491 1.116126457577987 105 92 71 4.5
421 -0.2154067408372588 -0.2035016353451125 1.172887759575739 138 131 120 2.26
422 -0.3134726250447885 -0.05875700250275011 1.133806831232806 123 113 101 3.61
423 -0.241950008857786 -0.01402727942249737 1.146014205078689 146 139 133 3.7
424 -0.2505067115223494 -0.1898982783763137 1.155363238522027 96 85 74 4.44
425 -0.2486953312837055 -0.1883205488722963 1.15403066441946 95 84 75 3.51
426 -0.3408573061800499 -0.1639419535652946 1.129925155517441 86 80 72 5.44
427 -0.3405347554634655 -0.164984453392455 1.129648154675176 95 87 76 5.6
428 -0.3721687768003868 -0.1545823001243362 1.129296560436917 128 120 108 2.5
429 -0.2704176071736456 -0.0971055784194793 1.147733923901513 105 98 96 3.38
430 -0.2786566453085191 -0.07424658988045955 1.143795815008725 145 132 111 2.71
431 -0.4725365766865347 -0.0204219406630207 1.08429130421663 120 117 112 5.4
432 -0.2029554329734944 -0.004459611163015093 1.167795037026659 120 115 106 2.65
433 -0.3512500240978079 -0.005370813133577158 1.122790864736726 114 103 87 2.66
434 -0.3855413666750522 -0.003995543974425468 1.099642573278242 71 69 62 5.36
435 -0.2800853091843264 0.0039626535002733 1.13023147454882 149 144 131 3.84
436 -0.255629902636719 -0.1279429883012493 1.158281320790888 62 60 56 3.68
437 -0.2095981002859189 -0.00326375666245415 1.153190498022496 144 138 127 4.8
438 -0.2093578113482785 0.01917698082177811 1.15613561090548 155 149 134 5.09
439 -0.5600734952876716 0.01032592667973565 1.058501175720952 53 55 58 3.38
440 -0.1860401406171299 -0.176976513834868 1.187467233010254 151 145 136 2.03
441 -0.3578472511269282 -0.1834576689408598 1.134149086346834 134 133 125 4.79
442 -0.3375793428506133 -0.2219943078745161 1.134060513012928 104 104 102 3.58
443 -0.2636830990154592 -0.1779450838453013 1.148023722461752 102 91 77 4.21
444 -0.4684057857329355 -0.2033053281575218 1.105713043351367 127 123 118 1.89
445 -0.4303707149454096 -0.1812833238168133 1.13325200387215 89 86 83 1.74
446 -0.6233660142868209 -0.2061841721257359 1.090991455350891 238 242 242 3.04
447 -0.2655125995910375 -0.1465734304692763 1.150663530377261 122 118 104 3.37
448 -0.3832222689762432 -0.1557880863381947 1.130284747711132 128 122 111 3.84
449 -0.6848913998175691 -0.1928348310952164 1.065230367248434 109 107 106 4.93
450 -0.6848913998175691 -0.1928348310952164 1.065230367248434 109 107 106 4.93
451 -0.6829652022050732 -0.1953595159736986 1.06937276969137 102 100 107 1.56
452 -0.7100432862321551 -0.1950085307649337 1.074990180070834 122 119 122 2.55
453 -0.691598376969823 -0.1719512175196275 1.062269235503925 168 174 176 1.55
454 -0.3713270238597902 -0.1281525917980253 1.132906436074658 136 110 82 2.44
455 -0.5934130389766539 -0.1553840665486245 1.073720887868241 83 76 72 3.26
456 -0.1967461815744028 -0.1010508926856592 1.187160720971317 151 147 138 1.69
457 -0.6333565316967716 -0.1463300804004404 1.078784226660814 117 114 109 2.72
458 -0.6402945791355715 -0.1411238879977503 1.068316426301013 186 189 189 1.61
459 -0.6155245882831413 -0.1271221888701468 1.079034344137351 70 62 57 1.89
460 -0.2547677923436419 -0.08139921988638281 1.15327594557819 97 91 77 3.25
461 -0.5664728178895706 -0.07380796042839721 1.074678868744131 73 61 45 2.66
462 -0.630585479086071 -0.07517464125867389 1.072893411813187 59 58 49 2.37
463 -0.5778052930247269 -0.06500398664788216 1.076876219352483 53 51 48 2.47
464 -0.5501654336701705 -0.06283591673920028 1.086879272335654 60 53 47 2.3
465 -0.3525679875920931 -0.02333179186865942 1.132630726970447 87 77 68 1.61
466 -0.4775631876779838 -0.02924662039342063 1.096771210959422 70 69 63 2.54
467 -0.4351279636483709 -0.02432026505846164 1.093671749598617 116 116 113 2.92
468 -0.4700609832720692 -0.2261425098424146 1.108489910732699 134 135 138 3.31
469 -0.5477856645649178 -0.2066474361241531 1.109903583712139 212 211 204 3.52
470 -0.5851827690974494 -0.1962882467544247 1.077846013052851 148 150 148 4.9
471 -0.5578880016744163 -0.1557702895652088 1.075571680468461 88 87 83 3.85
472 -0.56096796044057 -0.1485077693456232 1.085513076550837 122 123 120 3.21
473 -0.6019956724844826 -0.1554697799673715 1.08428729080263 135 128 123 4.48
474 -0.6819988506714774 -0.1629830109498739 1.082477279855773 91 93 89 3.98
475 -0.6125743024126646 -0.1372891355303904 1.069417833590602 125 127 123 3.32
476 -0.5819491721672322 -0.1325470009806016 1.069521153919394 105 104 99 4.01
477 -0.3096318073769124 -0.09381001634808171 1.150440769137262 96 84 65 1.86
478 -0.6509765173094124 -0.128379624214045 1.068772218234311 149 151 150 2.57
479 -0.3072934912311098 -0.09087431968952508 1.148973991645663 140 125 90 2.97
480 -0.2504213593286866 -0.08192692809914265 1.170299180721618 99 94 89 1.69
481 -0.6384812286176074 -0.1110507103400855 1.060434389819059 108 109 110 2.15
482 -0.4510654414073128 -0.08247229174199432 1.100932189002028 74 70 67 3.16
483 -0.4497897633528649 -0.06700795324920894 1.116692403139118 68 64 55 1.99
484 -0.6023446906122393 -0.07868750847252978 1.081004654129875 37 37 34 2.05
485 -0.6067680302599374 -0.07511953550082549 1.072508812900157 67 60 51 2.19
486 -0.637786586458292 -0.06591959246633966 1.064175621028268 72 71 72 4.71
487 -0.5275203500031728 -0.05043663775465414 1.078145260050485 68 54 38 3.28
488 -0.6448254661386307 -0.0649849536191982 1.078477704727136 38 38 35 4.14
489 -0.614047995094139 -0.004756779091187879 1.052936600954938 82 83 75 4.52
490 -0.6596512961634678 -0.007228887598860954 1.059150818790583 40 40 40 2.36
491 -0.6005759522301415 -0.001704103423936797 1.041160433255004 130 130 127 4.8
492 -0.4725939932483998 -0.2294600093249482 1.104235675035257 152 153 151 4.62
493 -0.2334094118955721 -0.1845379431349779 1.15936331043533 118 110 93 3.19
494 -0.5967542016685347 -0.2032751636064032 1.083673370224248 152 158 158 4.48
495 -0.6935664384203394 -0.2169138427408979 1.063962314746979 237 244 240 1.03
496 -0.5043493715610732 -0.1638716180270702 0.8929004759725825 147 143 133 3.79
497 -0.6803952986405418 -0.1977406413661493 1.060372137838739 104 102 100 4.56
498 -0.7150385520281688 -0.2064368224377073 1.07499627152009 122 121 117 4.2
499 -0.5205454810392829 -0.1378084788524102 0.9300854382794088 77 73 70 3.9
500 -0.6353814621460984 -0.1663591952954009 1.097605066432125 120 118 115 3.89
501 -0.5541739602157109 -0.1389031690960192 1.095271979811224 130 122 117 4.36
502 -0.5620099364179676 -0.1339420565984266 1.080488882896724 102 100 95 3.55
503 -0.5520844024878995 -0.09175493152859376 1.108456920009578 85 75 59 4.18
504 -0.5632285744777926 -0.0797816647801502 1.093025364562356 111 99 89 4.07
505 -0.5650514302981376 -0.05179202978146927 1.070448007356473 72 67 57 4.23
506 -0.6389315437119528 -0.04430131803975063 1.060516804753688 114 115 114 4.46
507 -0.2434116676567431 -0.1710218413678189 1.156389524581058 120 115 95 3.24
508 -0.5536635805505783 -0.2088428720651322 1.111868090680915 134 133 127 4.16
509 -0.6958515124689596 -0.2015720030416463 1.083095240241909 163 163 166 3.85
510 -0.4721430159790887 -0.1362419914466305 0.8371916102959346 35 35 32 3.17
511 -0.6507859271545351 -0.1882847994142802 1.098769983339992 134 138 139 4.24
512 -0.4884117565574282 -0.140680229753128 0.8500315815871752 58 54 49 3.33
513 -0.6846521865376476 -0.1923241135597324 1.0864821623065 244 245 248 4.22
514 -0.4641203886992716 -0.1507135142701661 1.100562519935225 108 104 86 4.13
515 -0.4962180772927829 -0.1327915184451511 0.9275816602047128 118 116 114 4.21
516 -0.4784643297247912 -0.1112022868043148 0.8369051763008113 40 40 36 3.91
517 -0.4967391805956379 -0.1109048670346731 0.848092310121686 69 62 62 2.02
518 -0.6629365153997507 -0.1502763493367599 1.078638395033474 138 142 143 3.18
519 -0.6545157919355792 -0.1466472704371858 1.066073189382469 85 86 88 4.11
520 -0.5176171684818847 -0.1254978381246029 1.077648419114877 78 75 68 3.45
521 -0.5939439173886343 -0.1357878630416991 1.095847495369314 73 73 72 4.23
522 -0.3173241824347669 -0.09637184402023856 1.153860342755821 83 69 55 3.88
523 -0.6058195852568418 0.001295597053053616 1.095540994536812 41 40 35 3.83
524 -0.5051672559405315 -0.1886921562427211 0.9028469932520714 78 76 72 4.02
525 -0.4916216047460716 -0.1843138518652133 0.8980907283972431 81 78 75 2.27
526 -0.6011443428874137 -0.2229433321294018 1.095396354076943 127 127 129 3.79
527 -0.4704583038976177 -0.1113208066090411 0.7813209968749477 110 105 94 3.89
528 -0.474628318861424 -0.1102797307883482 0.792489439634128 104 94 86 3.53
529 -0.6523150830955249 -0.1546885998988547 1.092706155734485 57 57 58 4.26
530 -0.6567698752109435 -0.1391704222657957 1.08136850441832 77 78 78 3.86
531 -0.4719453539984055 -0.06065013952759871 0.7863788479567543 94 86 77 2.43
532 -0.5669664250123655 -0.06691122066926042 1.077476503746689 88 79 69 2.54
533 -0.5250432230143458 -0.2003949247970279 1.113660866438956 96 100 96 2.74
534 -0.5884241739140478 -0.1517141434488407 1.090791719121049 99 100 98 4.61
535 -0.579838876297564 -0.1515042292085668 1.090015960361241 102 98 92 4.3
536 -0.4883921978341513 -0.09050392942921207 0.8925263043627024 130 120 114 3.88
537 -0.6276804057600431 -0.1185830702422538 1.097553700299619 38 34 26 3.93
538 -0.6549698853698347 -0.04831891546167964 1.058282080089627 66 64 60 3.74
539 -0.672417504952399 -0.03140871934437252 1.062556625078089 47 51 50 3.66
540 -0.672417504952399 -0.03140871934437252 1.062556625078089 47 51 50 3.66
541 -0.5001089686565494 -0.2602529268764324 0.883337171503019 235 238 241 3.95
542 -0.520390768523177 -0.2301349939975694 0.9190904085877006 228 228 231 1.68
543 -0.520390768523177 -0.2301349939975694 0.9190904085877006 228 228 231 1.68
544 -0.4834833756883001 -0.2370715547282716 1.118607877640125 117 120 121 3.34
545 -0.4896546937747615 -0.1852058821456089 0.8860974030861445 160 156 146 2.57
546 -0.4896546937747615 -0.1852058821456089 0.8860974030861445 160 156 146 2.57
547 -0.350057517122751 -0.1839496145011305 1.128600377035619 152 150 138 3.07
548 -0.5060581474993031 -0.1688156004156957 0.8894585633507684 138 130 123 3.64
549 -0.3116158117344942 -0.1538084470531493 1.141955226840292 116 107 95 3.65
550 -0.4940609727648909 -0.1324792555309494 0.9165359661199923 94 92 91 4.17
551 -0.4852438665679225 -0.07945944401091258 0.8857454548055457 85 81 78 2.62
552 -0.5291638051443128 -0.0683766906583789 1.101130943091888 58 50 48 1.44
553 -0.5291638051443128 -0.0683766906583789 1.101130943091888 58 50 48 1.44
554 -0.4909826172339246 -0.05245326855548654 1.112337826381623 43 43 43 4.25
555 -0.481989271187921 -0.1896821317889426 0.8609859956540159 154 146 138 2.81
556 -0.5201672281322798 -0.1417634079250441 0.90046444901776 96 93 92 3.5
557 -0.5074152135902352 -0.1231683215079258 0.8704743443191353 44 38 38 1.74
558 -0.5074152135902352 -0.1231683215079258 0.8704743443191353 44 38 38 1.74
559 -0.4942343102521475 -0.08503725282272462 0.8401574331751812 87 85 81 3.79
560 -0.5009005123986121 -0.08094735134871378 0.8652276840809646 54 49 50 2.0
561 -0.4291418304853316 -0.08290657936924226 1.112663000858066 96 90 78 1.95
562 -0.4915914143481814 -0.03699038688158331 0.8609602092730664 65 61 57 3.9
563 -0.5085671875550551 -0.1526944294044059 0.8862659113013411 140 132 122 1.8
564 -0.4491119931082937 -0.06474541639243823 0.8126910515507182 155 150 145 5.03
565 -0.2790616269652381 -0.1659111718778113 1.143276558061344 80 73 65 4.23
566 -0.6078288792536379 -0.1739569622792787 1.093000662591895 107 106 103 4.62
567 -0.431747197031218 -0.125091725278052 1.108802431065631 111 106 101 4.0
568 -0.5291089630939012 -0.1424384231549019 1.089392879990358 102 81 54 5.03
569 -0.6469287855524531 -0.1562914375564858 1.080375863042175 98 96 100 6.75
570 -0.2142175954030403 0.03331387312336533 1.158760636093947 168 162 146 2.71
571 -0.2697281676905734 0.04732716699971747 1.131196037739005 123 121 119 3.32
572 -0.5594601551221209 -0.1595452288870829 1.089799588712053 99 103 105 5.67
573 -0.2626939837605594 0.001511571398701233 1.130659732716032 84 83 80 2.93
574 -0.3482940542120674 -0.2046226405268217 1.147745570527005 134 134 135 4.46
575 -0.6894067833797307 -0.2090039988038057 1.076463569725647 249 247 246 6.71
576 -0.2387491901153322 0.03017277727903454 1.158748621452396 100 94 87 4.05
577 -0.4591060196941854 -0.1908308801403954 1.116354007056269 150 152 153 3.98
578 -0.6725152251182025 -0.1111566112336157 1.070004394244688 74 76 72 3.36
579 -0.2294157410439294 -0.1486333433920047 1.160512347356475 128 125 110 5.04
580 -0.4301682117116885 -0.1438078011253601 1.114043914619255 51 50 43 4.96
581 -0.5206160887032071 -0.1491252325950498 1.101655206611186 52 53 52 6.32
582 -0.5492088878947561 -0.04949130675986739 1.075527817517261 32 30 28 5.28
583 -0.56164263104669 -0.04293217195516896 1.062050983207589 24 24 24 4.96
584 -0.5134679723379835 0.007889516691937881 1.095498755672816 101 98 89 5.12
585 -0.4208492464550104 0.02065273957554995 1.112946138035597 108 99 87 4.42
586 -0.2192715880097852 -0.1499874462367109 1.167637873590153 140 136 129 3.13
587 -0.2605571864548504 -0.1491116722775404 1.148076484782441 161 156 142 5.07
588 -0.5198216004458622 -0.1542494922354178 1.087163451642203 101 97 88 4.15
589 -0.3185256010312687 -0.1350369826511705 1.144432622594879 120 105 91 2.84
590 -0.480673767391719 -0.0746429681903846 1.100870815450597 151 146 136 1.72
591 -0.5146697380334468 -0.03788848292658084 1.083981145210178 116 107 91 2.53
592 -0.5173630918004284 -0.08386224118446664 1.089951022033519 143 131 115 2.74
593 -0.5110395214849562 -0.04961199832316225 1.084712643629227 141 140 126 4.16
594 -0.2520880829393571 0.0720400292363981 1.13890316591558 150 144 132 3.49
595 -0.5280556260654402 -0.0435272308065279 1.078996568279308 78 66 49 5.24
596 -0.5736339890610573 -0.2435248537850096 1.08539138693218 228 230 221 3.23
597 -0.1938691021228177 -0.1565606528619773 1.180116663976578 131 127 120 4.58
598 -0.1938877852821695 -0.1565638221487342 1.179608025733737 129 125 119 5.51
599 -0.4045973561175681 -0.1537914581302279 1.115317778913391 117 108 93 3.79
600 -0.2092062267790814 -0.1209346489275675 1.171674148407693 164 158 151 2.74
601 -0.4533133417835616 -0.1560964161820233 1.101982237654627 148 140 127 3.42
602 -0.47108709050937 -0.1586332627656066 1.110856569781917 137 129 119 3.26
603 -0.2825739335411457 -0.1301115441623897 1.147841165614501 152 135 116 1.09
604 -0.2783175397273641 -0.1253631778190618 1.141353331196509 148 146 136 3.12
605 -0.4021882665193677 -0.1243364957434202 1.122023403475736 115 110 104 2.89
606 -0.5162600720872326 -0.1382569438947579 1.093574448524231 86 77 66 3.27
607 -0.2731550044477296 -0.08430391280122361 1.141975026643699 165 162 152 2.25
608 -0.276191147777507 -0.08271476806044462 1.141173945499485 136 137 136 3.05
609 -0.4364215390021255 -0.07725905974500709 1.106450671515721 120 118 109 3.55
610 -0.4312585444445368 -0.07446344017903364 1.106092950972004 53 49 48 3.33
611 -0.3266927123069053 -0.03117871611514381 1.130814474705215 132 124 106 1.91
612 -0.371465284793334 -0.03302396971139411 1.131671016254121 62 61 56 1.38
613 -0.5445295703652171 -0.02594224155845598 1.067035392093351 86 91 90 3.24
614 -0.2247206999089299 0.02161769824722415 1.172438503936659 123 118 115 3.33
615 -0.2046554157755615 0.02120621743891971 1.156783441598136 114 107 94 2.45
616 -0.383881224754715 0.02539297158999088 1.122455632260203 124 118 109 1.79
617 -0.210620881629775 0.03925914796164504 1.154779266994017 158 156 147 4.0
618 -0.5105645148461779 0.03451488485562186 1.075171084155674 94 92 90 3.02
619 -0.2352792531394859 0.05445713866647613 1.143175806303806 102 97 88 2.81
620 -0.7226402776981166 -0.192608326638422 1.061540136199658 104 103 104 1.54
621 -0.7355885306372173 -0.1910155086714093 1.068068920095158 150 150 152 2.76
622 -0.4974617084019808 -0.1303854454191171 0.943561075347256 154 149 146 1.87
623 -0.2781386829708686 -0.1146781192788348 1.153454153478001 114 107 104 2.2
624 -0.2462127634558749 -0.1030873680416895 1.164523374534168 143 133 128 1.58
625 -0.4941781770630128 -0.1110041317875758 0.9403001234868678 141 140 141 2.7
626 -0.4941781770630128 -0.1110041317875758 0.9403001234868678 141 140 141 2.7
627 -0.5138256882623592 -0.08971039288965757 1.073297192219325 128 124 115 2.87
628 -0.4396861844228976 -0.08138522993345454 1.110278193850855 81 77 71 3.55
629 -0.265159042192169 -0.02504475196052059 1.150272194324658 62 62 64 2.15
630 -0.2727890475924603 -0.0254277404385192 1.147975088079618 57 58 62 2.29
631 -0.6022590556018291 -0.003988354342738185 1.081342262576842 66 62 62 3.37
632 -0.2473632613403454 0.03524922023465676 1.151908053971105 121 114 109 2.26
633 -0.2108476573238612 0.03839144706268416 1.162036145247883 129 127 119 2.16
634 -0.4030698665994282 0.04113699984494265 1.099180753281457 83 86 86 4.43
635 -0.1828271033095945 0.04709199967444713 1.168419486775611 110 105 98 2.51
636 -0.3645370862159701 0.07026552887434294 1.10598264048502 107 104 95 4.86
637 -0.6015602529034575 -0.1972887018728661 1.091394651875292 94 89 91 3.49
638 -0.683511515633353 -0.2060611938673823 1.069680063112903 161 168 176 3.76
639 -0.4984036758151216 -0.1079269170935717 0.9500463282258572 110 104 104 2.28
640 -0.2086897392424882 -0.08348419933987063 1.191289545338106 56 58 49 2.26
641 -0.5942830608464429 -0.1154667654030979 1.068927979893267 74 66 61 3.26
642 -0.3821178364263796 -0.08452982878652933 1.117151604535938 98 87 68 3.29
643 -0.6131024441404156 -0.08315147529135294 1.060884332359296 77 72 66 2.73
644 -0.2103389879155124 0.01384243020856307 1.157638493580689 164 156 138 4.01
645 -0.6250603061859347 0.003471563855249549 1.04467613516925 39 42 46 1.96
646 -0.6046595967612672 0.01086436109022175 1.041640720180864 77 78 77 5.0
647 -0.6313532343240412 0.01642360831832779 1.043696807458763 49 49 48 3.7
648 -0.2694243357250174 0.05210040776313873 1.131796307055566 113 113 103 3.68
649 -0.5875748750878165 -0.1666606061251516 1.082743285743762 80 76 73 4.62
650 -0.2289936617702354 -0.0966740007949544 1.172271494993825 87 89 85 4.15
651 -0.5019240571096361 -0.1072832573337477 0.9438794475522567 124 121 115 3.07
652 -0.3567634763271849 -0.08641674896120054 1.13025316915251 88 88 89 3.75
653 -0.3973574848758259 -0.08766864926664342 1.133784376698736 86 78 63 4.16
654 -0.507079637175488 -0.06666627814207152 0.9454673527433091 121 109 105 2.43
655 -0.5271943206149466 -0.06598618768922816 0.9568744548641485 112 107 100 3.29
656 -0.4946410935990301 -0.06254574865669218 0.9478995171309641 97 94 89 3.26
657 -0.4017657608851433 0.01556952871609839 1.106058258581459 118 115 106 4.96
658 -0.2661341817676801 0.03389408017696628 1.147519630254729 102 102 93 4.01
659 -0.386727640417216 -0.1514626063013632 1.120350999577937 122 113 104 3.89
660 -0.7144732023123689 -0.1588040584217947 1.080965709037868 130 133 141 4.83
661 -0.2857535752030897 -0.08430352294365621 1.158654935086237 66 58 41 2.49
662 -0.5059633972015224 -0.09170198089444732 0.9567568750233902 98 95 92 3.4
663 -0.5143352145194426 -0.05740548483160056 0.9493998044667842 139 134 130 4.25
664 -0.5143352145194426 -0.05740548483160056 0.9493998044667842 139 134 130 4.25
665 -0.6850827446816248 -0.07370987731150289 1.059802950380083 154 156 158 3.22
666 -0.5805349496527289 -0.03950514484429146 1.059771745288964 71 68 63 3.09
667 -0.402599072832179 0.005461714766793229 1.097985030712512 114 107 93 3.97
668 -0.706713925773267 -0.00757010994147795 1.061516901990711 117 120 123 3.15
669 -0.706713925773267 -0.00757010994147795 1.061516901990711 117 120 123 3.15
670 -0.2745621340625253 0.02602745565553145 1.126905429968341 151 149 141 2.6
671 -0.6086622580032384 -0.08686941041214161 1.066144515846749 37 37 37 2.89
672 -0.6565066628784589 -0.1207238642845789 1.084964029583228 41 39 38 3.04
673 -0.4890322433707467 -0.07120642062696715 1.111911015202327 57 56 59 3.84
674 -0.6143409744102283 -0.2095108832423961 1.099321947076344 114 115 119 4.08
675 -0.7152846688182022 -0.2059875795146442 1.073201530390333 114 116 116 3.79
676 -0.4332380819081327 -0.2537214532839083 0.792377887770999 173 175 178 3.59
677 -0.3575145295458243 -0.2670314542905178 0.5788221768883717 178 180 175 3.4
678 -0.3809885671638015 -0.1127235400557486 0.6727594662431718 163 160 156 3.39
679 -0.380357120094984 -0.1108577879052549 0.6858202099929339 120 123 112 3.28
680 -0.3766637757110302 -0.1064982722790874 0.6520360072745239 116 111 101 3.26
681 -0.3829955715621318 -0.107786651469304 0.6896204661125378 100 94 90 3.29
682 -0.4213030232043498 -0.02039392018716145 0.7616237936238922 78 75 68 4.79
683 -0.4144823607616731 -0.1067976966090187 0.7444039032445678 167 164 158 4.92
684 -0.3887678604361294 -0.2416582723597771 0.6907607688728182 90 84 85 4.38
685 -0.3510832652162769 -0.180131340418705 1.133511779337429 157 160 159 2.68
686 -0.3806722015101703 -0.1016625280651671 0.6580554801437796 91 88 83 3.11
687 -0.3828059174673728 -0.1003442578345881 0.6634888847199996 132 128 122 5.36
688 -0.4185872105952371 -0.06415414921675483 0.7526996116219143 94 94 92 3.23
689 -0.3230901223916195 -0.1869992112459161 1.140810060254463 163 167 169 3.07
690 -0.551992390290533 0.01427146918094328 1.057791852292172 62 62 62 4.7
691 -0.3227483734825397 -0.251312293330242 0.5019935491068133 162 151 166 3.55
692 -0.449601470522663 -0.08891996829776178 0.8206045018563788 95 94 93 5.42
693 -0.3220547693280568 -0.225742678216493 0.4933471636739218 167 160 157 3.92
694 -0.3469533795582891 -0.2398556486771476 0.5614715465683259 72 60 55 3.77
695 -0.3330914760001068 -0.08020703316419345 0.547604752535333 51 41 34 3.78
696 -0.3413713340071876 -0.0054521844738783 0.5423188357763835 155 149 134 3.91
697 -0.4029242616602127 -0.3021705383271711 0.7063535837062811 118 123 137 3.91
698 -0.4029242616602127 -0.3021705383271711 0.7063535837062811 118 123 137 3.91
699 -0.3217970654833942 -0.158715177346055 1.140967698563613 122 116 107 3.08
700 -0.3124360718659199 -0.1568124281513442 1.145313814143102 131 127 115 2.07
701 -0.4779121766949924 -0.1513042392958682 1.105565457999157 95 87 69 2.71
702 -0.5605850682718804 -0.1231158446971446 1.079530116312377 91 85 77 3.43
703 -0.5638775433071328 -0.009023987846724844 1.07322796570044 113 111 96 2.05
704 -0.2513183496653234 0.006931707352001855 1.149277310726269 146 135 113 3.35
705 -0.214310189323118 0.02924213305157791 1.161157318491636 164 157 141 2.28
706 -0.3568133726806374 0.03529962785020381 1.120578298604325 105 105 95 3.53
707 -0.284338761544355 0.05539051901829246 1.130589348975024 166 163 148 2.36
708 -0.253850733653107 0.0647599102637974 1.141558226107017 138 126 106 4.29
709 -0.2518930971405284 0.07020459697977453 1.14249106596616 109 98 77 4.37
710 -0.2507489359829154 0.06885617133199989 1.143303635316279 113 102 76 3.22
711 -0.3545051489520589 -0.003561934228025629 1.118071715527283 65 60 49 4.44
712 -0.2519576525281173 0.08031559008056824 1.143246340385819 106 98 77 3.71
713 -0.4953391381061566 -0.09325981050783183 0.9253235926986313 110 109 108 3.47
714 -0.5070395702749414 -0.09430294203704243 0.9393086636482355 58 55 54 3.12
715 -0.5115175973734341 -0.09342306133021092 0.9497397322447751 65 61 57 3.61
716 -0.5935519795099674 -0.1855168262777697 1.084707463678704 144 142 142 4.03
717 -0.2164517976558682 -0.2042001058762934 1.173663740252854 157 148 135 2.62
718 -0.2185129430118199 -0.1522095315220827 1.169696513497231 110 111 106 4.67
719 -0.614844605672539 -0.210095416330401 1.093899011724217 194 201 203 3.53
720 -0.4157102797177703 -0.1564938935480113 1.112173340643831 122 117 110 3.67
721 -0.4554970998929327 -0.1615846157100533 1.126205166442753 146 136 124 2.31
722 -0.4185662629457333 -0.1519734244856748 1.107576177246537 133 126 112 3.78
723 -0.4410196422268856 -0.1552957812685099 1.10648507739672 138 133 121 3.24
724 -0.249928009551822 -0.1001265414015542 1.17122178526372 74 75 81 4.5
725 -0.4496293504579547 -0.09163070272125158 1.116751330282555 122 104 70 3.51
726 -0.5713222079106831 -0.08822196212818204 1.085669337657632 112 111 100 5.05
727 -0.5357030316949589 -0.06575626446935669 1.084926343003772 66 48 28 4.9
728 -0.5290316298748446 -0.0492571656338382 1.077544834431022 84 72 56 3.29
729 -0.2715598380999052 0.004863410664363637 1.132114294953661 89 86 75 4.54
730 -0.222776095646931 0.037139982463302 1.167112359755194 120 114 102 3.04
731 -0.2107166813260818 0.04178050176198944 1.158910173741814 114 112 106 2.96
732 -0.6961318509178203 -0.1801247810092365 1.081732264749327 124 130 126 2.51
733 -0.6256881075688229 -0.1247312192590466 1.094232121933859 67 60 50 5.21
734 -0.5656558960236234 -0.06431198154098582 1.089371419149307 43 42 38 3.47
735 -0.5432621156296755 -0.05999113719728222 1.085219069746958 59 44 30 3.8
736 -0.2734327114541337 0.007044039573182328 1.133887172233886 114 110 96 4.57
737 -0.2420145679520888 0.02350303600738073 1.163777544152203 89 85 83 3.44
738 -0.547778707861838 0.03298832975626698 1.061853245017997 53 49 41 4.29
739 -0.2422942838751216 0.07585189990805176 1.132429695473833 144 135 120 4.66
740 -0.5959415453198403 -0.1709936068415928 1.095576806265487 104 103 101 4.62
741 -0.5557282649792087 -0.1482425213138469 1.088474237072135 60 62 62 4.6
742 -0.5633275903904706 -0.1510281194452368 1.091072134997393 54 57 57 3.64
743 -0.6826827128964902 -0.1224064633189183 1.095461728007752 42 41 38 1.55
744 -0.2732775378861693 0.002946770617838254 1.136630566299006 117 115 109 4.07
745 -0.6228736222270639 -0.1874534855232642 1.093199871249231 155 161 161 2.41
746 -0.6173565542574443 -0.1724309244569908 1.093763581329303 72 71 70 2.89
747 -0.2565601849533445 0.06637995785636727 1.149630027452242 138 134 122 3.26
748 -0.6953080370868182 -0.138351567179705 1.078807363854182 76 76 77 4.37
749 -0.3990202372893821 -0.09540946296633721 1.130001678879339 79 69 53 5.72
750 -0.3949868128512276 -0.08211748485049226 1.119099512800652 65 64 61 3.44
751 -0.4722167879720478 -0.1961099197462704 1.113586808869701 72 80 91 3.4
752 -0.7216283023301789 -0.1683825737792324 1.071566952251451 68 68 67 2.73
753 -0.3602498423499019 -0.1996031070802204 1.148710715704419 73 79 91 3.79
754 -0.3278034813918079 -0.1872930024305892 1.142979095813647 160 161 165 3.61
755 -0.371480949809991 -0.09690762823634005 1.12880100966588 166 160 144 3.06
756 -0.4225077177661393 -0.06785911128441503 1.13948551976609 38 37 38 4.69
757 -0.265442481366323 0.00869383218688656 1.144511655583772 28 28 30 4.81
758 -0.2066676250419311 0.04039087975887505 1.154153407916835 136 130 116 2.99
759 -0.3703360758083705 0.0487989904063673 1.116742274614186 115 112 105 4.33
760 -0.367483233144258 0.04958056417608321 1.115087310684342 111 110 102 4.45
761 -0.4787299069365263 0.02320148061370136 1.085313343380039 144 134 120 3.75
762 -0.204916154948095 -0.2256893075237829 1.185378135179942 180 182 167 1.2
763 -0.220125964935556 -0.1779487897530073 1.170970291924324 151 146 145 2.49
764 -0.2195843646765368 -0.1778577734059582 1.170800619090479 156 148 144 2.99
765 -0.2071980164142908 -0.1166817001172386 1.170915144101441 188 174 161 3.34
766 -0.3726762725876889 0.06528256589204266 1.110997376194196 106 97 82 4.09
767 -0.2802629759239041 -0.0186232863445347 1.141938637226342 145 142 140 1.44
768 -0.2805213853153677 -0.1584720990283751 1.153962419232875 161 159 151 1.81
769 -0.4136263688439324 -0.1542107547556427 1.113282171554809 134 129 119 3.03
770 -0.5765670098692072 -0.1715208684805236 1.078630702228748 124 122 118 2.9
771 -0.3863826589732053 -0.08799462761223917 1.12305906661631 104 91 77 2.32
772 -0.496257202415866 -0.06756896850414745 0.9468051504087439 127 121 120 1.94
773 -0.470716864624203 -0.02016938177866462 1.082255034723109 114 114 110 5.87
774 -0.284360721056082 -0.2683087313304834 1.16296393907653 175 178 175 4.24
775 -0.2771219176557626 -0.006629904271130898 1.132360978308182 140 136 129 3.44
776 -0.2109393796361479 0.02953669516465588 1.156565418904052 160 155 142 2.74
777 -0.5901939697569929 0.008734838868888584 1.037599990742677 91 88 87 5.04
778 -0.5697471958885633 0.02999701708537527 1.077808963537211 18 14 10 3.12
779 -0.5230968209668232 -0.01178991256137709 0.963180379414556 93 86 77 3.19
780 -0.6234597544633655 -0.1212603261859503 1.060324743483604 165 164 163 2.89
781 -0.4963087644038119 -0.07366557202914134 0.947208583227635 140 135 131 2.39
782 -0.6280326131852644 -0.1097032984183873 1.076883713511654 51 49 48 3.54
783 -0.3484401746212668 -0.1963642179290117 1.141628462959989 90 94 103 3.72
784 -0.2794437788321431 0.05920987401801522 1.127108893467888 154 156 149 1.67
785 -0.2479756181402915 0.06764054641446099 1.143644825960025 130 125 113 3.5
786 -0.2509904057265325 -0.1853312043106065 1.160130515076789 111 103 90 6.45
787 -0.2120845924971776 -0.09880364753324071 1.171075958912035 164 157 139 3.52
788 -0.2460263352117224 -0.1643406482807519 1.165115470255375 127 121 103 2.69
789 -0.1912297642339713 -0.06329720221978336 1.098133610674603 171 154 123 6.29
790 -0.5513034831457727 0.001412478749690617 1.065133655704727 94 92 87 5.33
791 -0.4883755625862596 -0.1973753978834173 0.9226804614404773 226 227 228 4.88
792 -0.4317259902595709 -0.1147766023353942 0.7637445667032638 141 137 135 3.94
793 -0.495293113291066 -0.1158610443353177 0.9335605886914511 136 137 138 4.59
794 -0.4729613940009423 -0.0882411631790759 0.8741299077243432 132 135 137 3.0
795 -0.4092464048509961 -0.0219872983353478 1.105765096419534 89 92 92 2.75
796 -0.4164927239673842 0.04047351098961809 1.098193829389694 79 75 68 2.92
797 -0.4518905313195789 -0.1031666655282864 0.8233634890922544 107 108 111 4.27
798 -0.4640709142520989 -0.08820611621560104 0.8478978718710382 149 150 150 4.35
799 -0.5124495442155681 -0.08920735904385239 0.9557842968853212 125 124 122 5.2
800 -0.5124495442155681 -0.08920735904385239 0.9557842968853212 125 124 122 5.2
801 -0.4291165959006883 -0.03497053165778354 0.7641922909443122 74 75 69 4.07
802 -0.4425805056408254 -0.09396213259599379 0.7859644451402042 76 73 72 5.02
803 -0.4483817148072441 0.01841415923341004 0.8050407935767057 143 132 122 3.16
804 -0.2562520096778602 0.0149323156759596 1.145204508622252 38 39 36 5.09
805 -0.446272717251164 -0.06432217485982297 0.8016186912523112 147 143 137 3.77
806 -0.243759580903998 -0.01419816000774388 1.145815871813434 122 120 115 4.32
807 -0.5088349676856929 0.03190524442454939 0.9426100290260128 79 77 76 3.27
808 -0.4775030292817539 -0.1335451874701498 0.8889417214746632 87 86 91 3.02
809 -0.489402756953466 -0.1299731500889523 0.9150715363373273 93 90 92 3.49
810 -0.4933838637217148 -0.08485355504912945 0.9232644829318385 131 129 127 3.27
811 -0.4867382788190476 -0.07507703947398485 0.908625418615995 93 95 96 3.53
812 -0.4888411667265518 -0.07782188342499427 0.9110102068483544 96 100 99 4.41
813 -0.4468590800249383 -0.05705459889808712 0.8009278674193776 88 87 84 5.03
814 -0.4424200196002266 -0.06704774762258357 0.7918767049744021 154 148 144 5.43
815 -0.2684300725666691 -0.08063545070882949 1.15649121592752 42 42 34 5.5
816 -0.4415327188253951 -0.2288744054670514 0.7918093207837315 135 133 136 3.94
817 -0.51003696157428 -0.1462542272048325 1.093992542895851 80 78 64 4.28
818 -0.2344185834879814 -0.01135349159357362 1.147189370707633 144 141 134 2.32
819 -0.1983022537337193 -0.1612122967615131 1.178783647813773 159 148 130 3.5
820 -0.4713073380186777 -0.1601833539329356 1.145750260059315 137 128 113 2.39
821 -0.2715754259220771 -0.1726238951333418 1.149036626872923 112 105 92 4.63
822 -0.4374075759918377 -0.2326908011081632 0.7185749418528449 117 115 109 4.02
823 -0.4374075759918377 -0.2326908011081632 0.7185749418528449 117 115 109 4.02
824 -0.4246162467781522 -0.2311884383681025 0.6834614714558044 129 123 120 4.27
825 -0.4792993269446163 -0.2003171076082499 0.79960484800742 75 70 71 4.1
826 -0.4175287666774451 -0.1672903995682531 0.6736324635758582 90 80 65 4.61
827 -0.4586428941932127 -0.1649055533073853 0.7555863823683725 111 101 90 4.28
828 -0.4638365836589909 -0.1556805693697422 0.769464851896126 137 133 122 4.2
829 -0.4870341640413682 -0.1517181431239056 0.819417744046023 155 147 137 4.01
830 -0.5086284562305559 -0.1376982489590509 0.9477696442240696 134 132 136 3.39
831 -0.5085443358812585 -0.1109560369034092 0.9429555743649977 87 83 85 3.32
832 -0.4218505866093099 -0.1060222296544893 0.6910332505989865 167 160 151 4.63
833 -0.4286124221205323 -0.1018457285240692 0.7033372502041186 100 93 83 4.71
834 -0.1907048913164571 -0.02611962764420197 1.173450554370657 82 86 88 4.54
835 -0.4148832946888756 -0.0880360399143371 0.6790785130091569 62 65 60 4.98
836 -0.1857174918638493 -0.02161596959807265 1.178198254353198 106 101 99 3.97
837 -0.4960427398114977 -0.02146313339648854 0.9029880670740641 71 70 65 3.78
838 -0.5042316928091273 -0.01836062853868902 0.9205226877707648 147 144 141 4.78
839 -0.4710931041775454 -0.03252830947994415 0.7902823050495661 116 110 101 4.38
840 -0.2767971279167374 0.01323326515906241 1.137105621344265 116 109 101 3.51
841 -0.4732308575102431 -0.03031121147863454 0.7941644689843134 134 128 124 4.76
842 -0.4766084414681133 -0.02694794213451362 0.7980711524991094 90 84 80 4.67
843 -0.4085765006886728 -0.02936506151369386 0.6555896267764251 102 99 95 5.57
844 -0.4452446515761755 -0.01139577288525325 0.7285670413041652 153 141 132 4.88
845 -0.4104888493815272 -0.01817750438637615 0.6560608641814817 64 57 49 5.69
846 -0.2723463763235496 0.05682242884759908 1.130575594251165 102 96 80 3.36
847 -0.4196444252159902 0.006121084558530748 0.6916027811256298 98 81 67 5.36
848 -0.3906801683318445 -0.0005740065931052994 0.6170041140135946 77 63 46 6.09
849 -0.3906801683318445 -0.0005740065931052994 0.6170041140135946 77 63 46 6.09
850 -0.4081964335857654 0.01070472731986035 0.6735526114147099 145 136 120 5.53
851 -0.2681652788934323 0.0714858980235361 1.126974718147868 95 89 72 2.99
852 -0.5088788096507598 -0.2143421496974649 0.8835120878742321 176 170 167 4.0
853 -0.4639318807606174 -0.1651247569542829 0.7632467215301127 102 93 85 4.25
854 -0.4644989391864461 -0.163266698535192 0.7697752628434613 106 96 86 4.28
855 -0.4791616151562934 -0.1607653781429023 0.804766301646555 109 98 93 4.2
856 -0.4837675043733874 -0.1603721963193984 0.812701924023508 109 98 92 4.33
857 -0.4172875943727412 -0.1602757975136906 0.6593875154461122 107 103 96 4.77
858 -0.4886324376077853 -0.158414198987728 0.8291726129428593 108 101 96 4.14
859 -0.4600757569604983 -0.1563982813596493 0.7612754545133303 142 133 127 4.33
860 -0.4772226024079399 -0.1540593997676834 0.7951212107337389 146 137 126 4.2
861 -0.4840783851790583 -0.1481507408880834 0.8114300522308985 109 102 95 4.47
862 -0.4778832930571507 -0.1300385154717138 0.8386540617028333 71 70 70 4.63
863 -0.4995438518373343 -0.122130338073932 0.9135245402272466 75 74 76 3.94
864 -0.5032463661105334 -0.1225610025942903 0.9235579501286123 68 63 66 3.86
865 -0.4747394700741566 -0.1218595915550155 0.7939678091557745 100 91 88 4.32
866 -0.4227585203415788 -0.1193111342518283 0.6931533751933276 100 97 95 4.78
867 -0.4916269471290553 -0.1011004940429855 0.9094360835725905 40 40 40 4.55
868 -0.4957307447649385 -0.08950495178013174 0.8369856124538659 106 103 102 4.47
869 -0.4984095412982649 -0.08829535953006691 0.8468908221900454 69 65 62 4.48
870 -0.6094720534643571 -0.06977210147980367 1.082233427190144 63 58 55 4.82
871 -0.6018345709953669 -0.0675943698747874 1.080528638588626 64 60 56 4.66
872 -0.5385147108149522 -0.0681008161378575 0.9568568671706966 105 97 89 4.33
873 -0.4922490251713583 -0.07585397102750506 0.8349060999527659 33 30 30 4.27
874 -0.4780453176602251 -0.07192762737832439 0.8554903914115058 38 36 36 3.85
875 -0.4455564245109865 -0.08133228459745287 0.7209785698018258 152 144 139 4.66
876 -0.5073291600577551 -0.04708450849279638 0.9090596754249205 47 46 46 4.45
877 -0.5133492526548428 -0.04682907377330971 0.9201139426851451 45 41 42 4.36
878 -0.3425365930164239 -0.01193782291818831 1.126965539237795 92 83 68 3.96
879 -0.4943654310003391 -0.04975414147595884 0.8328141904145131 40 38 35 4.54
880 -0.1865042671860589 -0.000459898411679472 1.167326957607291 49 49 43 3.27
881 -0.4764027270188882 -0.05078822314402946 0.7871072398578169 103 94 91 4.67
882 -0.4948218241375072 -0.04381307384276741 0.8323168453032785 38 38 36 4.72
883 -0.5045029535396609 -0.02776245635192703 0.9166484505926173 47 43 42 3.93
884 -0.49702268291933 -0.03006106010945391 0.904634806103778 34 35 34 3.76
885 -0.4776444631660648 -0.03581070555216304 0.8391566693653688 44 39 40 4.47
886 -0.5140639644470182 -0.03290816094598005 0.8843152657985226 55 51 45 4.57
887 -0.4725911215753669 -0.03668540126645797 0.8288997456774171 33 32 32 4.5
888 -0.4995184138142091 -0.01897899525184661 0.9243681028176839 102 100 94 4.34
889 -0.510962560166077 -0.01351550822643578 0.9419893135414987 76 71 68 3.71
890 -0.4834390252762981 -0.02593456566437381 0.8097343271564003 80 72 68 4.61
891 -0.5377512359459884 -0.00880224740686443 0.9485049734353416 32 28 24 4.65
892 -0.4741124224679566 -0.02379862179108167 0.7936354237016331 144 136 129 4.39
893 -0.497152616708655 -0.00801586903422067 0.9119067487208102 94 88 88 3.09
894 -0.5099828291100436 -0.0008234045239381461 0.9402151560247899 60 58 59 4.0
895 -0.506247296608374 -0.001100835698238978 0.9298103035766768 60 57 55 3.95
896 -0.5447611801387572 0.01895713530779708 0.9684267867386371 33 27 28 4.75
897 -0.5345501132361 0.01690441211175516 0.9447719168565871 43 38 35 4.55
898 -0.4112666111718051 0.001538978174138601 0.6769492744699448 93 86 77 5.51
899 -0.3894652124739234 0.005920766288096584 0.6797772497677711 97 77 61 4.87
900 -0.4276921233544514 -0.2685337515121133 0.6951728894830608 78 75 70 4.03
901 -0.5139837489110646 -0.2578161885787161 0.8881454395385425 150 155 156 4.08
902 -0.5038706656449734 -0.2387072946770157 0.8944435114997197 127 123 121 4.47
903 -0.4393156773974654 -0.2274531291993378 0.7192598391787567 142 140 133 4.24
904 -0.4393156773974654 -0.2274531291993378 0.7192598391787567 142 140 133 4.24
905 -0.4761814236099216 -0.1617301810398393 0.79538016890245 106 96 88 4.2
906 -0.6200702381231015 -0.1573663399286623 1.09567933276433 69 69 70 4.68
907 -0.4859893993677383 -0.1588639990566485 0.8210109597319163 111 102 94 4.16
908 -0.447545825127929 -0.158777586909529 0.7361608130835122 128 117 106 4.31
909 -0.4685583687617429 -0.1513400481552032 0.7712250971900634 77 72 64 4.23
910 -0.4735747563423092 -0.1502618591659839 0.7856863457042641 104 97 92 4.07
911 -0.4785381636690706 -0.1432706446599721 0.8633297722605227 69 68 68 3.17
912 -0.5967560346832438 -0.115591912710711 1.095133592449036 83 77 67 4.77
913 -0.4220291682148327 -0.1202528371812431 0.6819037772964732 72 69 66 4.62
914 -0.4616721485658549 -0.1147776863367967 0.7563877474392587 138 132 126 4.48
915 -0.485449425019118 -0.109182582866783 0.8165240638054126 140 132 127 4.24
916 -0.4232121531209344 -0.1134227989160861 0.6946157210525009 119 116 109 4.61
917 -0.4624587357489379 -0.1035905120220115 0.8188775883830214 171 160 147 4.58
918 -0.5224568814524949 -0.0672627345015844 0.9455563839170811 89 84 80 4.27
919 -0.4591123627686493 -0.06698627061145378 0.7514125680261824 138 133 126 4.56
920 -0.4712835340704657 -0.06401495702774114 0.7764467463938868 116 110 101 4.71
921 -0.4848446121901065 -0.06165003258615717 0.8121213538698446 138 131 128 4.44
922 -0.4968079791807383 -0.05501461813080717 0.8435596955218164 50 42 41 4.64
923 -0.5022643745071635 -0.02745316033337398 0.921244114539543 142 139 138 3.71
924 -0.4539959288865471 -0.0351657408783036 0.7432206382100223 163 161 153 4.72
925 -0.4606633703050561 -0.01510085533480868 0.7562572091970108 93 82 78 4.83
926 -0.4251938271200336 -0.2527903695022443 0.6870309062637733 133 125 124 4.3
927 -0.4349987449098984 -0.2471289058460198 0.7068159437693176 193 189 184 3.88
928 -0.4377519872724306 -0.2379711022102539 0.720865002978797 143 143 138 4.05
929 -0.4932167532560601 -0.2185519061360817 0.9020398658099972 130 120 114 5.27
930 -0.4992043908172143 -0.1880239413437989 0.853965842326715 171 166 165 4.01
931 -0.4350302487130447 -0.1556394187190357 0.6998147790541834 66 62 56 4.47
932 -0.4807393830976583 -0.138217046516726 0.8025769918565251 168 158 144 4.34
933 -0.424614239162298 -0.1267116370274619 0.6847674378300459 54 56 58 4.46
934 -0.4140826383209341 -0.1230224891819117 0.6460941659887247 159 147 138 4.92
935 -0.4828244708384187 -0.1165850399294986 0.8124979824544259 153 140 129 4.33
936 -0.4888483258186194 -0.09920102449715804 0.8350074579402064 141 135 132 4.35
937 -0.4176632131255091 -0.1008806245018065 0.6836610972503481 69 68 60 4.52
938 -0.4437378097683875 -0.0977831178164882 0.7164380095786665 102 99 95 4.6
939 -0.4175594228918372 -0.09083153339800111 0.6824028711611496 56 57 54 4.67
940 -0.3818115394781917 -0.02898379568951106 1.134619675915279 105 102 98 4.74
941 -0.4755919806054412 -0.04338305004678995 0.793347822382793 171 160 143 4.64
942 -0.539957791702787 -0.02453309426722427 0.9571967589790097 113 101 96 4.54
943 -0.4120825549989043 0.01593793268944184 0.679113100542623 109 93 73 5.48
944 -0.5127721859036563 -0.2581522739733448 0.901421916389148 148 149 152 4.12
945 -0.417362960041705 -0.1908394671712529 0.6676814145858073 152 139 128 4.36
946 -0.466193118684021 -0.1699024732932217 0.7745325348441745 101 97 88 3.98
947 -0.4688499350555754 -0.1403761752546673 0.7766956816978203 171 158 143 4.18
948 -0.6190160608258792 -0.1185538448901076 1.094145261248713 30 26 23 4.82
949 -0.5200724848098579 -0.1063037079359956 0.947000098470455 131 126 124 4.56
950 -0.5132244520677468 0.01505898609757598 0.9556674320858399 60 58 62 2.98
951 -0.4191667617481153 -0.007435467394564476 0.6883361670357844 48 38 31 5.26
952 -0.5213494678236119 -0.2212166793678117 0.882292459945615 173 168 164 3.8
953 -0.4750896725737468 -0.1984958813981565 0.7949388811487687 60 60 63 3.81
954 -0.4750896725737468 -0.1984958813981565 0.7949388811487687 60 60 63 3.81
955 -0.5219192277586631 -0.1717987175774792 0.915675819227902 186 177 171 4.3
956 -0.4949655821168226 -0.1661546147273825 0.8316818801787926 90 84 83 3.79
957 -0.463557372175366 -0.1606917068532391 0.7657722087794141 144 134 127 4.33
958 -0.4759818462756739 -0.1594200064876851 0.7900356933028457 146 136 126 4.13
959 -0.4852809392340932 -0.1566705305645732 0.8169077327558304 149 141 131 4.19
960 -0.4921876167143873 -0.1413376991819743 0.8708943553205535 93 92 92 4.48
961 -0.4872148920207884 -0.1449102527387205 0.8172882596006675 45 44 42 4.11
962 -0.4923795185299122 -0.1350690620302344 0.8291814201128364 163 153 143 4.33
963 -0.4769715925599263 -0.1176813576316182 0.8013773469481911 186 178 169 4.28
964 -0.4834084893807842 -0.1071806708875586 0.8117300303387482 71 65 65 4.49
965 -0.495741116991901 -0.09188536264672977 0.9385742245629143 94 92 92 3.93
966 -0.4946906925645471 -0.07022713451382689 1.116144509163238 49 46 47 4.87
967 -0.4945267699283717 -0.07704579273254711 0.9370597428375927 91 89 89 3.73
968 -0.488768910086565 -0.05688498417085912 0.8215817421117476 177 171 161 4.59
969 -0.527754701389716 -0.04308720436223483 0.9449702532376711 71 67 68 4.38
970 -0.4897710180628824 -0.03681118381181529 0.8609423769479706 58 53 50 4.44
971 -0.5082591277371061 -0.01278875470011583 0.9354656333038416 72 67 65 3.48
972 -0.5329321818379145 0.03593935930928557 1.093383694370644 39 35 33 4.62
973 -0.5030367460713496 0.03629228308078186 1.082612074992088 49 45 44 5.17
974 -0.4439761993352777 -0.1776407597411066 0.7162041026574226 73 61 49 3.94
975 -0.4639310386905264 -0.1469625016266713 0.7649064609456587 89 87 87 4.25
976 -0.438947930228916 -0.1385812152928165 0.7082534480698475 164 155 144 4.57
977 -0.2847467801635193 -0.08392887418563942 1.166136805427909 38 36 25 4.86
978 -0.4660280490277552 -0.1169441440911264 0.8230524944145019 177 163 152 4.05
979 -0.4733075742892057 -0.1106522094399384 0.7865393118210294 81 74 69 4.5
980 -0.4733075742892057 -0.1106522094399384 0.7865393118210294 81 74 69 4.5
981 -0.4522444807421966 -0.09886136629428911 0.7444079219935302 164 154 151 4.11
982 -0.4918726756616003 -0.01822117949537065 0.8930088390016351 135 132 131 3.97
983 -0.246576339474719 0.06124984904762344 1.144718412951652 128 124 110 3.56
984 -0.4577040845270776 -0.1749161326956759 0.7573415572493429 61 53 48 4.14
985 -0.4864414135092048 0.02058329098775014 1.089622765220893 126 112 103 4.27
986 -0.1768853155063475 0.003217440530629201 1.17131958578235 108 102 87 6.93
987 -0.2487613587207435 0.06066278929577908 1.139240157698437 141 136 118 6.33
988 -0.3454236801706186 -0.1585419379212322 1.133343350450467 140 133 122 2.38
989 -0.4339896366197653 -0.1229162565772609 1.11113818271819 126 120 112 2.58
990 -0.2749944127996895 -0.02002674006174373 1.136223163815352 132 136 141 2.15
991 -0.3199211774602191 -0.00513353336999332 1.128160181078084 106 103 95 3.42
992 -0.1940193524526262 -0.003368013809327268 1.169772551927515 112 112 105 1.74
993 -0.6171431708287753 -0.0004126797148807961 1.06257843472532 51 50 47 3.73
994 -0.3211976424417575 0.03844550012458883 1.121181948380199 138 136 129 4.5
995 -0.5086994561297161 0.04183882924510991 1.076292664141882 78 78 76 1.97
996 -0.4094183642124423 -0.09227234787010681 1.111516754658153 131 119 99 2.15
997 -0.349605332047342 -0.02614120158585874 1.123720993888923 71 70 73 1.95
998 -0.4377241383902001 0.009670632563161901 1.093423354271197 133 130 118 2.09
999 -0.3862926984289169 -0.09644435829368574 1.122412984369432 100 90 80 2.96
1000 -0.3862926984289169 -0.09644435829368574 1.122412984369432 100 90 80 2.96
1001 -0.2874196659287613 -0.1440535272684469 1.142491432605449 79 75 68 2.5
1002 -0.4835471220398344 -0.08418199814881185 0.9159540601893343 120 120 118 2.56
1003 -0.4835471220398344 -0.08418199814881185 0.9159540601893343 120 120 118 2.56
1004 -0.3548903523590687 -0.0166127984013988 1.115854335104221 148 147 147 2.53
1005 -0.4380168021766198 0.02021562230969866 1.091981030939853 137 127 110 2.19
1006 -0.4917723260411118 -0.1403725983491362 0.9096333353502301 151 146 145 2.84
1007 -0.5021803355567614 -0.100533752466125 0.9356827569387557 133 131 132 2.99
1008 -0.433837468591361 -0.09125421350673368 1.111142695510463 150 131 90 0.82
1009 -0.2140859809356646 -0.01965479197615727 1.165338201600695 136 139 140 1.24
1010 -0.5063677869279339 -0.02254388151040681 0.9347596400302192 86 80 78 2.72
1011 -0.5070996180582736 -0.1546381694028849 0.9460021460965585 246 252 249 2.14
1012 -0.5630156560129423 -0.1440201302044488 1.086594312914466 120 123 126 2.1
1013 -0.359123497232489 -0.009104123027403942 1.116144587942567 119 119 118 1.47
1014 -0.3040751707035377 -0.1754589695216383 1.14291720550631 128 130 128 1.17
1015 -0.5154490329825552 -0.08089110069733282 0.968629517274629 74 73 73 2.48
1016 -0.4908587164468559 -0.03412023720180093 0.9233203690310727 144 141 136 2.44
1017 -0.5078493259059323 -0.01079356864254087 0.9509893003686203 76 72 69 2.86
1018 -0.4959010372694941 -0.0984328682072913 0.9244384621516477 150 147 152 1.89
1019 -0.5019423234942507 -0.08336021864179548 0.9352894638034259 66 63 63 2.49
1020 -0.5056837805162113 -0.08246110609640939 0.9454358022665971 67 62 65 2.49
1021 -0.4999714474886066 -0.01325133000115824 0.9281817301682048 67 61 60 2.94
1022 -0.5080584552163143 0.01938523860222742 0.947817048583212 55 51 47 3.0
1023 -0.4983970582967201 0.02966333258722657 0.9234464458110873 82 76 69 3.18
1024 -0.4920558694016646 -0.06587502594072242 0.9055901943857361 52 52 52 2.88
1025 -0.4899468877550297 -0.1953138658205248 0.916375898909175 128 126 130 2.64
1026 -0.5048305679026382 -0.1225895423766671 0.9438390141385243 156 153 149 2.59
1027 -0.5122062368899941 0.006799753511927097 0.9556605558300871 62 58 59 2.89
1028 -0.3991876659399334 -0.1515577450715507 1.113538699464151 138 136 131 7.34
1029 -0.2857360612984132 -0.1371005950875276 1.151690229054225 141 103 72 3.45
1030 -0.1983038169410157 -0.131933774891438 1.18541449273725 70 71 73 2.99
1031 -0.5213082378057665 -0.1493074990924922 1.098086288826565 96 91 82 2.56
1032 -0.447159440270431 -0.006609163629011584 1.098911066810366 90 84 77 2.58
1033 -0.5048452044365463 -0.0623522580746025 0.9345604180209284 64 62 60 2.48
1034 -0.512149859032979 0.001835323188878153 0.9564718349623647 73 70 70 3.59
1035 -0.5037404146809614 0.03491378933842784 0.9163848825699468 108 107 104 2.66
1036 -0.4982973459298037 0.03471458131770908 0.9191036834789595 84 82 74 3.61
1037 -0.2314325929002693 -0.171727795499043 1.16847177840779 147 141 125 1.61
1038 -0.4327121760697457 -0.1487143648236927 1.099873955694663 94 89 83 6.04
1039 -0.4327121760697457 -0.1487143648236927 1.099873955694663 94 89 83 6.04
1040 -0.4790362479077809 -0.1436914914127464 0.883012677721596 157 147 141 2.37
1041 -0.379188416385335 -0.09542160660199918 1.124083466866575 127 112 84 2.56
1042 -0.5132909072063924 -0.09234035298683516 1.095300728690472 114 87 60 2.36
1043 -0.5471392362468027 -0.07715614088401743 1.085134308312167 64 53 40 2.28
1044 -0.3952912191084248 0.02977061366600597 1.099486798489638 134 130 112 2.0
1045 -0.4884942186631743 0.02364395064370539 0.917919366453581 116 112 106 1.72
1046 -0.4784913104536457 -0.1608339726427684 0.8626113401715009 153 150 145 3.17
1047 -0.492662946690165 -0.03235041937371777 0.8853444029217231 81 78 71 2.98
1048 -0.5071762976657809 -0.1281679172936759 0.9251460796126426 42 37 42 3.0
1049 -0.4947280395644263 -0.09069956682545123 0.8888423120751219 129 127 124 2.74
1050 -0.4731558485515882 -0.1880477359094848 0.8596746600047369 150 139 132 2.54
1051 -0.4803048858628334 -0.1376001974462321 0.867128783974536 96 93 95 3.03
1052 -0.4781717225788803 -0.01791868367684559 0.8677240542486288 153 148 143 3.2
1053 -0.3326928030388908 -0.1689538410225978 0.516449388280103 168 162 162 1.99
1054 -0.3430724676084193 -0.03774809166920276 0.5468097482660338 141 135 126 2.84
1055 -0.3205860512790744 -0.01107023874327291 0.4787841401996702 173 172 168 2.99
1056 -0.3156867439638859 -0.05974918564974899 1.130871888801273 178 160 119 0.72
1057 -0.3156867439638859 -0.05974918564974899 1.130871888801273 178 160 119 0.72
1058 -0.5898987473515214 -0.2013460042391145 0.9305359303716237 162 156 149 3.92
