# Image list with two lines of data per image:
#   IMAGE_ID, QW, QX, QY, QZ, TX, TY, TZ, CAMERA_ID, NAME
#   POINTS2D[] as (X, Y, POINT3D_ID)
# Number of images: 83, mean observations per image: 124.205
314 0.9984651431968891 -0.028429985183357345 -0.02983742202109132 0.036997589449190744 0.04693165617396252 0.021409941573911292 0.030309665473476178 314 image_000314.jpg

330 0.9913166183476699 -0.000190721119411089 -0.12377252642243795 0.04440368978551082 0.23150351938007946 -0.08330155066529606 -0.5277318311680533 330 image_000330.jpg

479 0.9960927023527669 -0.05765230353189864 -0.06434035738430084 0.01832617865124009 0.11094444385334376 -0.09169840482904182 -0.31840817695377066 479 image_000479.jpg

449 0.9819949019901395 -0.030046633611039934 -0.17894472943341114 0.05255466599997087 0.16435829391345871 -0.03029275394243309 -0.14898913159444277 449 image_000449.jpg

362 0.967618702402866 -0.048145414929755825 -0.24144456038679515 0.05568293891856144 0.411674074484835 -0.11527083848184375 -0.490773159687891 362 image_000362.jpg

342 0.9932274648799782 -0.04827250427009347 -0.09260774800211134 0.050919246505135136 0.11515765981931239 -0.08377194179056877 -0.32244788478397973 342 image_000342.jpg

311 0.9825915057674817 -0.09253286605194341 -0.15039105962750432 0.057741858759289985 0.24129825616919434 -0.11965314241972924 -0.3663663268240497 311 image_000311.jpg

497 0.9995095114728176 0.010396429388725743 -0.005642594131405787 0.02899677951801221 0.016539271061440788 0.060559570263173386 0.3486493074008118 497 image_000497.jpg

460 0.9961371370707849 -0.017653635181910637 -0.07746800170941141 0.03738782566534838 0.09501025872850653 -0.02907810383115603 -0.15957301507341828 460 image_000460.jpg

461 0.9985045112600269 -0.0396917492979218 -0.02947654971931195 0.023333221433836572 0.058417537565211716 0.02667147287990062 0.11086415385748398 461 image_000461.jpg

521 0.9825173114471011 -0.02381920820956259 -0.17551351862464015 0.0573359030624539 -0.032302684381804725 0.03947823475547485 0.100244312690871 521 image_000521.jpg

434 0.988332279068036 -0.002144869771879289 -0.14495452088440017 0.04672135988321 0.1734951717528458 -0.041416054242575225 -0.27591943124124724 434 image_000434.jpg

506 0.997979053016217 -0.02520266599365878 -0.04791263629341083 0.03327193261395401 -0.017129000835326865 -0.021994394967831305 -0.09874313323785498 506 image_000506.jpg

457 0.9877620565775583 -0.008218463947447515 -0.1479172541046458 0.048775624264245504 0.21186493381862553 -0.0529270871764146 -0.32210908319960374 457 image_000457.jpg

523 0.9687806450953739 -0.06997608854292865 -0.23779747265820578 -0.004445638644933223 0.26359828065716945 -0.08550930558644759 -0.13329603962533526 523 image_000523.jpg

409 0.9877720443661757 -0.008196850034346748 -0.14787681680352768 0.048699457165592125 0.21176032483570345 -0.05290396970945547 -0.32215800387458443 409 image_000409.jpg

514 0.9992382180746304 0.004621076520021172 0.022251782826873547 0.03172510241006171 -0.048602994299207496 -0.013813799220481307 -0.06730780270805567 514 image_000514.jpg

258 0.9919822857664763 -0.023848762588214802 -0.11464574713412298 0.047526120084783026 0.21904257739486427 -0.05427573687085471 -0.2848429213787975 258 image_000258.jpg

89 0.9980674506735449 -0.0011255601307218937 -0.05209160353569707 0.03386092623634046 0.0002693867047529365 0.036768510141427554 0.11958786013999989 89 image_000089.jpg

191 0.978296550203641 -0.06485495837164733 -0.18170266754764783 0.07558992373268106 0.2941720887269953 -0.13157557908627276 -0.4734462014711469 191 image_000191.jpg

322 0.7174111485744599 -0.18546192459129415 0.10372350997654868 -0.6634505522131819 -0.4334395106451714 -0.12642109182705014 -0.6914090148997923 322 image_000322.jpg

423 0.9892587007401576 -0.0034182441951994776 -0.13835914061288368 0.04703487474973654 -0.08099774759432524 0.04056443356401728 0.2408778547359011 423 image_000423.jpg

115 0.9727157165992402 0.0011057300897393098 -0.22976507747645283 0.03210814860576604 0.0755047371399487 0.020508971089908852 0.2233126964015861 115 image_000115.jpg

382 0.991890831715593 -0.09418808578911207 -0.07324052028603162 0.04378373787619879 0.18909468391376139 -0.17300638281487124 -0.48169038560362437 382 image_000382.jpg

354 0.955699977520757 -0.08395307770209476 -0.26100333848070617 0.10708266023228627 0.6377662199373018 -0.1005275073619506 -0.344293718877442 354 image_000354.jpg

386 0.9995368066150595 0.005593602410041175 -0.013973233590819926 0.026450761701868046 -0.058131255421736965 0.06612535545739044 0.3824975312953848 386 image_000386.jpg

485 0.9980816956351191 -0.045796448907888594 0.04160819421030513 0.0020885007265023774 -0.20103760386889755 0.02534779257699092 0.07347306509465237 485 image_000485.jpg

303 0.9959714961869222 -0.07450867575702344 -0.03437612100981568 0.03615967367621191 0.24204372634849824 -0.23550351382899742 -0.7326939030115713 303 image_000303.jpg

400 0.9979912055015707 0.025680961895321777 -0.05189052661259664 0.025717874182798826 0.1835192964864309 0.014457769311666136 0.24435747600928032 400 image_000400.jpg

329 0.9820344661435837 -0.0487557637647539 -0.16650766626368113 0.07420503764155638 0.40160701627901807 -0.08198706147375953 -0.377123456514882 329 image_000329.jpg

520 0.991660383290998 -0.015396897292289163 -0.07750708114583019 0.10180995916959724 0.14279858293495898 -0.09424875655949984 -0.5624238552710809 520 image_000520.jpg

421 0.9980155648340364 -0.05784319259415546 0.013371587427566146 0.02098331913979774 -0.09385820245756718 -0.0944595841269792 -0.35276846349503704 421 image_000421.jpg

425 0.9998985656865033 -0.004599765752721196 -0.004775090190452024 0.012605425414338477 -0.04290706317160533 0.036701263256599496 0.19702457764941467 425 image_000425.jpg

208 0.9993735386111573 -0.026618485247419135 -0.007096451584957515 0.022217609589251498 -0.2734842398956189 0.027429356537431747 0.11284237501022767 208 image_000208.jpg

404 0.648534905802378 0.08569965827632167 -0.1686709508732096 0.7372978768526139 0.14322947182019008 0.6091617002053793 -0.4997740891909953 404 image_000404.jpg

53 0.9881102457386897 0.029626972625907858 -0.1465864511516377 0.035676438745181525 -0.09364495487188768 0.012164403442258945 0.12270483257693426 53 image_000053.jpg

90 0.9999095978033087 -0.004571503125746107 -0.0013032368176266707 0.01257752193741746 -0.04150519463173155 0.036656257760103575 0.19738099068327028 90 image_000090.jpg

143 0.992559021019748 0.01021468601338561 -0.11398932583196332 0.04157753247725299 -0.12278811149057048 0.06420788965819928 0.4147585287828178 143 image_000143.jpg

152 0.9761022721328589 -0.030050363943477095 -0.19956199871825772 0.08059993909760726 0.30440230278177477 -0.04554870664717074 -0.25244213285812517 152 image_000152.jpg

216 0.9812195940970349 -0.027141681460982323 -0.1837176865912359 0.052146350816507384 0.23973482268858282 -0.06711461867583766 -0.34283656332673274 216 image_000216.jpg

37 0.9960431752595478 -0.08082819855811206 -0.0257851859479629 0.026456087168616884 0.10223578616414115 -0.13888440401531404 -0.412980447560088 37 image_000037.jpg

189 0.9995995471727976 -0.010877702125364756 -0.015771304009473 0.02082508942345162 -0.13136607649688192 -0.02754767762357718 -0.23588170799872493 189 image_000189.jpg

318 0.7011908935311688 0.03391227476153854 0.11550660445607526 -0.7027371163701711 -0.13658272895203283 0.38694268884738614 -1.0122980671196424 318 image_000318.jpg

77 0.9987241224836265 -0.0035278467880875387 -0.026079038379858206 0.0430995896124983 0.0760455638824368 -0.0070295566756718485 -0.005284883694065918 77 image_000077.jpg

264 0.9944523034683226 -0.07324263919731551 -0.04760097958597463 0.05860273872506534 0.1401988121856061 -0.20284007269700954 -0.6871880268835405 264 image_000264.jpg

287 0.9888751726843054 -0.06035382980989116 -0.12220304288951477 0.05957953390944874 0.1458253903872662 -0.1160708064117997 -0.41694326598605247 287 image_000287.jpg

32 0.9781674371373591 -0.04351242648871091 -0.187680228952236 0.07791837059665141 0.3402997439488069 -0.0773982973350739 -0.3314108407387177 32 image_000032.jpg

47 -0.06927956000249523 0.1917256103571023 -0.05279138246231212 0.9775759044515409 -0.30056253194516475 0.14706856151576467 -0.5638717165841663 47 image_000047.jpg

61 0.9942725744473973 0.007031239700073595 -0.10184096461683595 0.03163894669312046 -0.0998737957661511 0.016013788266790244 0.11092600428865676 61 image_000061.jpg

46 0.9543334161772516 -0.06369001405878592 -0.2847067026467803 0.064291667596362 0.5135793477631398 -0.12493801459357423 -0.3555302884804535 46 image_000046.jpg

123 0.996321696514629 0.0005536430243649089 -0.0817516489606651 0.02567946887353938 0.022059826332588104 0.007662894889880881 0.03722713885982325 123 image_000123.jpg

348 0.9426540669420511 0.002955602358127555 -0.3286280585329007 0.05829390759504119 0.6687323700962372 -0.052381784546966924 -0.254952468948416 348 image_000348.jpg

94 0.9920568693251848 -0.033657051845738924 -0.11757055926773857 0.029453806770968725 0.1341134152466672 -0.037652245602429746 -0.195868919133309 94 image_000094.jpg

39 0.9797788011128401 -0.05179225230112494 -0.18377056324469632 0.05982828174659787 0.2556372566695635 -0.06303294284017759 -0.24524421971754523 39 image_000039.jpg

487 0.9980626375241183 -0.057526393530983246 -0.0011931904360097446 0.02366975086568079 -0.17469273279715627 -0.07692950795299244 -0.3358684518050142 487 image_000487.jpg

214 0.9947405228817973 0.00737450316563548 -0.09525851446870767 0.036915162933331275 -0.17475945923862687 0.0072684943215506155 0.03801205057525456 214 image_000214.jpg

343 0.9962991228921998 -0.053185833137133535 0.06389781330445278 0.021826325394711365 -0.2980021026792932 -0.0645291194270338 -0.3570309713438071 343 image_000343.jpg

95 0.9963752690239603 -0.07599646012115092 -0.026983650468724224 0.027069110874579753 -0.010019872160169434 -0.057681756149096805 -0.25455415340690063 95 image_000095.jpg

513 0.9876209168214238 -0.07788610560532369 -0.12555644933692225 0.052671214210953776 -0.20498923100844962 0.0034601510727042487 0.00874571389209336 513 image_000513.jpg

52 0.6823382990366885 0.030998105284267614 -0.004989159435250559 0.730362008312983 -0.005120786964771911 -0.06410046565151056 0.05950978313708501 52 image_000052.jpg

215 0.9787992785848771 -0.02014796353790418 -0.19489115048424702 0.059694859271739266 0.06985675850470016 -0.018863954915584232 -0.1339785891773915 215 image_000215.jpg

165 0.9625321788170689 -0.023226031571537235 -0.25242212933262154 0.09630903282891706 -0.0032427251485059455 0.015082826594607496 0.26190962244886484 165 image_000165.jpg

20 0.9940065185901936 0.0053483571253525744 -0.10299732710358968 0.036249115450914055 -0.13370409201610722 0.05951221309329337 0.4090404953152674 20 image_000020.jpg

106 0.974796997396566 -0.017505180215925346 -0.22216503644178368 0.010347713740424463 0.3843469582116189 -0.10771120213311298 -0.47350915025570345 106 image_000106.jpg

153 0.9970796788820461 0.05901520164648072 0.016347477885333035 0.045629841588384214 -0.18069771891901706 0.024429454613941637 0.14985540501807132 153 image_000153.jpg

