# 3D point list with one line of data per point:
#   POINT3D_ID, X, Y, Z, R, G, B, ERROR, TRACK[] as (IMAGE_ID, POINT2D_IDX)
# Number of points: 804, mean track length: 6.08
0 -0.1421144019196782 -0.191670187162396 1.205471647628353 147 138 122 2.78
1 -0.03176974821369977 -0.1893345006158801 1.246802970926493 125 132 136 1.71
2 -0.01800170979570683 -0.1850160656493227 1.239562389510364 55 59 71 2.33
3 0.03492285883009246 -0.1826707247478395 1.264164535952713 76 76 74 2.74
4 -0.1449702999715698 -0.1637805980802451 1.192194027486503 172 153 116 4.17
5 -0.2322664328542764 -0.1590236607672323 1.163745671855303 141 132 120 3.73
6 0.08246769759641304 -0.1649793471411319 1.277592493929543 93 96 95 3.76
7 0.08094738777363789 -0.1653440094410831 1.285202607241557 96 99 100 3.25
8 -0.06102207617518497 -0.1521486205907087 1.219839717876378 102 96 87 3.57
9 -0.1787208301995802 -0.1397381566631653 1.194535638152686 74 70 62 4.12
10 0.002765683715450705 -0.1483145050076591 1.258177256181328 119 113 104 2.92
11 -0.1222361288988926 -0.1377493263195831 1.207631670322197 92 94 92 3.82
12 0.03898659278770696 -0.1489168104905841 1.257628327331015 112 107 97 4.38
13 0.0683175304741277 -0.1473826494914292 1.275213311012023 100 96 90 3.35
14 -0.08991267659759973 -0.1366541168944623 1.229344645127677 91 90 89 4.0
15 -0.001893208630573639 -0.1334276232151216 1.256665662769386 139 116 79 3.17
16 -0.1064790587588881 -0.1069713931083444 1.198356057815167 91 102 114 4.39
17 -0.08621057625194899 -0.09836244718860244 1.197733118521168 91 96 108 1.78
18 -0.2584437528605952 -0.08053247603243285 1.148911469532016 153 150 137 3.97
19 -0.4776892334219242 -0.06346815865286276 1.033584708664958 147 128 97 3.16
20 0.01470085198231278 -0.08862739934798125 1.241441474381621 89 84 72 4.43
21 0.02474846425605177 -0.07878393334235652 1.264876956027298 117 109 95 4.36
22 -0.3507878386900347 -0.03309301731580431 1.115459130389054 126 126 118 4.92
23 -0.02133697932792324 -0.03388663475222788 1.234746824894663 80 73 69 3.32
24 -0.2347343873717408 -0.02072125594161755 1.139452205989179 94 96 98 2.14
25 -0.2363992132133328 -0.02469473899898404 1.196819416036524 182 180 171 5.0
26 -0.1069335860838017 -0.02023792949370475 1.203976924817442 94 94 89 4.21
27 -0.298361398461143 -0.006956883493159285 1.111562318872674 102 105 110 2.36
28 0.003075181027954434 -0.01686764975118532 1.261990123952508 129 124 116 4.45
29 -0.3832020199309488 -0.0053061938287703 1.103887377978826 111 110 105 5.13
30 -0.00653899629396875 0.003365277968314955 1.241493982007611 83 81 79 1.71
31 -0.3805975703170933 0.0009427659305630434 1.1083597154996 123 120 111 5.59
32 -0.4391825883642876 -0.2047307935078419 1.109602872547723 96 96 96 3.31
33 -0.3249932017054715 -0.2052338329616063 1.145422858586748 89 87 85 2.43
34 -0.3397250100884313 -0.1976714450809594 1.112489444177957 146 149 150 3.79
35 -0.05388321321294519 -0.2058718695885418 1.228886482943195 60 66 76 3.33
36 -0.04074204139735398 -0.2013548155052819 1.242528372076684 84 99 122 3.76
37 0.009718541352629329 -0.2032691439414523 1.262820484643006 57 61 74 2.7
38 -0.00205739504078236 -0.1979611602444209 1.242741632404094 108 110 111 3.74
39 -0.4697555761245665 -0.1430113802800139 0.988223778629378 70 75 101 3.46
40 -0.2508729058365583 -0.1679746046761397 1.157121778853451 143 136 126 3.46
41 0.008014952838334302 -0.184842975248777 1.252721124137077 84 86 86 2.96
42 0.06886224299928545 -0.1877838319258756 1.269611596180682 106 111 113 3.34
43 -0.2212794509632598 -0.163404090246667 1.168213999028115 156 150 141 3.68
44 -0.4783711050464423 -0.1345361316630595 1.064133701312209 120 108 86 4.19
45 0.09095811754328309 -0.1562466075888088 1.247020695580171 97 101 106 3.56
46 0.09064295997512148 -0.1632789339848359 1.281802193199457 75 81 87 4.74
47 -0.1528486343087267 -0.1352938597987788 1.180667085702028 100 101 100 1.81
48 -0.1567453275626 -0.1385200947963485 1.194005467069561 84 84 77 3.79
49 -0.137199624951299 -0.1394448410201458 1.201710384979131 143 123 79 2.59
50 -0.1478678488601822 -0.1375844613373441 1.181696826123968 69 73 76 3.82
51 -0.1408020881494484 -0.1358975303337552 1.235129032035001 146 115 63 2.7
52 -0.07275540350392817 -0.1370268641267408 1.22272295988137 81 78 72 3.58
53 -0.1409614831586881 -0.118869928452523 1.192679044224705 62 68 74 3.09
54 -0.1322986105355244 -0.1182204197160281 1.216764544042602 183 175 161 2.99
55 0.008068785362941136 -0.1253986523651058 1.241688250362653 129 107 70 4.42
56 -0.4756725386933631 -0.09846851210650442 1.063303633853821 99 93 77 3.96
57 -0.2628690580556623 -0.08682367519384915 1.121688109857637 119 112 104 4.2
58 -0.4889474684819948 -0.07924443098006538 1.081444549045712 133 133 121 4.2
59 -0.3591684506131841 -0.08328538846011767 1.11053405487943 88 82 71 3.9
60 -0.1245644499845688 -0.0753907555470737 1.206918761746143 104 108 112 4.26
61 -0.1376489042346533 -0.07110335846003907 1.19779394738029 173 168 160 3.34
62 -0.01968157876075263 -0.07111118659889279 1.237820883675549 67 66 66 3.59
63 -0.00588624560821489 -0.07036833521998954 1.24682718215816 73 74 75 3.98
64 -0.009567782077028766 -0.06769372333520594 1.257127743529381 66 68 69 3.82
65 -0.5099132802352859 -0.04403307083381203 1.076639723964086 102 95 84 4.22
66 -0.02350456253875145 -0.05858866589800879 1.233203689198751 156 143 118 3.9
67 -0.5107407558861885 -0.04022479560422424 1.082202395897334 79 68 54 4.12
68 -0.02134376736392967 -0.05460571506976406 1.244871333543377 72 69 76 3.6
69 0.02756061643512536 -0.05190854175786368 1.2644400635691 60 64 66 3.96
70 -0.2083681077874193 -0.03902669708872288 1.189710808862482 174 154 115 2.48
71 -0.03548394191471297 -0.03192454034737691 1.241104093425832 150 148 132 4.28
72 -0.3844012734988084 -0.02138642747611195 1.080247624028897 78 81 92 5.41
73 -0.3556883239497717 -0.02223802022845263 1.114746589909659 69 71 72 4.4
74 -0.4559092221156114 -0.0154365837835862 1.091700506979049 115 111 102 4.31
75 -0.1704202486131266 -0.02009198356329846 1.172381954999967 133 133 126 3.95
76 -0.1020519058265758 -0.01827627856157083 1.201942198804307 163 162 154 2.93
77 -0.008548615513650468 -0.01716250082131831 1.254349170518976 69 66 61 4.21
78 -0.1155131212603816 -0.01107163030492133 1.19098197490914 101 94 81 4.13
79 -0.116473418632251 -0.01180831733365699 1.199128324382508 108 101 88 3.81
80 -0.1107985490128319 -0.009984777770737478 1.196659669114443 146 130 100 3.52
81 -0.1036921177334676 -0.0117434529144284 1.187800194203598 80 79 72 3.76
82 -0.4320917162152841 0.004376423618949017 1.094052544072031 39 39 41 2.87
83 -0.4839059905392871 0.005633719232421791 1.008776305981514 44 45 42 4.29
84 -0.4082197443080958 0.01874860809236898 1.098599906411822 91 81 64 3.85
85 -0.5089463904280367 0.02594436295577884 1.065258550534088 55 49 41 3.29
86 -0.3157641062231158 0.03271187444805625 1.133743175519657 89 84 80 4.09
87 -0.3312091860207653 0.03269541186268116 1.111462343863744 85 83 76 4.97
88 -0.2660724389541851 -0.23795715476268 1.164457085410264 106 110 118 2.81
89 -0.1300708598072299 -0.2337904395695365 1.19511256233232 138 146 165 4.09
90 -0.379793972052117 -0.1880402295341968 1.127989491318925 63 67 68 3.14
91 -0.1499561823569091 -0.1887771964673625 1.224004700228501 191 177 140 3.67
92 0.02533917981342636 -0.1990497728553256 1.278118542550044 83 98 108 4.02
93 -0.2442868016590171 -0.1754237986241511 1.165582340398981 148 146 140 2.47
94 -0.5088654196330479 -0.152232561116395 1.072158890319396 161 169 174 3.41
95 -0.1449724824598722 -0.1713592271186509 1.210176805724837 208 194 157 3.77
96 -0.2163781485316563 -0.1651939138494439 1.170451074166503 174 167 155 3.41
97 0.06422063131505031 -0.170308238693544 1.265991942343204 58 66 75 3.75
98 -0.1648045588143267 -0.1324384298192431 1.183894790347436 120 98 60 2.97
99 -0.06065006703375281 -0.1270483464552711 1.228158199091217 149 126 85 3.82
100 -0.508333508608011 -0.1059890097030848 1.078878969335304 130 121 106 3.46
101 -0.1407612404903 -0.1189129795980274 1.215495822352169 195 190 179 2.85
102 -0.432406602301654 -0.09067174493455245 1.121066401519719 171 168 158 4.45
103 -0.4039452034136903 -0.08205574394665241 1.109462276369372 78 80 74 4.01
104 -0.2656166461063598 -0.08040387748233982 1.144917168589075 168 164 151 3.86
105 -0.1694699194375326 -0.07332853195098475 1.180729182537956 173 164 151 3.78
106 -0.05134941285948025 -0.06595754105471768 1.259444514321251 72 75 72 4.09
107 -0.4550982643515407 -0.02558544413841778 1.089513862685292 124 121 113 3.87
108 -0.1584875390734843 -0.01667443556782294 1.171301081327083 127 126 124 3.14
109 -0.0008984215215565115 -0.0158984012479883 1.242734154748955 141 134 124 4.53
110 -0.4398354963543432 0.02057505981702439 1.066254995008749 88 92 91 2.71
111 0.028816775624587 0.01265100120602473 1.262175426427148 74 79 80 4.95
112 -0.437383405707913 0.03123583546761963 1.087851942039376 76 72 65 3.75
113 -0.2044444968089231 -0.2417746054659273 1.187964956908912 198 206 211 3.58
114 -0.1250149220145028 -0.2387704161414696 1.211247551000207 178 185 192 3.08
115 -0.342319338170906 -0.2142964789030131 1.144683849268738 85 85 96 4.03
116 -0.3076708525921644 -0.2101723202918057 1.130166539473869 72 73 81 3.78
117 -0.4700837899618053 -0.1698668808135785 1.015859198952867 119 135 150 2.76
118 -0.2806583708597569 -0.2004229411212738 1.183334964937452 78 81 86 2.42
119 -0.4176374306185396 -0.1867389930632255 1.116219987626664 73 75 74 3.57
120 -0.3527183650762923 -0.1855028036798868 1.130095515802753 86 90 97 4.28
121 -0.4317022618732685 -0.1771916063480016 1.106727020962695 123 126 130 2.77
122 -0.4371375637363693 -0.1791880931653232 1.117063745829515 123 127 132 2.86
123 -0.1995350483249596 -0.1924176826415871 1.179157642581282 163 159 154 3.45
124 -0.2961315323574732 -0.1811831696614595 1.142804649716487 80 87 92 3.2
125 -0.2944758886106844 -0.1774567930789821 1.16029745315731 150 152 150 3.61
126 -0.2816781043549935 -0.1770915112317066 1.156386538008682 131 132 131 3.04
127 -0.05291838316201555 -0.1908822302961358 1.226845666756129 77 84 95 3.52
128 -0.5131254202853804 -0.151422037667748 1.06076158962646 96 98 100 4.09
129 -0.4888387990504752 -0.1476269634097921 1.049988987428088 66 62 55 3.75
130 0.06014716897618916 -0.1800730422595399 1.274521785940865 71 78 88 1.99
131 -0.4775975186319686 -0.1504039431366448 1.091168084259802 103 99 90 3.35
132 -0.3707486329257113 -0.1510861066838441 1.125828949835616 117 110 99 3.27
133 -0.2790001094882168 -0.1501197288698034 1.151561127514216 113 108 97 3.19
134 -0.2446758083097974 -0.1512296537732103 1.162784783726264 141 138 129 3.84
135 -0.5143265115279505 -0.1324559666056461 1.086283693718584 114 118 117 2.79
136 -0.513874618467117 -0.1349046432115982 1.08796831344346 115 115 113 3.54
137 0.02239537621023773 -0.1586124960512525 1.250238737373363 95 90 81 4.58
138 -0.5080839037139798 -0.1271525364016131 1.088256435616306 60 56 52 3.62
139 0.02531315907849919 -0.1425871609417072 1.26311550457656 106 108 103 3.74
140 -0.4267985558157588 -0.1037823458071154 1.091767968902766 64 62 67 4.17
141 -0.285561126218541 -0.09778544704549987 1.1132337927878 118 118 111 4.79
142 -0.2392130653645153 -0.09482081469674597 1.1534645942247 109 95 83 2.47
143 -0.3702912009959963 -0.08266203148106116 1.159284060227441 90 83 76 4.83
144 -0.3585986047877747 -0.08019032887449536 1.127879809854968 54 48 49 3.8
145 -0.5164834152312068 -0.05606117458538912 1.067532347405409 49 52 51 3.6
146 -0.5374244938205649 -0.0370016803211721 1.091714114601218 19 20 20 4.33
147 -0.4974359519408565 -0.02451136124091891 1.087818006470207 125 127 126 3.16
148 -0.4812688768242587 -0.00547891696940853 1.076067730242049 63 64 61 3.03
149 -0.1900711122863989 -0.01292628100260752 1.185541853017723 105 107 108 4.53
150 -0.1809366069227006 -0.001559368376185697 1.162217518983498 95 96 90 4.16
151 -0.3887440913428742 0.006455073081694577 1.102416711560932 127 120 105 3.74
152 -0.5236636341543547 0.009536155681002408 1.071328419833172 69 72 68 4.59
153 -0.2000739744155106 -0.2519869906108965 1.190210843121713 130 128 124 3.21
154 -0.2049279844896928 -0.2555405658024296 1.20747843014199 131 129 121 3.95
155 -0.1312481200815736 -0.2474586694381346 1.206186915232883 107 113 101 1.9
156 -0.1298820001103352 -0.2459619844549142 1.20173355295423 115 117 109 2.44
157 -0.06238413390143513 -0.2462625324218423 1.236520730958607 126 130 127 2.64
158 -0.1977168901127473 -0.2324584497083846 1.181937769974442 126 133 144 3.0
159 -0.3295071754799117 -0.2153696133779887 1.141379795068976 138 138 140 3.27
160 -0.2309788150101259 -0.1796662433356988 1.167970080724674 161 155 148 3.57
161 -0.02609544731886093 -0.1791328062675259 1.242714059597559 138 137 136 3.91
162 -0.05734521326547123 -0.1579860755975085 1.230101037018921 99 95 92 4.16
163 -0.4526442987927588 -0.08742130136129081 1.046010118784071 96 86 63 4.91
164 -0.5083672573382596 -0.06540223201273883 1.083370007702065 65 58 50 3.88
165 -0.1965437623225547 -0.007915406751477783 1.176729125839287 129 126 118 3.58
166 -0.3196921781536559 -0.005735955968533913 1.122078002851489 102 97 81 4.39
167 -0.1892693433121208 -0.2285568192803635 1.200878287108284 221 222 226 4.67
168 -0.4264712318562975 -0.1854661471510659 1.1124089675339 140 142 143 3.32
169 -0.3109864726456241 -0.1834992002587356 1.148269339521971 158 157 155 4.68
170 -0.2885555591423358 -0.1661669696707918 1.146825137191101 87 86 82 3.47
171 -0.2663178694241954 -0.164177801334176 1.147226093023027 84 78 71 3.55
172 -0.01083337351341851 -0.1773617937954771 1.247895682803921 63 67 78 1.94
173 -0.5174785225427082 -0.1373057248525772 1.07279621744346 41 44 56 3.73
174 -0.5174785225427082 -0.1373057248525772 1.07279621744346 41 44 56 3.73
175 -0.4338302322701879 -0.2117084697692153 1.093785937753442 147 154 155 3.84
176 -0.4440342742497699 -0.1887319193530347 1.112585278093826 63 66 72 3.79
177 -0.3276189725106417 -0.1880106588448045 1.141422447220189 74 76 81 2.9
178 -0.4874875426241619 -0.1557058851055672 1.110623275902811 138 131 117 4.2
179 -0.09161668049652558 -0.1681270496896777 1.211939837111415 144 140 128 3.33
180 -0.1805069851160421 -0.1587301937496233 1.177219793739019 143 139 132 3.75
181 -0.258419434195224 -0.1537246403877933 1.155581663804508 166 154 138 3.94
182 -0.4967114112765629 -0.1199669765373862 1.089276542053013 152 147 132 3.67
183 0.04158596313266713 -0.1402533903874773 1.254680729089612 123 113 94 4.49
184 -0.09877068371688962 -0.1094634265679849 1.214738274389036 179 175 162 4.06
185 -0.09827638105783171 -0.1093489554839118 1.215062160941469 189 185 174 3.69
186 -0.1159635474815425 -0.1036121721924143 1.209467994095375 103 107 115 3.91
187 -0.0809769716270628 -0.1020970980006158 1.22018484949711 90 93 96 3.59
188 -0.0809769716270628 -0.1020970980006158 1.22018484949711 90 93 96 3.59
189 -0.1347237093901476 -0.08336047923267396 1.210408078038005 184 184 179 2.61
190 -0.1354094654232043 -0.08302511455189036 1.206004165093533 172 172 169 2.49
191 -0.1652554476499684 -0.06737814245836476 1.185093755224254 190 172 144 2.66
192 -0.1683062927907744 -0.06651562346299937 1.194135113252515 196 177 149 2.95
193 -0.2401063047261566 -0.03792515046557502 1.139318530971639 84 88 96 2.94
194 -0.1690177392982728 -0.03087829864993918 1.193447959635794 195 173 115 2.37
195 -0.1339997540754443 -0.02874039702960739 1.203283914855866 183 170 123 2.6
196 -0.1339422271623065 -0.02827390431362888 1.2022442556443 177 167 120 2.46
197 -0.184703076273539 -0.01625663765960334 1.184403232473517 87 89 90 2.17
198 -0.184703076273539 -0.01625663765960334 1.184403232473517 87 89 90 2.17
199 -0.4553657874314199 0.00640400505733428 1.079728752151341 123 119 105 3.62
200 -0.4244925674427354 0.006722572717167251 1.101255233124085 147 140 119 3.67
201 -0.424371663930149 0.007828836310753984 1.101202659807448 146 139 120 3.2
202 -0.3442714218404302 0.009832124867451195 1.115011408897256 145 138 122 4.33
203 -0.3247464855838189 0.02826120336214454 1.121422343621083 118 113 105 4.98
204 -0.1765829612411306 -0.1883680403765081 1.18859767358671 192 180 151 3.77
205 -0.424178271635517 -0.1184466145102944 1.109812315967862 164 157 141 3.66
206 -0.3776519010481783 -0.1145938462940833 1.100459421495189 157 156 144 4.23
207 -0.2644206544427371 -0.1185020238695046 1.157397484000239 173 170 158 3.79
208 -0.2471048754347748 -0.1082563867522036 1.159086813793237 75 74 74 3.25
209 -0.2471048754347748 -0.1082563867522036 1.159086813793237 75 74 74 3.25
210 -0.2156960262360459 -0.1085636746438719 1.173552530765319 76 77 84 3.17
211 -0.2156960262360459 -0.1085636746438719 1.173552530765319 76 77 84 3.17
212 -0.1678668957255423 -0.08993235701422587 1.197086789962261 179 177 169 2.36
213 -0.06454944934145074 -0.08454472232068845 1.228654994594609 178 178 167 4.41
214 -0.4968248885222808 0.006706492618743725 1.076889285285801 131 126 112 4.05
215 -0.4783156786384974 0.007185403169500763 1.080279287911011 28 30 30 3.38
216 -0.4760813739588209 0.006370398638530436 1.079790844364288 30 34 35 3.0
217 -0.439414586752913 0.004528451071514305 1.089611241922007 35 38 44 4.3
218 -0.3669890815412016 -0.1086926428481772 1.127846184194122 77 71 65 2.8
219 -0.2629769569555142 -0.08724216282353035 1.149210710001335 173 170 163 2.77
220 -0.4415794665893515 -0.08040809902314908 1.100895884238831 90 91 90 3.92
221 -0.4412545741771867 -0.190425546319301 1.020782833540164 54 71 90 3.22
222 -0.04286001184007399 -0.2079795842218291 1.241830391474843 56 66 83 3.04
223 -0.1360629701138751 -0.1674184222047199 1.192462024654954 138 136 129 4.52
224 -0.2860252896153527 -0.2118161424237582 1.14472010291582 73 80 90 2.24
225 -0.08029460775732675 -0.2331175260574529 1.213937842563849 141 144 144 4.65
226 -0.1222079422962993 -0.23505894056051 1.170657261065552 125 119 120 3.1
227 -0.115211918770388 -0.2313837268627656 1.143300328098404 118 110 105 2.64
228 0.07911797145502814 -0.203389981944553 1.268191737582098 104 108 108 2.95
229 0.02252010391742464 -0.2094500400614244 1.275307137359843 103 112 115 4.8
230 0.06836650017992418 -0.197075064572416 1.283237904737015 105 108 102 2.35
231 0.06836650017992418 -0.197075064572416 1.283237904737015 105 108 102 2.35
232 -0.2619194856426683 -0.2438749929400998 1.152504572176163 114 106 106 3.16
233 -0.2619194856426683 -0.2438749929400998 1.152504572176163 114 106 106 3.16
234 -0.01896166714097346 -0.1916509072268822 1.179595148228064 157 153 143 2.23
235 -0.001530602102706308 -0.1853828238631797 1.20623717086897 79 77 75 2.71
236 -0.1176924372790672 -0.2040839407842519 1.214634702360679 120 116 105 2.87
237 -0.02659399018890772 -0.1841615142677007 1.228643002953986 99 98 92 2.92
238 0.08474954898722789 -0.1644382800160478 1.281540811304847 54 53 54 1.94
239 -0.1599883318746144 -0.2003895576328516 1.195643630472846 147 138 123 3.62
240 -0.08927862335993611 -0.1750705451931546 1.211015980638689 139 133 121 3.91
241 -0.1204542193437406 -0.1793613874121611 1.210954691024766 148 141 129 3.77
242 -0.1507812476360587 -0.1781232536507869 1.203403773687406 157 143 116 3.38
243 -0.1563647655730111 -0.1825686789040408 1.230554328019219 168 155 127 4.13
244 0.02554011682440794 -0.1477844483583924 1.241765911722674 108 104 90 4.3
245 -0.3016442092105164 -0.1995732405507561 1.137953940229587 127 128 129 4.31
246 0.008576772246219319 -0.151306528915402 1.254154692617041 99 93 79 4.05
247 -0.07293525078331269 -0.1597890447333671 1.211559906798236 137 137 131 3.82
248 -0.1224030920078767 -0.1630925115313601 1.192920990738371 135 130 122 3.74
249 0.0772563854405614 -0.1330337537389654 1.264588366467738 107 92 68 4.53
250 -0.4293125844083627 -0.2043007597560422 1.063786457260011 140 140 138 3.77
251 -0.2651169322472036 -0.179700483937451 1.171766200692025 109 107 99 3.96
252 -0.4407782195094321 -0.2017427860324205 1.097273356037047 106 104 99 3.97
253 -0.4488132801162168 -0.203897636368969 1.070557630376632 94 93 94 4.8
254 -0.4211936475368146 -0.2016687135400391 1.113407421859976 115 118 119 4.28
255 -0.1771643658356537 -0.1541047675454875 1.162745741390518 146 135 123 2.58
256 -0.1776992010600545 -0.1565217262122361 1.18385258978443 147 139 131 4.5
257 0.06457358863738502 -0.1167605585880197 1.273738118336996 102 99 89 2.66
258 -0.273992506278929 -0.1727759072924529 1.171278609385822 99 94 88 4.31
259 -0.06810048280799591 -0.1415577531809236 1.225712326045613 118 106 82 3.03
260 -0.05480405897155505 -0.1344556810883155 1.21267275428448 107 90 64 3.18
261 -0.4257741141592601 -0.1930456918663029 1.11586985699849 78 79 86 3.79
262 -0.4391121823571836 -0.1961998559028829 1.104211006228879 63 66 65 3.46
263 -0.2482807299957236 -0.1671058237433058 1.176236934591741 137 136 130 4.67
264 -0.2213901369894376 -0.1569466284275569 1.164393307155583 136 128 116 3.69
265 -0.09662576944156173 -0.1389877584316365 1.197579024288012 138 134 110 4.05
266 0.00936794045857332 -0.1141859955851021 1.229337374367604 143 129 107 2.19
267 -0.4634165643361468 -0.1884208576729392 1.125338853163075 76 79 79 3.51
268 0.02294410965273794 -0.1145818175155405 1.259558721919714 71 71 71 4.16
269 -0.1546845936383184 -0.1361036339085726 1.165039418677498 103 87 65 4.22
270 -0.02898339786963616 -0.1226814484579352 1.245385872729698 162 143 99 3.93
271 -0.4381963462430101 -0.1776362051218198 1.100906700690637 79 77 79 3.76
272 -0.05911393452605215 -0.1180270736108788 1.212102601240153 157 151 134 3.67
273 -0.1760488161658018 -0.133774455884792 1.10500017357738 108 96 81 5.15
274 -0.4799331153593342 -0.1813138043689326 1.070162509688328 80 79 79 3.96
275 -0.2086404457652478 -0.1393886628506653 1.173093309831862 70 69 64 4.92
276 -0.2163742894025634 -0.1390961701339293 1.151872006342833 82 80 76 3.88
277 -0.2008784075503347 -0.1391795119489679 1.185710933695044 140 114 71 4.21
278 -0.2015267265534669 -0.1411968003270985 1.194526727690731 138 121 75 4.66
279 -0.09788021412251534 -0.1227755628767936 1.21651163663216 164 150 122 4.19
280 -0.4519782581225548 -0.1685489306889488 1.095887839022855 74 69 64 3.44
281 -0.1317670281534919 -0.1217936615799116 1.19421169547818 142 136 117 4.65
282 -0.2509865787246831 -0.1321978086518717 1.114046540842681 120 98 67 3.81
283 -0.1327562595297362 -0.104849440286494 1.222484733867716 174 165 157 3.16
284 -0.3557806906946651 -0.1352383125941793 1.03630307223911 146 122 87 4.35
285 -0.3909305117523082 -0.1393307474274177 1.105017383266707 51 48 45 3.16
286 -0.01765579448138221 -0.09057903733804143 1.239307091003683 97 99 109 4.34
287 -0.5435917684080784 -0.1614126535752055 1.087519238249554 111 108 103 4.77
288 -0.5398091872898816 -0.1623761183774256 1.08429496192033 104 101 98 3.95
289 -0.379277091571314 -0.1357420022663786 1.115514030954238 140 123 84 4.76
290 -0.09708365212734998 -0.08811321874216588 1.075426674794795 170 163 148 1.95
291 -0.4499857819129335 -0.1377416451753106 1.092437273613303 111 93 69 3.31
292 -0.04006748895335038 -0.07538915854961997 1.248249742261989 123 129 123 4.76
293 -0.528552682203823 -0.1450856859873938 1.079609415858677 120 117 111 3.27
294 -0.4582294707709155 -0.1281339350723362 1.109239406756756 112 107 94 4.03
295 -0.2295439004080794 -0.08744929779089509 1.140984116717398 71 65 56 3.91
296 -0.2323955562837611 -0.08209497209655317 1.153900226458622 181 172 156 3.88
297 -0.2072011937758867 -0.07754183616812083 1.168192959360498 68 66 65 3.27
298 -0.2917403901232607 -0.08359262258813402 1.145480059105893 115 104 80 3.4
299 -0.3703094726712641 -0.08427399042075637 1.120223421965467 76 69 62 3.86
300 -0.449250627145039 -0.09740592678571873 1.099000423604455 96 92 92 3.85
301 -0.4856737195358378 -0.09506019977647767 1.026456829801371 43 40 37 5.04
302 -0.474557282884858 -0.09346682477109225 1.053999637757353 120 112 95 4.2
303 -0.4205557214745991 -0.07856214016048341 1.093326614759516 146 140 120 2.83
304 -0.4482986149734361 -0.08000350319382311 1.09202580440247 57 56 52 3.28
305 -0.4524465049514441 -0.07700041730852478 1.009408808260862 80 80 78 3.67
306 -0.5044131689770696 -0.08189461762779945 1.113881118214661 33 36 30 3.97
307 0.04630851867443513 -0.0149170268042252 1.254171183025692 155 157 148 4.29
308 -0.05570123351109516 -0.02302335767350975 1.216504039191079 107 103 98 5.61
309 -0.4966598787197382 -0.07402645041224032 1.07817465253704 178 163 134 3.86
310 -0.04091104868010046 -0.01875614957875771 1.246027638382381 68 68 67 5.4
311 -0.120403698768228 -0.0282400865320449 1.000302710244728 166 147 106 2.09
312 -0.006214610923367524 -0.01357609025750334 1.243630476719776 87 81 65 3.92
313 -0.07367011500422697 -0.01747921667317686 1.247311041751527 174 171 152 3.47
314 0.001933098848093886 -0.01203128664123542 1.253634864065603 133 132 128 4.36
315 0.01152598798861635 -0.004121369996299105 1.238718183525303 134 126 119 3.94
316 0.009237834697148478 -0.009498686214109715 1.228225013099195 108 104 96 6.27
317 -0.1829205428343353 -0.02077488693872475 1.170458317841557 90 91 94 2.37
318 -0.004238792848760151 9.66525780471192e-05 1.23763005019024 80 68 53 3.98
319 -0.004140337267245466 0.0009321409940038071 1.241427183476829 64 58 50 4.38
320 -0.01380861227321659 -0.001497839247553741 1.208603748174874 128 118 93 4.4
321 -0.1897556234464801 -0.02121528845214543 1.154930811210828 143 137 127 4.56
322 -0.382704551389471 -0.03856999874494484 1.025105844549071 113 104 82 4.46
323 -0.2735954513595732 -0.02468229699078277 1.157995611483313 160 156 140 4.04
324 -0.2323754941986597 -0.01559150397878332 1.138467607296475 71 73 72 4.33
325 -0.3032811650531674 -0.02490034439187386 1.121282357488734 122 118 102 4.46
326 -0.2104531503488744 -0.01142638137066415 1.150633216005315 104 91 75 5.09
327 -0.01848568117212315 0.02393430612254321 1.284907646034399 80 79 77 4.28
328 0.007930878830907075 0.01818474222019881 1.229209225946255 108 103 86 6.48
329 -0.3786262797511323 -0.01516264622169295 1.10278284202076 114 111 105 4.27
330 -0.06370638686837565 0.02059085652554547 1.183209716656066 54 54 48 6.12
331 -0.3645622662180499 0.001415549716119854 1.058388208466618 92 88 83 6.0
332 -0.2325863757687994 0.0183842478052763 1.140705040861759 149 142 124 3.98
333 -0.0710748595643531 0.03994100817559272 1.204662726081742 91 88 77 2.99
334 -0.2383583305743874 0.02207091286132618 1.136358756679365 83 80 78 6.18
335 0.0167171747627753 0.05103487149482323 1.323114639660306 77 73 66 5.23
336 -0.1214060452407781 0.03817807198875568 1.192591176464858 46 48 47 4.0
337 0.001853217276701614 0.04937149853453172 1.233645517555819 112 112 108 3.69
338 -0.1455546486318443 0.03437188429473297 1.20875333865197 81 81 74 4.53
339 -0.08298232340294845 0.04190401900365052 1.205978902320993 44 44 40 4.11
340 -0.2171073662936121 0.02897102568775182 1.153931969810923 105 96 89 4.67
341 -0.2739552851411621 0.02611550943260476 1.127753177313354 78 75 66 3.67
342 -0.1502889954808114 0.04065805882231886 1.175872356118755 42 41 41 3.44
343 -0.1431184533430507 0.04101515707882877 1.181180954790817 63 61 56 3.08
344 -0.07173345526344782 0.04624649820370309 1.226456007514968 140 137 128 5.9
345 -0.1742646802455884 0.04239152358514334 1.179031282457012 71 73 65 4.59
346 -0.1874910350295989 0.0409720622640657 1.193133261349391 63 63 55 5.39
347 -0.2598334055573021 0.03426659504715037 1.144939292471594 117 112 97 4.72
348 -0.2061240888173337 0.04272151446775646 1.175909356035644 130 123 107 4.68
349 -0.2852127272814926 0.03638107002582536 1.119638940550895 100 98 92 4.81
350 -0.2554385385147234 0.0408852434044687 1.149429227051325 68 67 58 4.36
351 -0.1748164898469254 0.0491121919380022 1.153974233603416 52 52 50 2.58
352 -0.2038586475718798 0.05141753343803822 1.253862822699092 70 69 67 4.07
353 -0.3684865538974288 0.02846636636153878 1.113913891149461 96 85 68 5.08
354 -0.4671512330855361 0.01968955360049485 1.08028797438153 62 56 41 3.93
355 -0.1308680484519024 0.05520723738613113 1.175029527605132 71 74 65 4.44
356 -0.4263374181756233 0.02657904906597313 1.080617237771449 73 68 55 4.48
357 -0.3449189162722215 0.03487469175060347 1.085410660479838 54 52 47 4.34
358 -0.390734167038027 0.03750592045525007 1.095496252811516 62 57 56 2.66
359 -0.3465592363209464 0.04071346312881678 1.150235656688697 62 60 52 4.36
360 -0.3568662658459938 0.04125001453046596 1.17155865553926 68 66 57 4.19
361 -0.4062135178367688 0.03058639219360434 1.042469858776038 84 83 73 3.83
362 -0.3469860869855886 0.03757846046373328 1.106049002336801 111 105 92 3.96
363 -0.5364080231786678 0.02712579361456723 1.110790873587933 71 67 53 3.98
364 -0.3989571441965981 0.03385684823062976 1.040086868040784 84 82 76 4.69
365 -0.1934089013421995 0.05713575895766837 1.152251350569954 91 86 77 3.34
366 -0.1061607711167447 0.05159416850605995 0.9732490991744566 91 90 84 2.15
367 -0.3857253489425366 0.04159161954521068 1.13396172594134 82 79 69 4.98
368 -0.4076053220090863 0.03800364840233165 1.087124800998379 66 61 55 4.21
369 -0.4586440510905249 0.04149479260063058 1.083685062144939 105 100 88 4.24
370 -0.05493128014627702 -0.2352848588200973 1.204451501498398 123 111 101 3.44
371 -0.05493128014627702 -0.2352848588200973 1.204451501498398 123 111 101 3.44
372 -0.0167406461178858 -0.229557875809336 1.245771387386893 190 191 199 2.76
373 0.06453200264433093 -0.1994409031921301 1.211599513397655 94 101 104 2.76
374 -0.1067843408208498 -0.2349793580200059 1.255805880691881 76 79 82 3.68
375 0.05315433044841596 -0.189626526135109 1.209486698666105 93 99 107 3.2
376 0.01932941193390071 -0.1933150339611824 1.203499589667731 84 88 94 3.2
377 -0.05511240160733084 -0.2023309475876673 1.156993471397814 167 164 149 4.1
378 -0.2721377445205821 -0.2426527705888193 1.16750481031159 166 169 176 3.15
379 -0.2648684086023481 -0.2307434710057502 1.162617631343673 138 142 149 3.26
380 -0.2520210704065465 -0.2223024316905076 1.120697082972693 119 123 126 3.95
381 0.01360971114591357 -0.1841828665785483 1.23401097033011 87 86 86 5.43
382 0.03090415096786078 -0.1744750502992731 1.267918370360822 98 101 103 3.97
383 0.005704302664492428 -0.1738461419561984 1.252664399648749 125 124 120 4.7
384 -0.07050526242531439 -0.1816977475470525 1.217128822238418 155 153 146 3.63
385 -0.3226358586635322 -0.2061626484133069 1.138602300990067 108 105 101 3.14
386 -0.3285657714011847 -0.2051620822419515 1.134716224125587 109 106 105 4.07
387 -0.3313189740850736 -0.2057475618270619 1.141654419115354 97 92 89 2.48
388 -0.430660117360612 -0.2117930778816043 1.112997373988346 75 75 77 4.12
389 -0.4464513066864729 -0.2088033245355362 1.08886951403755 79 77 81 4.13
390 -0.4478732582829745 -0.2118829848691569 1.139563285543209 136 137 136 4.28
391 -0.387719455286449 -0.1863080382168499 1.128489739318438 130 130 128 3.71
392 -0.3874444550761088 -0.1860118724741449 1.128352886130318 124 122 119 3.52
393 -0.389769472497608 -0.1861077860365295 1.119327116872079 75 73 73 3.35
394 -0.2538038171957492 -0.1626870452485157 1.153068991843428 142 135 123 4.15
395 -0.1446236241989473 -0.1431170702300316 1.190087697191484 110 109 103 3.36
396 -0.1121381918573832 -0.1370964256493802 1.229097228338342 83 81 74 4.06
397 0.03613893043466751 -0.1162853281591453 1.230382569763865 54 58 54 6.01
398 0.01310153262238268 -0.1150148987388808 1.2464531438866 49 46 42 4.23
399 -0.1510807791837493 -0.139132872009041 1.230578833049522 76 75 70 4.59
400 -0.108131543688304 -0.1198993431050558 1.072564796153687 84 72 64 2.22
401 -0.03685494519208539 -0.1102997673049493 1.133696978714403 75 67 64 1.79
402 -0.1461351809403987 -0.1260399305811719 1.14506287331225 50 53 60 4.49
403 -0.2530768914642614 -0.1411853246941139 1.158895478225883 68 66 67 4.0
404 -0.2322207619178873 -0.1418307242759108 1.169982892163886 153 136 97 3.56
405 -0.2760089025215713 -0.1426325464916643 1.150727925935652 62 63 58 4.14
406 -0.2661458973223654 -0.1399618828474422 1.125104743929833 80 77 73 4.38
407 -0.117322923549541 -0.1201801215831879 1.238102706065428 108 113 115 4.14
408 0.02934547693201478 -0.09546443382080334 1.261339997839458 84 84 76 4.38
409 -0.3413492196422984 -0.1410321637133007 1.112705818658196 144 124 85 4.8
410 -0.004003923431884465 -0.08282625199642961 1.230830783986803 86 89 92 4.29
411 -0.01951111556125708 -0.08640189249249428 1.235464108610887 95 87 80 4.72
412 -0.3638160449767225 -0.1242203450359464 0.936716223966667 58 60 55 4.86
413 -0.4050882786046018 -0.1336094600524841 1.015486538341992 82 78 70 5.24
414 -0.3211773569982602 -0.1205207571169674 1.08142299919064 170 159 138 5.09
415 -0.208696429052508 -0.09703923116965889 1.179162432366386 89 89 92 3.35
416 -0.4533487499559417 -0.1322985219287347 1.077156442259378 134 117 93 5.12
417 -0.2225230007885349 -0.1005436903894844 1.165767138868766 93 92 92 3.76
418 -0.1088006146727024 -0.07568979604963824 1.217868154176578 82 86 86 4.57
419 -0.1604414383889933 -0.07868995325808908 1.184630469962114 155 147 135 2.23
420 -0.01371448361579987 -0.05919799808827159 1.202425091140145 83 76 63 3.57
421 -0.225705779081696 -0.07940745112068985 1.157656762292439 125 124 118 2.91
422 0.02337049390895929 -0.0467161175734409 1.266890447841987 66 70 71 4.01
423 -0.2800250894384952 -0.08479612016310902 1.156290957232392 114 102 81 4.98
424 -0.202626946220978 -0.07535118501667949 1.175697923219859 196 187 169 4.58
425 -0.5070436406812446 -0.1134789675465343 1.1203232713705 63 58 56 4.03
426 -0.2551906049071453 -0.08172815472507604 1.160793323587444 121 107 94 3.79
427 -0.4554744206541221 -0.1007980268333857 1.064236361027168 85 74 63 4.93
428 -0.2562353243404587 -0.06847553570577815 1.138755203358877 149 136 112 3.18
429 -0.3496811195385846 -0.07891188483696085 1.16747545352538 62 59 55 5.15
430 -0.3484479622556069 -0.07983071387873572 1.122384948678105 133 124 103 3.31
431 -0.4115786500141532 -0.07742742953193026 1.106057148581209 46 45 43 3.14
432 -0.5168013796507397 -0.08790617598823618 1.079722068663814 35 28 23 3.78
433 -0.0369658967494854 -0.01670649725433834 1.255379166540371 159 154 140 3.74
434 -0.05588536575246972 -0.01319147146145515 1.206983194620181 145 140 132 3.34
435 -0.1280190582766716 -0.01882201807303056 1.180503632405011 127 124 113 2.64
436 -0.101855496475463 -0.01637173614835435 1.053160871920352 146 145 134 1.93
437 -0.4656239808625493 -0.05545213941036344 1.093481570812275 156 137 99 4.17
438 -0.1103809429908515 -0.01176876908934707 1.187785161725814 130 113 92 4.27
439 -0.5036365805879839 -0.05595446177669956 1.073373135879706 55 46 38 4.77
440 -0.2327796511434736 -0.02275550807252785 1.162783814067033 139 132 117 4.44
441 -0.2707396733203254 -0.02442913023856286 1.165467755981885 137 134 121 5.06
442 0.00445794669694826 0.005899131088243029 1.221155257906956 116 114 108 5.12
443 -0.0139520126287789 0.01076236629571099 1.204867885068703 49 46 44 3.5
444 0.008503961929088769 0.00765336158753585 1.229641692255982 100 96 84 6.66
445 0.00449349406058734 0.01133037525411431 1.232274387515775 109 102 88 6.07
446 -0.4939055027207043 -0.04545122100475122 1.069540289887007 106 92 63 4.71
447 0.0329749269666471 0.01775341034254699 1.25931782555943 97 101 95 4.67
448 -0.4225580317485723 -0.03477465750497197 1.085087893263978 126 114 88 4.5
449 -0.4008698845493707 -0.02816433351496987 1.112746841375542 36 39 41 3.76
450 -0.3801935819531671 -0.02591667246406251 1.108937231683086 139 136 124 4.58
451 -0.5252158344030426 -0.03784642678198442 1.093410061800055 42 38 38 4.11
452 -0.4291023613516251 -0.02816982255595738 1.079884486281856 62 60 54 4.03
453 -0.3353103331951475 0.00142852303004431 1.116557342044354 78 76 70 4.64
454 0.03572503694940756 0.04980258163405771 1.243599133720125 102 101 97 6.08
455 -0.02033844863179463 0.04683452871804281 1.212444212390403 92 84 71 3.92
456 -0.004844085894957259 0.04708640536531884 1.241945900308275 78 77 72 4.85
457 -0.4289259448961607 0.004341273163264241 1.096738582596811 117 110 94 4.69
458 -0.2737497603657308 0.02485139553292791 1.106932371770603 102 99 90 3.39
459 0.003961091297653246 0.05055300898185473 1.223771285121993 113 112 102 5.34
460 -0.184185140383823 0.03931430353636296 1.176699678428083 29 31 30 2.78
461 -0.1200568844096515 0.04498428614756659 1.182092549784336 53 57 53 2.71
462 -0.5112858418999798 0.00290864586019274 1.070129856963967 95 92 78 4.81
463 -0.2434936412740162 0.03593845233899497 1.144675512989383 98 95 85 3.71
464 -0.1242932889925405 0.04735861839244836 1.176044920731766 137 129 116 3.04
465 -0.1899150384884939 0.04365223111862763 1.171137638245092 62 60 55 5.85
466 -0.09789563287330794 0.04986422942374846 1.136008190829117 48 53 50 2.58
467 -0.4029466245691585 0.02728258898951137 1.110734223262343 111 95 78 2.85
468 -0.4287137005331184 0.01731120845892841 1.096911691092465 120 116 98 4.94
469 -0.2887709733225813 0.03504490936981261 1.163850448987731 118 116 107 4.6
470 -0.2382855555409881 0.04063539160357243 1.139965087106455 51 49 44 3.41
471 -0.3493781523052713 0.03123262404989477 1.110430813351828 135 130 115 4.48
472 -0.3008342718098461 0.04005952484302279 1.144818811587883 87 87 80 4.97
473 -0.2847475310505562 0.04233923321001231 1.100476169848192 35 34 32 3.66
474 -0.3120727861084444 0.03909412529976333 1.114296426964751 71 69 66 4.95
475 -0.3086364341689229 0.03985008280430473 1.118985321766313 141 135 122 4.94
476 -0.4041514985908695 0.03650468937919313 1.108836246939301 93 82 73 3.54
477 -0.3659290113455042 0.03351076156539166 1.093471567547092 99 94 83 5.55
478 -0.4698041471559211 0.03122205651119539 1.069929755529371 35 37 37 4.73
479 -0.4855178592708841 0.04261363524101724 1.153440256588006 29 29 26 3.55
480 -0.2700244305102153 0.05589389365898261 1.157860042086996 128 123 115 5.17
481 -0.3050594555464679 0.05288091356259103 1.111904505686589 111 110 97 4.93
482 -0.3385201746752038 0.05110273795095609 1.127598783007436 60 65 64 5.02
483 -0.05610339057026877 -0.2241984154530185 1.20345577688082 96 102 108 3.58
484 0.09704739345985079 -0.1995757753377511 1.284417213598351 79 78 82 4.15
485 -0.1340734976569362 -0.2368136783537594 1.194350162652255 185 193 202 2.9
486 0.07582949195407562 -0.1988933575970645 1.273579104777857 78 80 84 3.07
487 -0.1931227529841006 -0.2417763371203469 1.185021682924416 188 197 204 3.54
488 0.002565052093337211 -0.1983327289125081 1.222298860841733 63 62 64 3.15
489 -0.03509688403470783 -0.2043749968009397 1.243478369543505 40 46 48 3.45
490 -0.02237981004154531 -0.2021348381295618 1.237274321317988 58 59 61 2.76
491 -0.1294910273655587 -0.2087274051325115 1.161102483353744 155 153 148 3.78
492 -0.1997044803903542 -0.2259068690171079 1.182648180165419 142 146 151 4.14
493 -0.1995854963944221 -0.2257145093816768 1.182615836087487 141 144 146 3.5
494 -0.02974902097579184 -0.1824710540120968 1.201677130646428 46 47 44 2.28
495 0.04261823548770433 -0.1667607758438597 1.211662605916914 109 105 100 4.88
496 0.04204745875108008 -0.1737102259168901 1.247623720746259 118 115 113 5.42
497 0.06551886498859723 -0.1675821215528115 1.252954399210136 58 56 46 4.63
498 -0.2498266934386612 -0.2018095594569011 1.090382392576577 62 64 73 3.4
499 -0.1770107035038235 -0.1858921113059511 1.190885289800822 194 178 145 3.61
500 -0.2082453050042718 -0.1909771711162427 1.177607274817255 157 150 138 5.06
501 -0.2533230828072135 -0.1915587817255149 1.166698497746047 162 159 154 4.01
502 -0.1378942687748927 -0.1704858176167887 1.189055446666434 193 174 133 2.94
503 0.05592871224395429 -0.1401550176007042 1.259434488722341 100 93 82 5.04
504 -0.272565578434078 -0.1858991451755598 1.158123908675488 93 94 94 3.8
505 0.06905733937125788 -0.1203530387896066 1.122871684131158 113 109 91 3.25
506 -0.2986176822440293 -0.1837929854645017 1.146121543873869 82 80 76 3.08
507 -0.2341268498499796 -0.1706541418639604 1.160281612290754 128 121 113 2.92
508 -0.2807975312469701 -0.1740141108446129 1.153347889377074 127 125 124 3.36
509 -0.4179495862662581 -0.2003827302754755 1.123190325196932 60 66 69 3.97
510 -0.3111237992974068 -0.1805584910705129 1.202544990127194 169 166 161 2.75
511 -0.3159705898534296 -0.1778670537714502 1.147184667974187 141 142 138 5.1
512 -0.3157447846011865 -0.1772648894907822 1.145693136953343 146 146 138 4.23
513 -0.3684246726842974 -0.1866316652239859 1.137499063675722 73 76 75 4.58
514 -0.1173473017018732 -0.1427450417927829 1.203535387364854 131 131 127 3.38
515 -0.3806283896740179 -0.1760735117632608 1.065247037387878 79 79 82 5.15
516 -0.1199538433845395 -0.1415364484792514 1.229108110014467 82 87 84 4.05
517 -0.0957727044596014 -0.1322741898357948 1.205183504351018 121 101 71 4.09
518 -0.4632695459193343 -0.1838501944637056 1.089787723169229 79 76 76 4.03
519 -0.4717229650758739 -0.1779036253706134 1.080875044594926 93 88 91 3.18
520 -0.4490008712098295 -0.1768099793878404 1.097582318471381 116 117 114 3.91
521 -0.4547326563593081 -0.1798787331838886 1.109171025079331 117 117 115 4.84
522 -0.4777477120350052 -0.178849748119286 1.112057870392255 110 110 108 3.37
523 -0.4773610807165017 -0.1805830215492816 1.112048687922853 114 114 113 3.31
524 -0.2826308676801147 -0.1427065950627973 1.150974401141537 84 82 85 4.19
525 -0.2903787582005496 -0.1413395754943604 1.132902001448971 82 79 78 3.82
526 -0.4456528466018791 -0.1474757745678485 1.113897001336279 110 109 103 4.6
527 -0.4085200127447278 -0.1414134630227072 1.10363869104969 55 54 48 4.24
528 -0.4899637270780138 -0.1448254968881192 1.096416835999577 86 82 74 5.61
529 -0.3314287483324123 -0.1129055481752804 0.970410634727071 56 57 54 4.58
530 -0.5275287851318559 -0.1441577716805083 1.113071615220138 139 137 130 4.46
531 -0.09133395203606232 -0.07941024025312464 1.207689459043257 137 133 122 4.81
532 -0.01528303158392937 -0.06603394081733885 1.244515854781113 85 80 78 3.89
533 -0.0265445004109889 -0.05985934236936619 1.125579431717465 71 71 67 1.94
534 0.02259183293292012 -0.05707341606545305 1.205037660555149 65 56 48 4.73
535 -0.5050835995427974 -0.1249733734166425 1.064360773472571 61 60 59 4.34
536 -0.2926585445997727 -0.08040130553046211 1.136176822775207 113 92 75 4.28
537 -0.2922829102728458 -0.08059325456308329 1.137914459220878 84 76 65 3.7
538 -0.5328669429678967 -0.1108921662273218 1.112057073003432 52 51 48 4.78
539 -0.3160056089735819 -0.07876381975823553 1.133915645187494 69 69 68 3.96
540 -0.0571614124470998 -0.04338074542093746 1.223978656452582 181 162 123 3.95
541 -0.3723604462486128 -0.08092605138461088 1.112651218664702 65 62 50 4.19
542 -0.1410054911682574 -0.03983862437156875 1.216021095149322 180 155 100 2.41
543 -0.4101863652826178 -0.06176440371015884 1.031083627464213 32 34 36 3.43
544 -0.02683148550676644 -0.01474819564296358 1.222931022418786 120 119 117 3.67
545 -0.03935568682895265 -0.008240745156043229 1.233873304559562 66 68 73 5.55
546 -0.3716561735590743 -0.02103769059144366 1.107023698387414 96 96 99 5.04
547 -0.1592141968782012 0.008948031004008334 1.172046812234502 118 111 97 4.38
548 -0.3301549301025522 -0.005688950419538303 1.115730536694603 101 96 83 4.67
549 -0.4035983848469349 -0.006954015525551332 1.088677456327683 67 67 65 5.25
550 0.03261688275778434 0.04099089694245476 1.267279773978103 103 101 94 5.7
551 -0.371889646349655 0.001489180122889328 1.103192396094186 52 52 50 4.93
552 -0.03493649219699885 0.0486123104270733 1.21878592081717 80 76 72 3.02
553 -0.4828507143224657 0.0003553585950412529 1.077547755998019 47 49 49 5.26
554 -0.1356566132291294 0.03980828496351777 1.184190473690175 128 122 106 2.87
555 -0.07586902850471114 0.04851043872190092 1.217941770377486 34 40 36 3.18
556 -0.2125235440138853 0.03569274649870453 1.155818792188887 68 66 63 4.82
557 -0.389423462191821 0.01628458183805058 1.102204483125878 121 113 96 4.35
558 -0.1530063838168776 0.04472125902378821 1.178831399984518 85 80 76 3.58
559 -0.003970948594989629 0.06127906732465208 1.235097652170121 34 36 32 3.81
560 -0.281756101649892 0.03953264036696094 1.148538069562747 83 84 79 4.76
561 -0.2792719766660426 0.03954413424708601 1.141584778230803 73 74 73 5.47
562 -0.02524848997065995 0.07064967739773192 1.220521251255902 109 104 94 5.68
563 -0.2628717983859115 0.05695806827737872 1.217057922087525 90 89 89 4.9
564 -0.3092813457247529 0.05310885135552407 1.109400800249907 54 64 62 3.57
565 -0.1013928376335275 0.06629469275681135 1.054066924461003 130 119 107 1.75
566 -0.5439672570416133 0.05469834950617635 1.118281237588199 17 16 15 3.54
567 -0.2644503950033933 -0.2518257221875616 1.160937790662692 138 135 132 2.82
568 -0.2653317367168425 -0.2522239437597328 1.165117263832571 126 122 117 3.14
569 0.04460014564971889 -0.1894693066191953 1.264707706708101 61 63 64 3.25
570 0.01641961707685892 -0.168970871639409 1.249264491106469 113 110 105 5.09
571 -0.04556868290295873 -0.1697858420490063 1.2317117288664 142 140 134 3.49
572 -0.04716901504335785 -0.1724897701127305 1.238744688617613 136 133 128 3.1
573 -0.1210706903595736 -0.1726248514043894 1.188000513209971 144 130 110 2.92
574 -0.1430608695461853 -0.1836624093823105 1.272025795784762 197 183 155 3.36
575 -0.2721724267247614 -0.1985800598914289 1.150833768837816 67 75 84 4.13
576 -0.0819530485772261 -0.135316745311762 1.211561721358314 86 88 90 4.22
577 -0.3721374163537912 -0.1787775103705609 1.130580162661227 94 93 90 4.95
578 -0.4121652112792143 -0.1795745015969558 1.124307575286647 99 96 93 4.41
579 -0.2287210505031683 -0.1464204039402104 1.151166663960398 150 139 120 3.73
580 -0.5112429112674864 -0.1690240977583813 1.094197205645578 73 69 66 4.52
581 0.01575783705436036 -0.07424185813178741 1.243246751585312 82 72 55 4.42
582 -0.1173113436507255 -0.08500663012483414 1.174658093491455 131 129 128 4.7
583 -0.448981483011698 -0.1203346167378295 1.103827506920536 39 40 37 3.92
584 -0.4453512527374145 -0.1013766611778757 0.9261417142400485 34 32 32 4.54
585 -0.2735715098173871 -0.07819595839388346 1.139585495909148 82 79 71 3.65
586 -0.3389014261238439 -0.07307049633203548 0.9823366912363296 72 75 63 4.66
587 -0.4330435937812555 -0.07901885405299609 1.09932713946211 54 53 54 4.18
588 -0.452199364391919 -0.08037794348285664 1.108013975321304 69 73 77 4.74
589 -0.4723910789718247 -0.08228993707553704 1.097928860336967 91 88 79 4.61
590 -0.02636590820145718 -0.002304570651129117 1.223983128378327 130 127 118 3.82
591 -0.09311693219239882 -0.008062711765426996 1.212750273964426 131 126 119 4.38
592 -0.3124959068891769 -0.03054637641393206 1.067777217226785 75 73 63 4.63
593 0.00108381556568771 0.02362468798077064 1.211655301255195 100 100 102 4.66
594 -0.2883211423208015 0.0005655789470952553 1.131068909253376 92 87 85 4.79
595 -0.1506897549783059 0.01630494954642034 1.175468756495662 80 83 80 4.02
596 0.01922282881667404 0.04923833862926324 1.331984077921485 60 56 49 5.89
597 -0.1517542585545824 0.0453312642238734 1.165104991352576 42 42 39 3.13
598 -0.283278281228204 0.03028349005603436 1.140290549029193 104 105 102 4.96
599 -0.3206375099067232 0.03186677772466712 1.114658938107816 103 102 96 5.08
600 -0.506647441056811 0.01706428796981496 1.070205225734685 55 51 45 4.53
601 -0.2073735030576294 0.05636249197528574 1.158990931707818 66 70 67 2.71
602 -0.04771077547944819 -0.2298745515169029 1.212478794740351 184 190 198 3.29
603 -0.07415908478046153 -0.243375767661987 1.253134324340962 195 203 211 4.0
604 -0.1592478107445019 -0.2266519057830385 1.204310329097345 166 168 173 5.34
605 -0.12543996953071 -0.219704294270219 1.229809814448122 163 160 151 4.35
606 -0.215570675663891 -0.227727805473193 1.190584161658984 192 192 195 4.61
607 0.07267080493413408 -0.171946350576538 1.265215547711782 120 120 117 3.35
608 0.07355332024977228 -0.1717176227416126 1.262236409126894 133 133 132 3.42
609 0.02794125722341939 -0.1549204436324428 1.227537085590712 95 91 83 5.27
610 -0.4370184541035164 -0.2142318492862601 1.100484011402613 163 161 157 4.38
611 -0.3018647644183572 -0.1825455524232445 1.119678976658974 152 149 144 4.53
612 -0.04214401580157971 -0.1402656637393124 1.228681920673572 112 109 98 2.78
613 -0.09660651368518984 -0.141355832067168 1.222724459952809 132 116 91 4.65
614 -0.4536462468874984 -0.1834270457487469 1.097669612548378 152 148 144 3.67
615 -0.4611696024300517 -0.1840009581380639 1.111836635967216 148 146 142 3.43
616 -0.3617711852630394 -0.1693438402523527 1.127613454934878 84 79 72 4.26
617 -0.4501244853405479 -0.1677718462686812 1.086550192081364 95 89 79 3.9
618 -0.3294652205575328 -0.1040305875704556 1.122945065923565 80 80 84 3.72
619 -0.2704595589171288 -0.01556747750540699 1.126849295911013 69 69 66 3.49
620 -0.2819569685459697 -0.005689458964857805 1.131227961657645 91 89 84 4.66
621 0.007860507782424021 0.05302725696672151 1.276253407246855 47 43 40 5.11
622 -0.0115247886091535 -0.2027467873342711 1.242979293261483 156 150 146 3.17
623 -0.060155172853134 -0.1778817158132641 1.2159123802132 160 159 156 1.94
624 0.07040517957661047 -0.157494324975931 1.259345688108528 73 71 68 4.68
625 -0.3274499969054326 -0.2178434632856864 1.147339048552854 164 161 160 3.07
626 0.04340331701385437 -0.157566036122491 1.256806093237387 77 72 65 4.19
627 -0.07431490851924058 -0.1723106516788608 1.21072088849056 112 106 99 4.11
628 0.00440554039128138 -0.1587961645154843 1.239395103121143 79 77 72 4.94
629 0.05792699826207705 -0.1463619205511634 1.263765429490665 117 115 102 4.16
630 -0.2638133360754806 -0.1883650493374064 1.160556534060797 183 178 173 4.13
631 -0.3310125594627674 -0.189001845082805 1.149862429069207 65 67 73 3.51
632 -0.06565713876896982 -0.1408580424224412 1.224817479728306 136 126 109 4.62
633 -0.3452413624167947 -0.1838538252698343 1.137886848415656 148 143 139 3.9
634 -0.3454266836783192 -0.1825317977013202 1.141390804740399 159 158 158 5.11
635 -0.2722517584814993 -0.1637966162494435 1.167192996518077 94 90 84 4.5
636 -0.427605035049177 -0.1837706667547646 1.075676975501588 60 61 65 4.25
637 -0.2539170406242769 -0.1487953270604201 1.146333634699424 172 152 126 3.3
638 -0.3510305780243514 -0.1523209428321377 1.137751262787889 130 118 98 3.06
639 -0.3383785139842727 -0.1127801794182079 1.113759606321887 171 153 127 3.04
640 -0.3820390110048358 -0.1171768422985213 1.111557371709422 167 160 142 3.98
641 -0.4245714565839433 -0.1189180936853464 1.110712123377871 166 158 140 4.01
642 -0.4573495158208414 -0.1166835014082959 1.0929885059264 151 145 131 3.87
643 -0.4573495158208414 -0.1166835014082959 1.0929885059264 151 145 131 3.87
644 -0.09755168765309911 -0.06571564079844328 1.214490208126044 186 173 147 3.39
645 -0.09395023432792579 -0.06570223080580256 1.198159521955165 184 173 147 2.76
646 -0.1993945854390645 -0.06741205395008347 1.179098856011484 188 169 141 3.67
647 -0.1993945854390645 -0.06741205395008347 1.179098856011484 188 169 141 3.67
648 -0.2274713989296579 -0.06764856871186999 1.150314085273479 162 146 114 2.57
649 -0.2274713989296579 -0.06764856871186999 1.150314085273479 162 146 114 2.57
650 -0.3033711609136788 -0.05379243768774601 1.131035077068754 154 131 85 2.87
651 -0.3033711609136788 -0.05379243768774601 1.131035077068754 154 131 85 2.87
652 -0.3080614682172323 -0.03587309907854225 1.141224552554341 166 147 103 5.25
653 -0.3080614682172323 -0.03587309907854225 1.141224552554341 166 147 103 5.25
654 -0.2613172115356406 -0.01494390080335713 1.142902344579117 136 134 124 4.22
655 -0.2616920939894994 -0.01589618470175749 1.14362707617308 142 140 130 4.52
656 -0.3836544292099497 -0.01462827928620766 1.109948896322244 116 112 102 4.72
657 -0.381265417457249 -0.01421358654491646 1.101263870041634 109 106 96 5.23
658 -0.1968676549398255 0.01245029583498865 1.163194531977346 148 140 124 4.24
659 -0.1961753175924682 0.01234788889633173 1.159443431505164 151 142 124 4.2
660 -0.2279162679580233 0.01109273485282792 1.145908344565259 142 135 118 4.35
661 -0.2280022230230413 0.01234560462309857 1.145674710439279 137 130 117 3.89
662 -0.2616043946510611 0.01001806369314785 1.133242031758486 146 142 131 4.51
663 -0.2636310601088029 0.008972688825116055 1.139673003014213 137 135 124 4.56
664 -0.3188329556962032 0.008511361263692674 1.170504377502053 139 133 122 5.28
665 -0.3874358105541134 0.008097453797584562 1.109505430415964 123 111 85 4.36
666 -0.3871230896959759 0.006281509600553702 1.111034382984446 123 114 88 4.33
667 -0.1610893106311371 0.05071269658154817 1.157291820431549 134 126 113 2.9
668 -0.1587161600193281 0.05086222877895087 1.153114354790459 130 123 114 3.16
669 -0.1936677008998582 0.04779554562979228 1.150191719146733 140 133 121 3.87
670 -0.199260102382178 0.05039313014574208 1.168485434417957 134 128 116 2.67
671 -0.2775396782471607 0.04439221734290952 1.174876722564989 156 153 144 5.17
672 -0.3445568351289592 0.05153858743243928 1.113470839938679 141 135 117 5.35
673 -1.756696181366528e-05 -0.2313197614266991 1.262056282001168 219 221 230 2.7
674 0.00431642402055836 -0.2052915522412015 1.189421756909035 93 90 97 2.48
675 -0.1269765266684247 -0.183442811503618 1.199054623632577 152 145 134 3.98
676 -0.07100147065931021 -0.1690191462198798 1.209295327313802 83 83 83 4.89
677 0.05104396289462901 -0.1365084033402441 1.221718141763322 90 84 62 3.83
678 -0.02461405545437395 -0.1393269021824387 1.228643972280838 106 94 68 2.91
679 -0.1368275067370282 -0.128487818264465 1.148258904745062 80 86 96 2.03
680 -0.2602513293442443 -0.1540852573756843 1.157705936708736 151 139 125 3.86
681 -0.2608797331132291 -0.1565218877505933 1.160169866583326 142 136 126 2.83
682 0.007285758110524546 -0.1046583246188749 1.232282520634317 168 163 148 2.0
683 -0.3037770472086037 -0.1537311725863535 1.143396547086591 130 120 96 3.84
684 -0.2421686124434622 -0.1339987284945716 1.153363442189586 55 58 59 3.51
685 -0.2368382444673703 -0.1321985613350604 1.142207277397143 38 33 35 4.42
686 -0.06327703947186634 -0.1101328076025939 1.227175291457187 183 175 162 4.41
687 -0.4315224396109813 -0.1494083307259698 1.125293433004694 120 102 84 3.31
688 -0.3865876657858908 -0.1506458153739153 1.122652123862188 148 133 103 3.68
689 -0.3505290928615722 -0.1402852792464304 1.038361600122394 148 128 99 5.2
690 -0.1322624114991341 -0.1087503524290216 1.199155248573943 176 166 154 3.86
691 -0.1333800522165055 -0.1105469677953384 1.205643805198093 167 158 145 4.29
692 -0.1159102449360101 -0.1036149120164998 1.209595585255637 107 110 117 4.91
693 -0.4670887375321514 -0.1506803120863173 1.105178017944051 118 99 76 4.09
694 -0.1944118022047245 -0.1140625393287053 1.170809538214372 178 176 166 4.34
695 -0.2641198303442966 -0.1190026304467315 1.15638989165138 174 165 153 4.85
696 -0.1822868579681001 -0.1043290485733328 1.184193207755988 62 64 62 2.89
697 -0.1822868579681001 -0.1043290485733328 1.184193207755988 62 64 62 2.89
698 -0.2860099089671878 -0.1153756111866694 1.090974349230657 178 167 150 5.71
699 -0.09738467760173659 -0.08503283554102681 1.213156040019405 167 160 151 3.72
700 -0.04688270741937223 -0.0744698534665991 1.231650824556508 89 84 69 4.07
701 -0.04690358516687075 -0.07559540477433919 1.235759126444179 91 82 62 4.11
702 -0.08265389193768466 -0.06810105891322277 1.220972398384289 80 83 88 2.82
703 -0.02848217787408943 -0.06405885399009092 1.23361795943958 194 176 152 3.28
704 -0.0343224990973998 -0.06337055995104784 1.258760375578245 198 180 152 3.74
705 -0.1587172170088144 -0.07353438086262655 1.225833657137193 71 70 72 2.36
706 -0.1573958776696957 -0.07426775303168943 1.221463487083318 72 70 66 2.96
707 -0.4399857795329495 -0.1111708350418281 1.099631788113967 59 56 58 4.09
708 -0.4408161442543622 -0.1100349347948639 1.101250753086704 54 52 52 3.23
709 -0.3982950851454677 -0.1086448580088523 1.103333215995417 65 63 57 3.59
710 -0.4020616037000748 -0.1092984944184101 1.108885720485822 62 60 54 3.58
711 -0.2077139882018174 -0.07416024947952068 1.149556029187136 63 63 66 2.26
712 -0.2077139882018174 -0.07416024947952068 1.149556029187136 63 63 66 2.26
713 -0.138450837244822 -0.06681899056641559 1.024919624862306 54 52 52 2.49
714 -0.1843751983313158 -0.07469561055932686 1.183384212409924 79 70 64 2.66
715 -0.4784065435505055 -0.1129638025776932 1.093689233563481 53 51 49 4.17
716 -0.4784065435505055 -0.1129638025776932 1.093689233563481 53 51 49 4.17
717 -0.3403013628500861 -0.09310050179121067 1.111939810281687 156 148 122 4.82
718 -0.2466220884523822 -0.07558978209115981 1.153781112357262 68 66 65 2.63
719 -0.2397097275376986 -0.07415488329218545 1.138764783559636 71 68 66 2.1
720 -0.4205337793316738 -0.09394780415259181 1.102936522699348 139 132 121 3.72
721 -0.465481619595343 -0.0922309970285673 1.104999254283773 160 150 136 3.3
722 -0.2834116780032249 -0.06902749189314322 1.205390860658176 194 169 125 3.01
723 -0.4035452391128282 -0.07710087183070696 1.108451686175018 79 78 73 3.6
724 -0.4041766728711637 -0.07683475258120472 1.109290314533909 80 83 78 3.19
725 -0.4423883753994876 -0.08000168340648078 1.101600537397347 80 79 78 4.14
726 -0.05976406582687402 -0.02964123645456464 1.213542858530986 174 148 100 4.46
727 -0.4795824097508332 -0.07865763124061803 1.090854737717289 83 82 76 3.68
728 -0.4788714202524167 -0.07951356724838522 1.090807945367057 84 82 74 3.87
729 -0.2403188639770567 -0.01849995761893223 1.135349611289267 80 80 75 2.65
730 -0.2626095528853595 -0.02075117296182541 1.199873486772256 80 83 79 4.01
731 -0.1644336983348028 -0.009759914756498747 1.178940781609867 136 129 121 3.22
732 -0.1615940443006751 -0.01030325756145216 1.169872386842706 121 115 103 2.89
733 -0.1988301311020325 -0.01238069852568992 1.169605663381154 145 139 131 2.91
734 -0.2304567167274764 -0.01135361043447145 1.163960981326848 153 145 132 3.7
735 0.00370722825435678 0.01933880852283685 1.225262680872969 122 110 92 4.89
736 -0.06012064631202654 0.01692626945918561 1.20080641427703 134 129 114 4.72
737 -0.06026851564951249 0.01653605932042892 1.208904172306468 141 135 120 4.06
738 -0.164337479979183 0.01489896532251945 1.170781767945078 135 126 106 4.24
739 -0.2099874974343416 0.01117284139592955 1.145766720356504 44 45 46 4.93
740 -0.2118805634593421 0.01197232305747699 1.149798453246802 39 41 42 4.24
741 -0.2424690661145933 0.0115903496270722 1.139464074977867 66 67 66 4.92
742 -0.401535134288187 0.007574012128504119 1.097143329241555 50 50 50 4.14
743 -0.4011045258476802 0.007096642148165396 1.097284054232629 46 49 46 3.84
744 -0.4451866474463352 0.005385525089430158 1.098723455691026 35 36 36 3.39
745 -0.1293114702945439 0.05382832215254596 1.17665574879631 120 121 108 2.15
746 -0.436676066652494 0.04227435755235262 1.082707426269419 47 48 46 3.85
747 -0.4432040753098111 0.0430142235367969 1.094302887305992 43 44 43 5.68
748 -0.4800604267139094 0.04350311051045823 1.084496934513908 33 35 35 3.23
749 -0.4799293020627722 0.04332613456844125 1.084505968469782 38 38 38 3.59
750 -0.4597304773668376 0.05394291198503365 1.08446055673281 91 92 88 5.38
751 -0.4581186759213374 0.05238522659428193 1.082938455875021 115 113 97 3.7
752 -0.239581348212429 -0.2284760525845466 1.154274467386899 109 108 110 4.65
753 0.02536152505539797 -0.1192536295995817 1.236652669687583 53 49 49 2.42
754 0.02487878195541646 -0.121820645481791 1.239638977493073 33 33 32 2.88
755 -0.008114896775195345 -0.1206549762469167 1.225387445970524 52 47 52 2.34
756 -0.08135189403594383 -0.1308604242050762 1.214173031152479 54 62 69 2.89
757 -0.0447116124646144 -0.1220028640007559 1.231351446198641 50 52 51 3.87
758 -0.1113250397031065 -0.1266280263363124 1.196187923187002 59 67 77 2.86
759 -0.1800069505247814 -0.1327198306547998 1.175895644357747 46 49 53 3.5
760 -0.214444196149178 -0.1321024782355513 1.170889763369795 50 50 52 3.62
761 0.02603926926972726 -0.09443426405226048 1.212846311372389 61 60 60 3.97
762 -0.04745059717614714 -0.1017474012130379 1.235991627089872 47 48 48 3.58
763 -0.3232529873686082 -0.1295999972452749 1.134107562776644 49 50 54 2.84
764 0.003758136225988052 -0.08269501523498418 1.263063044827769 181 174 162 3.68
765 -0.4094226883954111 -0.1328160664323401 1.123282046194793 52 50 52 4.11
766 -0.4517472974491643 -0.1304770214363937 1.119264506823717 39 36 39 3.88
767 -0.3175447291075261 -0.1085604611403804 1.118574240664344 70 63 66 2.21
768 -0.2765607957269804 -0.1069910726396457 1.130197503549047 65 62 60 2.49
769 -0.2857415817472604 -0.109913704293466 1.153633226943436 58 60 63 3.18
770 -0.3020176968646267 -0.08911433222954306 1.134680488111345 136 131 125 4.48
771 -0.05515965068754505 -0.04380983025124614 1.265252309703822 30 30 27 3.48
772 -0.0500004359932051 -0.0456449033837461 1.235547569226739 34 35 38 4.66
773 -0.4795079651333232 -0.09077836944494855 1.054264760669075 137 131 120 4.7
774 -0.1223211451678251 -0.03256314413983281 1.233117828715063 81 82 80 2.94
775 -0.3488801705696757 -0.04297443868548576 1.191962068464781 59 57 58 6.49
776 -0.3488801705696757 -0.04297443868548576 1.191962068464781 59 57 58 6.49
777 -0.006433129684348414 0.01757103277450226 1.207164998288651 35 34 34 4.04
778 -0.3306553667479309 -0.01765760676251004 1.090766663473909 107 106 98 4.65
779 -0.04565742148967598 0.02022006495536028 1.218143833683135 38 40 40 3.62
780 -0.07517166751760797 0.01607425401115069 1.186721661667267 48 50 50 4.31
781 -0.1488472048991742 0.01054181837245627 1.194585336617594 58 64 66 4.34
782 -0.1089322489714857 0.01695371614855865 1.17684369009408 50 50 49 2.84
783 -0.1855810056700638 0.01367775824636884 1.185069313477203 43 44 43 4.1
784 -0.1815167593713035 0.0136755736811242 1.171372516393132 52 51 51 3.21
785 -0.2792883211263487 0.01235129677949448 1.123444072421576 54 52 53 2.45
786 -0.2326402595149689 0.01009725642965552 0.999349403287401 57 55 56 3.04
787 -0.3129182451861129 0.008445635887580988 1.091950361455139 42 46 48 5.13
788 -0.3716312593308716 0.008632044386541835 1.125373662765228 48 47 44 4.38
789 -0.3693113932927224 0.008169827026784506 1.124208584002458 48 46 44 5.16
790 -0.1072572571863793 0.0404289830694185 1.246503193320248 162 155 130 3.54
791 -0.2278906280018851 0.02974047969418164 1.142153084077543 155 147 130 2.3
792 -0.3125143382923028 0.02566504789054611 1.151837880783672 147 139 128 6.01
793 -0.3857745148127369 0.02383491150510035 1.110721455825028 131 122 110 4.69
794 -0.3865323470314653 0.02068489547252639 1.112320114853992 140 134 114 4.43
795 -0.4582394306457097 0.0220005358299859 1.089889004465902 130 126 110 3.09
796 -0.4554109725987054 0.02617108938083785 1.084474039817618 139 131 110 3.56
797 -0.2699591672159279 0.05615538856205314 1.21539142591219 98 101 95 5.0
798 -0.06888481396318596 -0.1934800879324204 1.227987729157359 151 150 147 2.74
799 -0.2558847866223499 -0.200515563641999 1.155275962879044 168 164 158 3.63
800 -0.4729177485697375 -0.1792540971173286 1.010308908524733 211 220 231 4.8
801 -0.1255083220046047 0.03628815608733916 1.170905304153322 129 120 102 3.41
802 -0.3438884358889518 0.02877756578873747 1.118993575999445 146 138 124 3.58
803 -0.1630245369549766 -0.2511997021488234 1.198867199118953 253 253 254 2.62
