# Image list with two lines of data per image:
#   IMAGE_ID, QW, QX, QY, QZ, TX, TY, TZ, CAMERA_ID, NAME
#   POINTS2D[] as (X, Y, POINT3D_ID)
# Number of images: 529, mean observations per image: 29.378
32 0.9991180353873709 -0.01289247751193161 0.01964842375244349 -0.03479762680599138 -0.3120478670007851 -0.02889662812677433 0.1009651767463728 32 image_000032.jpg

258 0.9931571449352926 0.004096657336125323 0.0981423446457453 -0.06316789572309793 -0.3554237884973131 0.007702355480261935 0.2615647445595742 258 image_000258.jpg

132 0.9985269413831921 -0.03038723473509698 0.01489570629573983 -0.04241086218213951 -0.05959894919387521 -0.05389754513325656 -0.02975628662512886 132 image_000132.jpg

461 0.9791528499991848 -0.01756518963316829 0.1792264657736136 -0.09396294172664317 -0.4017953492076219 0.1243775036446353 0.6587096992171917 461 image_000461.jpg

303 0.979904120699184 -0.04932543099997044 0.1718990814602674 -0.08834943059546409 -0.2448037294884289 -0.07651919060950912 -0.07763510226283588 303 image_000303.jpg

179 0.9939904101006546 -0.004686366877905841 -0.1093666957856396 0.0001686604569895905 -0.08720631576786975 -0.05673328905865648 -0.03004165361294997 179 image_000179.jpg

340 0.9900742754481051 -0.1174500258860137 -0.05709582335133172 0.05194696787222375 -0.07905065744271644 -0.1096659046266646 -0.03672698219702453 340 image_000340.jpg

342 0.9908469772155279 -0.02281958197429649 0.1159767913783127 -0.06519906658044192 -0.4255266701009092 0.007297801922165587 0.2428453042339381 342 image_000342.jpg

152 0.9995038706346158 2.871794293699175e-05 0.01306398544088747 -0.02865910058081729 -0.3618674507181882 -0.0199077434684802 0.1880376175224384 152 image_000152.jpg

348 0.9916219248811547 0.05106565269193437 -0.112523571968085 -0.03763911478347631 -0.1241625211046571 -0.04257968547754067 0.02376975748288679 348 image_000348.jpg

382 0.9857086110303411 -0.06671316667449348 0.1308619689010797 -0.08248049847224473 -0.3403077438290285 -0.008551009959503253 0.1115319831724776 382 image_000382.jpg

322 0.6111282100631334 -0.03948485077498517 0.2149058212633205 -0.7607750951571992 -0.1278458517165354 0.3699370864278783 -0.1570779297330882 322 image_000322.jpg

37 0.9775409761492501 -0.05589847114989441 0.1779576533118968 -0.09808197846698696 -0.3588586399713538 0.0261768768633707 0.2137673217906541 37 image_000037.jpg

143 0.9919243847166155 0.03865363240686477 0.1034785106041083 -0.06232262469981963 -0.6570730943180425 0.08120990057361123 0.9649689087540714 143 image_000143.jpg

71 0.9963711727213522 -0.06444650902778827 -0.01982093887545959 -0.05194481712455664 -0.1067657521646348 -0.1088335703192943 -0.1809601324837067 71 image_000071.jpg

25 0.9950591868335501 -0.07362212109175068 -0.05949228430901438 -0.02996107627908298 -0.1454777684223431 -0.09677329195303716 -0.1324070947741828 25 image_000025.jpg

329 0.9978543288887188 -0.01945492058731537 0.04654097850705288 -0.04173945019513119 -0.249540725320236 -0.02016516480520009 0.1029760526169852 329 image_000329.jpg

460 0.9882267658872579 0.007796909231555105 0.1342886493423303 -0.07289462290360381 -0.4243449992730403 0.03435875613995432 0.4047939756162512 460 image_000460.jpg

154 0.9931130254158306 0.01583730393251647 -0.1138624923606917 -0.02260600333930194 -0.1430403021594884 -0.02245006065192628 0.08845120987056332 154 image_000154.jpg

354 0.9973689462929108 -0.04924795546147318 -0.05052024757831709 -0.01665918479575005 -0.1203313305031529 -0.05010048990365079 0.01048870438513216 354 image_000354.jpg

293 0.9954494571562016 -0.03531261914869394 -0.08191995958970864 -0.03350399076384097 -0.1625647962491091 -0.001375567785924903 0.1445695860599425 293 image_000293.jpg

264 0.9846516766482245 -0.05095860216336384 0.1546950294388457 -0.06271956956413899 -0.3491123080741497 -0.06959957904102429 -0.01946920224543258 264 image_000264.jpg

487 0.9733938184794764 -0.03381172548558607 0.2043931870446214 -0.09790130977353691 -0.5778113306197712 0.06222705984621521 0.3447495118518472 487 image_000487.jpg

318 0.5789401139242329 0.1852708765576631 0.248727741285104 -0.7540806041161394 0.02600601056317134 0.6256061245932616 -0.2388167975760986 318 image_000318.jpg

350 0.9456677626273394 0.001718412703650317 0.3080624068900754 -0.1039571221527198 -0.6165178043058926 0.189522359220788 1.297764358884695 350 image_000350.jpg

343 0.9588757492179227 -0.03867253783709558 0.2627586409678607 -0.1000980967637689 -0.5972083936355812 0.06790074182000966 0.319178299939992 343 image_000343.jpg

281 0.9411034677168444 -0.01383740697477665 0.3177703579769193 -0.1146943277183554 -0.5933320656881531 0.1777721796445796 1.017600722846567 281 image_000281.jpg

8 0.9458217476129049 -0.02939425427938107 0.3031143808980885 -0.112600495783092 -0.6193127375835176 0.1996614257147599 0.9871879312979183 8 image_000008.jpg

208 0.9753519365171445 -0.004072624901992864 0.2000112959561637 -0.09309938318055509 -0.670890399409925 0.1164535934268094 0.7373095575799066 208 image_000208.jpg

361 0.9953105556561885 -0.07229984214902969 -0.05692822292262227 -0.02981288411856398 -0.1509076539950077 -0.0939647808452346 -0.1100713165520153 361 image_000361.jpg

106 0.9948383064888958 0.02378104059629968 -0.02038228239131879 -0.09651822944389186 -0.286956763841299 -0.02464308627812922 -0.08639363869963013 106 image_000106.jpg

17 0.9908734394667618 0.01763359655367637 0.1101577585600445 -0.07565812224023905 -0.6590831723191387 0.1211785213564955 0.860531016085983 17 image_000017.jpg

20 0.9897930790575226 0.0350363579557803 0.1158060103661592 -0.07530658825160254 -0.6513411951507607 0.09216116141503999 0.8701350963156959 20 image_000020.jpg

214 0.989548439468901 0.03541033095528662 0.120583469947589 -0.07070799941801939 -0.6858487133252577 0.04120913157629892 0.5751606314749755 214 image_000214.jpg

463 0.9936567544978885 0.04492788294101024 0.08620078525743434 -0.05654347173780163 -0.6714630250372714 0.06597188301972273 0.8468935552394939 463 image_000463.jpg

39 0.9980466274603984 -0.01885855331734579 0.02613502745783767 -0.05351863900997228 -0.3914788188439418 0.01048730295154834 0.2101958407520345 39 image_000039.jpg

12 0.9440110202315185 -0.06333421669084081 0.3025907831460244 -0.1151989089908447 -0.5515897616194787 0.1767819299898868 0.9456372157890148 12 image_000012.jpg

211 0.943821178866729 -0.02272891932549229 0.3124477475878015 -0.1051731124205368 -0.6012384382533701 0.1823979279384977 1.029642592492232 211 image_000211.jpg

483 0.9929425919650735 -0.04460196602962384 0.05957590725870178 -0.09233842624972895 -0.1502770427667718 -0.03047652498864983 0.03994611644915858 483 image_000483.jpg

520 0.9904679612611803 0.001149291051681007 0.1370714418494736 -0.01353944882578103 -0.3868737961554949 -0.07977705244507891 0.05647222884395009 520 image_000520.jpg

3 0.9735468565917679 0.01455692413267906 0.2101789175784975 -0.08842757819602645 -0.4431748248358218 0.1271950052847126 1.737785301432127 3 image_000003.jpg

4 0.9908228573032066 -0.07575236809873441 -0.1113531349718852 -0.01149449889627608 0.09451904475645956 -0.154170428576632 -0.2409471973156332 4 image_000004.jpg

323 0.9847054107533429 -0.001411936167008601 0.1042537360326495 -0.1395866003332176 -0.2368208159222145 -0.08711216942214448 -0.3417520317282448 323 image_000323.jpg

216 0.9977505161875986 0.009815775847219181 0.02740113390233298 -0.06038820955090636 -0.4033173752801554 -0.005644384731476063 0.1155262036864673 216 image_000216.jpg

266 0.9809685781673537 -0.1605484295876873 0.08529236009943722 -0.06819137565642809 -0.1897671821818261 -0.23380166789728 -0.312098116226284 266 image_000266.jpg

311 0.99454079531503 -0.06041338010461243 0.05500594110191362 -0.06490898552570423 -0.374874172710718 0.01138154308540087 0.1432420335404556 311 image_000311.jpg

72 0.9888430468377081 0.0004294659121524254 0.1222580257545817 -0.0851012304161383 -0.3012860447510309 0.02983263893340116 0.3146177836225158 72 image_000072.jpg

215 0.9985184736152666 0.01307416075326892 0.0197719608743271 -0.04897952360752491 -0.5669378911063985 0.01722994982239483 0.3196366327422225 215 image_000215.jpg

499 0.9226204727723418 0.05430500691538762 0.3565168693200816 -0.1368142950698795 -0.6132437955337491 0.08556889472638142 0.69184731003794 499 image_000499.jpg

190 0.9976153658755137 -0.02302066608994201 0.04082934260345211 -0.05066157798973939 -0.356509711596433 -0.04252571635386557 0.01595298470652229 190 image_000190.jpg

219 0.9325300178715807 0.0140730980538007 0.3460193128373246 -0.1022758467243524 -0.6392096449023441 0.04852121447657001 0.4351945818926861 219 image_000219.jpg

7 0.8663656710100702 -0.0309581241619396 0.4645352374888219 -0.1807183769704916 -0.9851568270488558 0.3295361257263627 3.368249986472681 7 image_000007.jpg

101 0.6391374031579145 -0.1499087807469878 -0.7543302398956081 -0.004077562819052941 0.8736448373095207 -0.2537825159468283 1.063879352286848 101 image_000101.jpg

359 0.9825230831363637 -0.1673665624323635 0.05578931347776205 -0.05936646684339503 -0.1863214543424845 -0.2016949017376315 -0.2081387704706597 359 image_000359.jpg

362 0.9984844565935769 -0.002536743156428381 -0.009836497729294232 -0.05408879909564797 -0.324569995103859 -0.0405655403794016 0.06315050468135219 362 image_000362.jpg

428 0.988018147200578 -0.08692186217852077 0.1108243548491477 -0.06310858142935637 -0.2671367675358108 -0.1637885832907104 -0.2211418815265632 428 image_000428.jpg

78 0.9980464299999097 -0.003463067876507627 -0.01971194289853133 -0.05918420424812219 -0.3758261230773333 -0.03755678098262566 0.1087817172271174 78 image_000078.jpg

180 0.5836167855576423 0.02112476294575299 -0.7963830308150842 0.1572235994869447 0.8182594037029478 0.2957510225383436 1.308753289826146 180 image_000180.jpg

212 0.978151082530901 -0.006895791466153879 0.1858295006040813 -0.09295323829173184 -0.4855477051561425 0.08458136516205413 0.6505387300700918 212 image_000212.jpg

116 0.3745679189525665 0.5491690794121123 -0.4891873001600417 0.56463083662808 -0.3318229798221274 0.9591369117381827 1.131195910916022 116 image_000116.jpg

471 0.9828314894491885 -0.03184955461438644 0.159845976958631 -0.08647041614388096 -0.3498833833414579 0.0239977289838321 0.2917775796813735 471 image_000471.jpg

24 0.6905597940907106 -0.003281714396889434 -0.7090145094145478 0.1428804625400573 1.027676294522156 0.2425480584025257 1.088265279075637 24 image_000024.jpg

510 0.9885689390693867 -0.0950571030226524 0.09979829697624311 -0.06112200743439219 -0.3530179109402267 -0.1491864683873581 -0.1793385526136632 510 image_000510.jpg

191 0.9978233566266557 -0.03401147887372274 0.03475092601194303 -0.04454370232085579 -0.3771710945792785 -0.05147085267901186 0.06815253800549492 191 image_000191.jpg

