# Camera list with one line of data per camera:
#   CAMERA_ID, MODEL, WIDTH, HEIGHT, PARAMS[]
# Number of cameras: 65
106 RADIAL 1013 760 811.9117633828787 506.5 380.0 0.16827184745280604 -0.31054123260460137
309 RADIAL 1009 760 809.9054086577258 504.5 380.0 0.014143643827546067 -0.049118290244114134
487 RADIAL 1144 760 1482.8960223165916 572.0 380.0 0.30786070314096364 -3.897594271395976
361 RADIAL 1013 767 963.8591175839329 506.5 383.2972972972973 -0.10710480748454701 0.07036745469378601
461 RADIAL 1013 767 1520.8480130773064 506.5 383.2972972972973 0.13117328911734946 -0.04074621542876143
71 RADIAL 1013 767 1156.0721861340332 506.5 383.2972972972973 -0.10035846608424967 -0.009624743185739849
258 RADIAL 1140 760 1069.5554343364804 570.0 380.0 -0.00869045084941479 0.012988434459624372
264 RADIAL 760 1013 1076.5426214851154 380.00000000000006 506.49999999999994 -0.14988103071248485 -0.023790944821748695
303 RADIAL 1157 771 930.7060438199206 578.5 385.6666666666667 -0.027411765709259545 0.04269514219567668
342 RADIAL 1147 760 1299.7375879846938 573.5 380.0 0.00016056220181011002 -0.2819302628547268
154 RADIAL 1351 754 1071.1850466472426 675.5 377.0232558139535 0.07374253584991765 -0.06321150960812502
39 RADIAL 1013 767 1156.0186616845808 506.5 383.2972972972973 -0.07549709327631421 -0.05394358178473039
340 RADIAL 1013 760 1178.9038991662273 506.5 380.0 -0.00975722816851321 0.006351534872814869
382 RADIAL 760 1140 1591.8209476876484 380.0 570.0 0.09157035798360164 0.08230910611066408
32 RADIAL 1140 760 1209.0193610826318 570.0 380.0 -0.08078062355502065 0.23609262107533954
37 RADIAL 1147 760 1706.0868961389206 573.5 380.0 0.16507137398948926 0.04394739223871887
8 RADIAL 1140 760 2727.6381427782035 570.0 380.0 0.0024238881610835787 1.5619195064704587e-05
343 RADIAL 760 1013 1439.4517170252045 380.0 506.5 0.13425537022587172 0.033268056004821564
293 RADIAL 1013 760 1072.2092433254918 506.5 380.0 -0.13990511338066464 0.03493498221888659
87 RADIAL 760 1684 1206.2803712603622 380.0 842.0 0.026564373427330094 -0.051905423433511545
483 RADIAL 1353 755 1198.5969094045295 676.5 377.5813953488372 0.0054176661213299095 -0.056538442760308255
179 RADIAL 1013 767 916.587281041928 506.5 383.2972972972973 0.018123973409706166 -0.07875775551381965
17 RADIAL 1140 760 1496.6259164387216 570.0 380.0 0.04103336384738677 -0.04695884089958989
20 RADIAL 1140 760 1631.8187154013708 570.0 380.0 0.030604302606259747 0.01969548184075535
463 RADIAL 1013 760 1040.3806985020972 506.49999999999994 380.00000000000006 0.03377511704660351 0.019020361936122065
329 RADIAL 1140 760 1267.0542133430415 570.0 380.0 -0.16679998754182188 0.163973016302583
460 RADIAL 1353 755 1736.5499193274184 676.5 377.5813953488372 0.055267450565747 0.024126123378731008
323 RADIAL 760 1013 783.7324511408834 380.0 506.5 0.13232478782532073 -0.05189917405817852
152 RADIAL 1352 755 1467.592397886115 676.0 377.30232558139534 -0.07765170978061542 0.06268558947210724
354 RADIAL 1013 760 1036.6518085120558 506.5 380.0 -0.06674402035123801 0.09290753122497028
72 RADIAL 760 1013 2197.928908090871 380.0 506.50000000000006 -0.06486061137564136 0.008361923873205435
317 RADIAL 1013 760 754.1235665443894 506.5 380.0 -0.028615742500640137 -0.05973262995946517
132 RADIAL 1140 760 889.0946188812612 570.0 380.0 -0.09491907360306737 -0.004533936817679496
190 RADIAL 1684 760 1211.1638398690245 842.0 380.0 0.10091425982621828 -0.13140498176065457
311 RADIAL 955 760 820.74150305062 477.5 380.0 0.24094761195704784 -1.293440253937992
362 RADIAL 1351 760 811.0235526428345 675.5 380.0 0.09998719781668455 0.013289604784157782
216 RADIAL 1140 760 821.228367174742 570.0 380.0 0.10661670937719604 -0.016516699254211432
191 RADIAL 1684 760 1207.7673925278864 842.0 380.0 0.11092292529171371 -0.1481849817591451
25 RADIAL 1013 767 963.8223036202188 506.5 383.2972972972973 -0.11321025786020676 0.09088510097997106
520 RADIAL 760 1011 1235.2196626862012 380.0 505.5 0.9195999397382116 -6.38587473699025
318 RADIAL 1018 760 863.322059045076 509.00000000000006 380.0 0.09819280874467663 0.01434548528779232
322 RADIAL 1013 760 753.8910223790623 506.5 380.0 0.031378328260408025 -1.0121081782694525
208 RADIAL 1143 760 1664.9762800081396 571.5 380.0 -0.10323416658189369 -0.008884909353678624
350 RADIAL 760 1013 3326.7312350034445 380.0 506.5 -6.77716154900244e-05 -5.530712380750898e-07
7 RADIAL 760 1140 4091.448745589001 380.0 570.0 0.000912628345797562 2.0623367803331268e-06
3 RADIAL 760 1140 4091.443201443694 380.0 570.0 0.00048763472626740334 8.196755265507494e-07
268 RADIAL 1013 760 1036.103232871239 506.49999999999994 380.00000000000006 -0.0865908452035245 -0.01645924885283402
266 RADIAL 760 1013 1036.9393795415263 380.00000000000006 506.49999999999994 -0.07026154661154072 -0.0033084232226891315
4 RADIAL 1140 760 892.8832029233021 570.0 380.0 -0.05918023318867106 -0.0053181428598948755
249 RADIAL 1140 760 814.2797634906015 570.0 380.0 -0.028258578457160233 -0.0014309030970440688
250 RADIAL 1140 760 814.332727163561 570.0 380.0 0.038728003406901225 0.005796540339455165
404 RADIAL 1140 760 1642.8856560810743 570.0 380.0 -0.024472844185896514 0.0006029664899006952
510 RADIAL 1140 760 898.2806598087215 570.0 380.0 0.5955464613481279 -1.56992266862527
212 RADIAL 760 1141 5083.471797876308 380.0 570.5 6.126051184725113e-06 1.1485660685618236e-08
428 RADIAL 760 906 625.3419898552556 380.0 453.0 -0.0022156894242485355 -0.0006509344154016274
499 RADIAL 760 1013 1215.4412176005671 380.0 506.5 -0.012983566653834969 -0.00011645005343746848
215 RADIAL 1140 760 814.8501729417225 570.0 380.0 0.10765527776754459 0.04851865657399058
471 RADIAL 760 1351 1621.3333333333333 380.0 675.5 0.0 0.0
319 RADIAL 1013 767 1049.9364255405294 506.5 383.2972972972973 -0.08866965385323675 -0.0013216617640916463
219 RADIAL 760 1140 1108.202534945362 380.0 570.0 -0.050965979698053325 -0.006444602467416843
214 RADIAL 1140 760 814.3799879812619 570.0 380.0 -0.004391108640296847 -0.002004500098009848
359 RADIAL 1013 760 144.7142857142857 506.5 380.0 0.0 0.0
394 RADIAL 1013 760 810.4 506.5 380.0 0.0 0.0
459 RADIAL 1147 760 884.8285714285715 573.5 380.0 0.0 0.0
78 RADIAL 1520 760 173.7142857142857 760.0 380.0 0.0 0.0
