# Image list with two lines of data per image:
#   IMAGE_ID, QW, QX, QY, QZ, TX, TY, TZ, CAMERA_ID, NAME
#   POINTS2D[] as (X, Y, POINT3D_ID)
# Number of images: 529, mean observations per image: 7.516
423 0.9940543705910783 0.02665667392714564 0.0927489963823236 -0.05042770780026534 -0.6235203653157367 0.05636999241669199 0.7185432835644069 423 image_000423.jpg

425 0.9711550314606485 0.01952760523125105 0.221189341656046 -0.08690139607833899 -0.4337542390982869 0.08856986602525348 0.8224495267061415 425 image_000425.jpg

330 0.9926594513024338 0.02339082435076059 0.106645333660104 -0.05202745318260554 -0.3563284727248391 -0.04757233224620377 0.100266958089985 330 image_000330.jpg

457 0.9951829582424015 0.01823938358296829 0.08239109266390068 -0.04989902163434114 -0.3972703692851276 -0.01895905138993683 0.2312794083271791 457 image_000457.jpg

115 0.9975290129338475 0.04069019783909193 0.000638372669977863 -0.05726926431668303 -0.5801274630681329 0.04281321182880542 0.6035000835477609 115 image_000115.jpg

90 0.9703651294430404 0.01931145964149279 0.2245285622182873 -0.08720956275372056 -0.428159284021831 0.08882875109240164 0.8244005388150172 90 image_000090.jpg

189 0.9736019890244705 0.01253936814933648 0.2123277016703957 -0.08281834529485495 -0.5207792389289332 0.04026548816699251 0.4473748264558229 189 image_000189.jpg

523 0.9934553160299422 -0.01905158132280928 -0.01799069296653671 -0.1111751198224327 -0.4262372174916048 0.07085452809317108 0.2447536726927954 523 image_000523.jpg

386 0.9737434037878072 0.02720389346995963 0.2142619351208256 -0.07194132969364625 -0.459421941004161 0.08796635246215115 0.9302268629713615 386 image_000386.jpg

421 0.9670199799507671 -0.0341814921334019 0.2347427302872777 -0.09273529289772381 -0.4548506197090191 0.04933141375893345 0.3516114043691175 421 image_000421.jpg

521 0.9975499585937392 0.008627071685199422 0.05372763726727989 -0.04396583602575013 -0.6220982018234309 0.0667718543809146 0.5592459732685162 521 image_000521.jpg

46 0.9975073356848546 -0.02425173955683354 -0.04881096814506089 -0.04481582055605196 -0.2963213330164014 -0.04492241998160285 0.03632078170294892 46 image_000046.jpg

95 0.9752756763454808 -0.05165037609941575 0.1947674360374053 -0.09074822112344162 -0.4419381701024897 0.08932472594659324 0.3881252327715408 95 image_000095.jpg

514 0.9658389138239795 0.02023071705473522 0.2490967375548008 -0.06853266352857958 -0.4058216175469636 0.02206097471087027 0.6059387975495327 514 image_000514.jpg

53 0.9927572112790263 0.06157699568807337 0.08774765292167656 -0.05423783238901302 -0.640568239437234 0.006213106490261681 0.613130112641876 53 image_000053.jpg

216 0.9980018476531477 0.004714240990057119 0.03996552177966523 -0.0487118577111384 -0.4069189970631562 -0.01432479154955012 0.1550721502526941 216 image_000216.jpg

485 0.9605107054502856 -0.02379769181230064 0.2553453736290743 -0.1079425529901448 -0.4898772896774492 0.1384771096019574 0.7046102969617241 485 image_000485.jpg

506 0.9810561233784915 -0.002713354964826351 0.1795725720619459 -0.0726306536488443 -0.4709278688181069 0.04752499761860722 0.4935002192335718 506 image_000506.jpg

208 0.9721725330719923 -0.001636602013538409 0.2179676672812694 -0.08583695878930722 -0.6226811781061667 0.1057570647584724 0.7296770862334678 208 image_000208.jpg

409 0.9952161672542055 0.0178854769534841 0.0823075446170923 -0.04950109341318517 -0.397165591696749 -0.01946806375929191 0.2319045263333291 409 image_000409.jpg

479 0.982528134559417 -0.03064066109240595 0.1587474511198522 -0.09218926971162482 -0.3864631299046128 0.04021798898957914 0.299052491424821 479 image_000479.jpg

404 0.7450470560685825 -0.07403863278656903 0.02525114687974586 0.6624088953810116 0.05295398627382793 -0.1568847254950535 0.04668639828422765 404 image_000404.jpg

152 0.9993592259182951 -0.007791722952481626 0.02899540588859304 -0.01948571432546126 -0.3736752494732683 -0.03043637164437045 0.2194046434800722 152 image_000152.jpg

77 0.9780097729673377 0.01516159765379624 0.1998567771728325 -0.05765655691289508 -0.3664938028347231 0.02697867553011872 0.631508819501727 77 image_000077.jpg

461 0.9773220168406744 -0.01287381940758788 0.1932667430200173 -0.08557982364303085 -0.384326121702768 0.1180461720455293 0.7115833513158638 461 image_000461.jpg

318 0.585261139286269 0.1959773404359065 0.2509996427501646 -0.7456952864382992 0.03331920322665161 0.5516915755471229 -0.1259036368841917 318 image_000318.jpg

143 0.9894154561812301 0.04090877176708861 0.1259896157375533 -0.05924646983998543 -0.6273447714631584 0.07187991971006388 0.9164220989476487 143 image_000143.jpg

513 0.9918901662260863 -0.04691604329424151 0.09966438508225572 -0.0634018404447055 -0.7134499774827203 0.1105130210030334 0.5320098583080546 513 image_000513.jpg

434 0.995059641234729 0.02568732345082463 0.08240109704450253 -0.04905640636662608 -0.4223118455902516 -0.01462414536029132 0.2574000768079314 434 image_000434.jpg

153 0.9649012279489245 0.07021917603688196 0.2494940793605809 -0.04227992411742344 -0.5207029319968243 -0.02858382274268804 0.7815582274923971 153 image_000153.jpg

215 0.9988426883465467 0.01379864513564917 0.02369145435011727 -0.03951703834854424 -0.5492376155217529 0.0106195592927221 0.3024389534436427 215 image_000215.jpg

214 0.9882382251366679 0.03837889027462939 0.1335800593321904 -0.0637858833036352 -0.6539434218714314 0.0337322423512065 0.5745620024610486 214 image_000214.jpg

94 0.992701987644259 -0.01175293340828753 0.1029783376596691 -0.06164490454440751 -0.4232758694621865 0.02705940826857002 0.3562649610226579 94 image_000094.jpg

449 0.9974470176559318 0.001357214563320218 0.05068488557135377 -0.05028565712541999 -0.4697575103405861 0.02017027483984752 0.333432492976792 449 image_000449.jpg

164 0.955301570192442 0.04639772033345568 -0.290950443910119 0.02437213007141385 -0.8175148218565039 -0.05145812613764805 0.08217806914998851 164 image_000164.jpg

165 0.998149854430182 0.01372876098161053 -0.05689849757643117 -0.01646056488888046 -0.6428625229353659 0.01156050436795968 0.376865454040532 165 image_000165.jpg

422 0.9749770135462008 0.02701964389817173 0.2079777143170447 -0.07372267119146657 -0.4658140925707415 0.02892668923793017 0.552301689111304 422 image_000422.jpg

424 0.9902205740351078 0.02828879009540139 0.1173599734280321 -0.06992564443386803 -0.57400759035634 0.06621989355196403 0.6577369474949817 424 image_000424.jpg

105 0.9726480825563502 -0.02108076778559891 0.2228588822960134 -0.06200989687781312 -0.4495743711299533 0.03394140734687179 0.4639795785199343 105 image_000105.jpg

394 0.6690448638579174 0.05002630882900601 0.1524473903627155 -0.7256969971977861 -0.0921702087157824 0.3187014510273154 -0.04647464662002959 394 image_000394.jpg

302 0.967236052836197 0.02400250909849035 0.2313638847678656 -0.1017302829837418 -0.4068687185159661 0.07074028196120269 0.658328302770318 302 image_000302.jpg

52 0.7409720942151391 -0.1133722993934713 0.1732738930448537 0.6388139285533376 -0.03129718625111336 -0.4756352370646786 0.7221391499342007 52 image_000052.jpg

501 0.9856577195202318 0.09110421763299756 0.1362678749641636 -0.04012415397745391 -0.6038217910831734 -0.05544239313350609 0.6813953012852775 501 image_000501.jpg

284 0.9638976867686053 0.04050406393691208 0.2536747430137035 -0.07006992938242332 -0.4790941664979931 0.01050664608091361 0.6258981546955558 284 image_000284.jpg

