# 3D point list with one line of data per point:
#   POINT3D_ID, X, Y, Z, R, G, B, ERROR, TRACK[] as (IMAGE_ID, POINT2D_IDX)
# Number of points: 702, mean track length: 5.66
0 0.08107777403104374 -0.2539135205462104 0.8778957222330517 195 176 132 1.22 90 0 115 0 189 0 330 0 423 0 425 0 457 0
1 0.07424035694871731 -0.2518425363567224 0.8804243569268388 130 98 56 1.18 115 1 386 0 421 0 523 0
2 0.0806290700036319 -0.2157340329962804 0.8819721153187403 129 98 69 0.62 90 1 115 2 330 1 421 1 423 1 521 0 523 1
3 0.1295510963715996 -0.03353065185247714 0.8103827842975546 180 115 32 0.74 46 0 95 0 115 3
4 0.1485179698260377 -0.04114407299281705 0.8393234031941845 199 147 89 0.78 46 1 53 0 90 2 115 4 216 0 457 1 514 0 523 2
5 0.1568435261188805 -0.04205338992246418 0.8534647782911235 127 113 104 0.66 46 2 53 1 95 1 115 5 189 1 386 1 421 2 485 0 506 0
6 0.08918215192731008 -0.2499336657335702 0.9116123014779467 200 213 228 0.81 46 3 115 6 189 2 523 3
7 0.07093802955766412 -0.2193716107296362 0.8767235139860365 160 118 80 1.15 46 4 90 3 115 7 189 3 208 0 423 2
8 0.08703232407057759 -0.2224330867337295 0.8837166354680905 155 132 97 0.63 90 4 115 8 189 4 208 1 330 2 386 2 409 0 421 3 423 3 425 1 457 2 479 0 485 1 514 1 521 1 523 4
9 0.0732964189801206 -0.1992793187725419 0.8604694559752741 93 62 42 0.56 90 5 115 9 404 0 421 4 423 4 425 2 479 1 514 2 523 5
10 0.09318402101584064 -0.1445686819022651 0.8495384286455958 115 74 42 0.34 46 5 115 10 152 0 189 5 330 3 506 1 514 3 523 6
11 0.10191444817998 -0.1458301125220152 0.8593972056994463 174 129 87 0.49 46 6 77 0 95 2 115 11 152 1 330 4 409 1 421 5 423 5
12 0.09800458228785991 -0.140097151317696 0.8498815175753842 177 128 95 0.28 46 7 95 3 115 12 189 6 330 5 479 2
13 0.08631498066608695 -0.1209497110739104 0.828222935569227 98 58 33 0.29 95 4 115 13 152 2 189 7 330 6 386 3 404 1 461 0 485 2 514 4 523 7
14 0.08621667048621351 -0.1211538703674965 0.828217825702223 111 59 12 0.2 115 14 404 2 485 3
15 0.02880190908142521 -0.09783977781172254 0.7854874254337116 206 141 71 0.42 46 8 115 15 330 7 423 6 479 3
16 0.08491360157915243 -0.09259129285203702 0.8109342195795524 169 130 89 0.25 46 9 90 6 95 5 115 16 189 8 208 2 409 2 421 6 423 7 425 3 457 3 479 4
17 0.08482405373335358 -0.09265092173197775 0.8111095554183585 170 117 68 0.18 46 10 115 17 409 3 421 7 457 4
18 0.05840956951320214 -0.08273561808259794 0.7715197563671607 93 52 26 1.3 46 11 95 6 115 18 318 0 479 5 506 2 521 2
19 0.06391026384725418 -0.08420353223047025 0.7813159841824588 164 114 75 0.18 46 12 90 7 115 19 423 8 425 4
20 0.1076157992081284 -0.08939253215032916 0.8311212672352635 127 83 46 0.36 46 13 90 8 95 7 115 20 189 9 330 8 421 8 423 9 425 5 479 6 506 3
21 0.1153798277954686 -0.08747311836061353 0.8361769317203898 109 77 49 0.39 46 14 90 9 95 8 115 21 189 10 330 9 421 9 423 10 425 6 479 7 506 4 514 5 523 8
22 0.1227042740983842 -0.07698005611365041 0.8470374214234433 122 84 50 1.0 46 15 90 10 115 22 189 11 404 3 421 10 425 7
23 0.03197948291438479 -0.05161269657689627 0.741846862504089 157 114 76 0.77 46 16 90 11 115 23 409 4 423 11 425 8 457 5 521 3
24 0.06639428567415284 -0.06089001837746949 0.7709450410413965 192 163 107 0.53 53 2 77 1 90 12 115 24 189 12 386 4 404 4 409 5 423 12 425 9 457 6 521 4
25 0.06951000572969085 -0.05777726875818705 0.7678555650921675 170 133 71 0.42 90 13 115 25 330 10 404 5 423 13 425 10 479 8 521 5
26 0.09121541681695769 -0.04718500300187865 0.7776231277864269 178 130 74 0.45 46 17 90 14 115 26 189 13 208 3 318 1 330 11 421 11 423 14 425 11 457 7 506 5 514 6 521 6 523 9
27 0.1051970166611982 -0.04707739723261202 0.7903984653914244 195 121 51 0.61 46 18 115 27 143 0 330 12 386 5 404 6 457 8
28 0.1421110617691415 -0.06006131829522041 0.8456894496001615 156 114 76 0.71 46 19 90 15 95 9 115 28 216 1 330 13 386 6 409 6 421 12 423 15 425 12 457 9 523 10
29 0.1482677451905008 -0.01789000671497346 0.8260653044484905 155 104 55 0.73 46 20 115 29 189 14 386 7
30 0.06331133351790547 -0.28675262061684 0.9244114281229658 189 197 214 0.63 95 10 115 30 208 4 409 7 457 10 485 4 506 6
31 0.06996766855637801 -0.2242629719435011 0.8728960361989144 106 53 27 0.93 46 21 115 31 330 14 409 8
32 0.07543312543739975 -0.217313479120228 0.8799495058230034 176 138 90 0.84 46 22 115 32 189 15 208 5 330 15 457 11 523 11
33 0.06763792744552602 -0.1997644274817335 0.8528320293077485 96 66 45 0.89 90 16 115 33 404 7 421 13 423 16 425 13 485 5 514 7
34 0.06946986314393278 -0.1803513357194977 0.8470738059076011 175 148 106 0.39 90 17 115 34 189 16 208 6 330 16 386 8 404 8 421 14 423 17 425 14 479 9 514 8 523 12
35 0.08840248678835963 -0.1676903469761938 0.8526010073333665 181 131 81 0.73 46 23 95 11 115 35 152 3 208 7 330 17 457 12 479 10 514 9 523 13
36 0.0584105414580505 -0.1315577556023637 0.8057319648310048 177 99 44 0.38 115 36 330 18 404 9 513 0 514 10
37 0.1005131583212028 -0.1508765329049194 0.8636498286940066 142 80 29 0.39 46 24 95 12 115 37
38 0.1053403960003377 -0.1460897380733449 0.8660294907975155 169 120 79 0.27 46 25 95 13 115 38 423 18 479 11 485 6 513 1
39 0.07763789009775471 -0.1272288690346431 0.8217131881642574 150 101 70 0.26 46 26 115 39 189 17 425 15 479 12 506 7
40 0.08719493726988009 -0.1338426543667876 0.8326232227611337 183 140 96 0.34 46 27 90 18 95 14 115 40 189 18 208 8 421 15 423 19 425 16 479 13 485 7 513 2 514 11
41 0.07887601202756145 -0.1091368023711713 0.8125940859020271 178 129 71 0.16 115 41 404 10 423 20
42 0.1052540582215329 -0.1100043001900468 0.8426852882388793 190 141 78 0.61 90 19 115 42 189 19 404 11
43 0.1234040554430203 -0.111700193058665 0.8682444356192527 137 93 54 0.49 46 28 90 20 95 15 115 43 421 16 425 17
44 0.05736489225477548 -0.08011283097845193 0.7689310237019753 168 125 82 0.51 115 44 330 19 404 12 409 9 421 17 423 21 425 18 457 13 479 14 514 12
45 0.05874306661989387 -0.0867184337283835 0.7857631892733881 139 102 72 0.74 46 29 90 21 115 45 143 1 189 20 386 9 409 10 423 22 425 19 457 14 479 15 506 8
46 0.07657181264865492 -0.08138159233730236 0.7864502201611447 161 98 43 0.1 46 30 115 46 423 23
47 0.0798614768998254 -0.08723449329799945 0.8050176905740563 161 90 38 0.52 46 31 95 16 115 47 479 16
48 0.1136228466694306 -0.07947085812587423 0.8333310501007507 140 88 44 0.56 46 32 90 22 115 48 409 11 457 15 479 17
49 0.1145430880920503 -0.0699313306517311 0.8191860890173295 113 66 36 0.59 46 33 90 23 115 49 409 12 421 18 423 24 425 20 457 16 479 18 514 13
50 0.1283585029003721 -0.09289072265790616 0.8603810037483646 139 88 43 0.55 46 34 90 24 95 17 115 50 330 20 425 21 513 3 514 14
51 0.1346278693294452 -0.0779987084898853 0.8512464200183278 162 76 26 0.76 46 35 115 51 485 8
52 0.02930359652588721 -0.05899597724304473 0.7540230914147801 115 72 34 0.4 46 36 115 52 409 13 423 25 457 17 479 19 506 9 514 15 523 14
53 0.09333100993355406 -0.003593896623914572 0.6686382627178105 153 88 44 0.52 46 37 216 2 434 0
54 0.1624827980439194 -0.01862650809477012 0.8544031207009659 190 201 212 1.25 46 38 216 3 318 2 330 21 434 1 461 1 521 7 523 15
55 0.1206976250171355 0.04819910951538273 0.6545208354295686 148 77 42 1.46 46 39 53 3 115 53 523 16
56 0.1708338921571206 0.1174586954222254 0.32542188642298 202 145 104 1.12 153 0 215 0 479 20
57 0.06889252761572234 -0.1889415430694515 0.8543298777098183 164 130 86 0.75 46 40 90 25 95 18 115 54 143 2 189 21 208 9 330 22 386 10 423 26 425 22 479 21 506 10 513 4 514 16 521 8 523 17
58 0.09780822872854419 -0.1481114012837252 0.8591710962911272 171 123 71 0.46 46 41 90 26 115 55 152 4 208 10 330 23 386 11 423 27 425 23 479 22 514 17
59 0.05146851542175682 -0.15066417092479 0.8182525379004768 172 129 68 0.69 115 56 208 11 421 19 423 28
60 0.07349587087402004 -0.1487890338091374 0.8315509088579405 93 63 41 0.42 90 27 95 19 115 57 189 22 318 3 330 24 421 20 423 29 425 24 479 23 506 11 513 5 514 18 521 9 523 18
61 0.1060922635197843 -0.09408295807128025 0.8362195311356062 173 117 60 0.79 46 42 115 58 143 3 152 5 189 23 208 12 330 25 479 24 485 9 514 19
62 0.08211939684837949 -0.07679830829573969 0.7882262291632265 156 92 41 0.85 46 43 115 59 409 14 423 30 457 18
63 0.1165760820679476 -0.09212956485180568 0.8443161035902365 181 138 85 0.62 46 44 77 2 90 28 115 60 143 4 152 6 189 24 208 13 330 26 421 21 423 31 425 25 513 6 514 20 521 10 523 19
64 0.08520541620091057 -0.04635327586142195 0.7718827562470101 142 76 24 0.76 46 45 115 61 143 5 330 27 386 12 506 12 523 20
65 0.1314998711038758 -0.05726138299267436 0.8380538739898236 115 70 36 0.52 46 46 90 29 115 62 409 15 423 32 425 26 457 19 513 7
66 0.06215727901125173 -0.03750427025845389 0.7450466964598614 123 78 60 0.41 46 47 214 0 216 4
67 0.09772857003558516 -0.005902898650871416 0.6697613660809894 186 125 46 0.68 46 48 115 63 330 28 386 13 479 25
68 0.1173054687327482 0.009929567749248913 0.6623579624810318 149 80 39 0.64 46 49 94 0 214 1 330 29 434 2 513 8
69 0.1180728247029893 0.0168564030616188 0.6672328671461267 135 69 28 0.85 46 50 53 4 115 64 330 30 386 14 461 2 479 26 513 9 523 21
70 0.08314516109896164 -0.1167832948928084 0.8275509399575478 176 128 76 0.72 46 51 77 3 90 30 95 20 115 65 143 6 152 7 330 31 421 22 423 33 425 27 479 27 506 13 513 10 514 21 521 11 523 22
71 0.08677350987293966 -0.09651905527906365 0.8122806119694694 187 148 97 0.49 46 52 90 31 115 66 189 25 208 14 409 16 421 23 423 34 425 28 457 20 479 28 485 10 513 11
72 0.04347741765907015 -0.05913923868687833 0.7506891803622384 147 97 59 0.91 46 53 90 32 115 67 189 26 330 32 423 35 425 29 479 29 506 14 514 22
73 0.06541052211006232 -0.02494589701302134 0.7390904795804483 197 157 91 1.13 77 4 90 33 115 68 386 15 404 13 423 36 425 30
74 0.07145501337431301 -0.03586620686138349 0.7536591356503117 129 76 38 0.55 46 54 90 34 115 69 208 15 404 14 409 17 423 37 425 31 457 21 513 12 514 23
75 0.1228261443450719 0.01126415777463432 0.6693402330455829 229 137 58 0.56 46 55 53 5 115 70 409 18 457 22 479 30 513 13 514 24
76 0.1052047565085433 -0.1874349944889851 0.8925998720912307 156 114 72 0.97 46 56 77 5 95 21 115 71 208 16 461 3
77 0.11647679536327 0.02495854655193951 0.6606355098765233 196 117 47 0.7 46 57 115 72 330 33 409 19 425 32 457 23 479 31 514 25 523 23
78 0.1103208690787852 0.03899306334360568 0.650345335591709 203 132 63 0.93 46 58 53 6 90 35 115 73 409 20 425 33 457 24 514 26
79 0.2121925367226675 0.02106099777017987 0.7507028066896635 180 190 202 1.16 53 7 77 6 115 74 143 7 152 8 330 34 423 38 461 4 521 12 523 24
80 0.05748400608310539 -0.2929677847514117 0.9248675586176192 62 49 46 0.57 115 75 404 15 457 25 514 27
81 0.08824726138865824 -0.228716146109874 0.8830555896834291 151 106 32 1.58 115 76 143 8 514 28
82 0.1260564623122567 -0.1371692679065772 0.8862942237553604 190 197 208 1.12 115 77 404 16 457 26
83 0.06514653593508904 -0.02621335248643195 0.7431241044595844 170 135 74 0.66 53 8 115 78 208 17 330 35 404 17 425 34 521 13 523 25
84 0.04342013428739258 -0.1043612538579864 0.7835474423231958 133 92 39 0.71 90 36 115 79 143 9 409 21 425 35 457 27
85 0.06679693700103514 -0.1336725015046781 0.8161084001241445 93 70 46 0.4 53 9 90 37 115 80 208 18 404 18 421 24 423 39 425 36 479 32 521 14
86 0.114982183323737 -0.05355354938960556 0.8004396322979426 110 76 46 0.64 53 10 90 38 115 81 189 27 423 40 425 37 479 33 523 26
87 0.05002053069776125 -0.04131518577569178 0.7403250912862385 196 146 82 0.51 53 11 115 82 421 25 423 41 479 34 514 29
88 0.1268877545978522 -0.1272753758092189 0.8876324005423406 178 182 188 1.6 115 83 404 19 423 42
89 0.05777749585125394 -0.04524054479163372 0.7443061746202129 215 172 84 0.21 53 12 115 84 457 28
90 0.1200436446758065 0.01696795566522346 0.663368049170725 126 74 36 0.69 53 13 115 85 386 16 423 43
91 0.07822510551850415 -0.03938750100346117 0.7546642264229919 182 127 71 0.3 53 14 115 86 189 28
92 0.06218534270310525 -0.09981436248638847 0.7942502491948897 104 74 48 0.64 53 15 95 22 115 87 152 9 189 29 318 4 386 17 421 26 423 44 425 38 479 35 485 11 506 15 513 14 514 30
93 0.06181787372843892 -0.09994810596192788 0.7949642727523094 102 73 46 0.51 53 16 77 7 95 23 115 88 189 30 318 5 386 18 421 27 423 45 485 12 506 16 514 31
94 0.0841381649632047 -0.03958512071469128 0.7645587200878983 193 158 97 0.35 53 17 90 39 115 89 409 22 423 46 425 39 457 29
95 0.1600206526935782 0.008414246037000868 0.6963649460494681 79 56 40 0.8 53 18 77 8 90 40 94 1 143 10 189 31 386 19 423 47 425 40 434 3 461 5 479 36 506 17 514 32 521 15
96 0.1469461902516403 -0.06631351446675013 0.8697458683275245 112 103 99 0.37 53 19 90 41 95 24 115 90 421 28 423 48 425 41
97 0.1468611036378201 -0.06637182406646164 0.8698233049023072 115 109 106 0.44 53 20 90 42 115 91 421 29 423 49 425 42 506 18
98 0.3883509937598758 0.1276944940583508 0.2776253192030884 142 77 29 0.64 53 21 115 92 479 37 513 15
99 0.4056110465365882 0.1248020111707255 0.2973961493615349 55 40 27 0.61 53 22 90 43 115 93 189 32 386 20 409 23 423 50 425 43 457 30 461 6 514 33 523 27
100 0.4182955092187178 0.1048972742754734 0.2934385137049506 145 102 61 0.75 90 44 115 94 409 24 457 31 461 7 523 28
101 0.4606673870784745 0.0749279009649922 0.3856631013622611 196 147 93 1.38 77 9 115 95 189 33 386 21
102 -0.03132138932226647 -0.07439015594811854 0.8347621353635781 181 178 149 1.41 90 45 115 96 423 51
103 0.06407701411647829 -0.1137036503833775 0.8051950864338198 181 146 85 0.26 90 46 115 97 208 19 421 30 423 52 514 34
104 0.07807434969455213 -0.04407221202628701 0.7673024687700274 185 135 73 0.62 53 23 115 98 143 11 189 34 330 36 409 25 479 38 506 19 514 35 521 16 523 29
105 0.08775160062754039 -0.1079003364362843 0.820279720471603 184 142 90 0.41 90 47 115 99 404 20 409 26 421 31 423 53 425 44 457 32 479 39
106 0.1728816823937011 0.0117182113979367 0.6863582710792395 86 46 26 1.58 94 2 115 100 215 1 457 33
107 0.136054701167095 -0.07390888471852408 0.8486570489635061 136 95 58 0.45 53 24 90 48 115 101 409 27 423 54 425 45 457 34 479 40 514 36
108 0.1444679006992102 -0.06991816562989328 0.8685105424019146 178 188 199 0.72 53 25 90 49 95 25 115 102 152 10 386 22 421 32 423 55 425 46 461 8 485 13 506 20 513 16 521 17 523 30
109 0.3899346515948929 0.1237978972230217 0.2830077240296647 186 131 77 0.52 53 26 115 103 153 1 409 28 457 35 513 17
110 0.404547813125721 0.1263472040978411 0.2953069506335216 167 132 88 0.44 53 27 115 104 386 23 409 29 425 47 457 36 461 9 514 37
111 0.4351667345207488 0.0703099946898455 0.2845453030616782 179 149 83 0.81 53 28 90 50 115 105 153 2 423 56
112 0.4701286534472698 0.07948328302778099 0.3951335865227656 143 93 36 0.61 53 29 115 106 423 57 513 18 514 38
113 0.4701286534472698 0.07948328302778099 0.3951335865227656 143 93 36 0.61 53 30 115 107 423 58 513 19 514 39
114 0.4757680667043271 0.07934374816331788 0.404470321544545 174 97 55 0.74 115 108 423 59 461 10
115 0.512592199234628 0.09325161016755695 0.420818040000596 205 130 58 1.14 53 31 115 109 423 60 514 40
116 0.3912927509450046 0.13817040922755 0.282949565785994 141 92 42 0.76 53 32 115 110 409 30 434 4 457 37 513 20 523 31
117 0.3929516291240153 0.125479551602399 0.2855014422326615 83 52 22 0.47 53 33 115 111 153 3 216 5 409 31 457 38 523 32
118 0.3954247979730577 0.1232757460527248 0.2881408429293524 119 97 79 0.72 53 34 115 112 152 11 386 24 425 48 457 39 523 33
119 0.3954246454510261 0.1232846732571023 0.2885479818049203 131 107 86 0.7 53 35 115 113 152 12 386 25 409 32 457 40 523 34
120 0.3918353261199132 0.1156980430619185 0.2897556927612592 165 129 82 0.58 53 36 115 114 153 4 216 6 386 26 409 33 434 5 461 11
121 0.4538729508857012 0.07749103252747926 0.28588844687085 128 101 63 1.09 53 37 77 10 90 51 115 115 189 35 409 34 425 49 457 41 461 12 514 41 521 18 523 35
122 0.4488784034913945 0.07765207767113708 0.284725515580215 123 96 57 0.96 53 38 115 116 153 5 189 36 386 27 506 21 514 42 521 19
123 0.5006676975034776 0.08209855893928669 0.3277574598790149 116 87 46 1.19 53 39 77 11 115 117 189 37 214 2 215 2 423 61 461 13 514 43 521 20
124 0.4564483668403193 0.06203793624541745 0.382261886184274 159 120 68 1.79 53 40 115 118 189 38 214 3 215 3 423 62
125 0.06173317053240907 -0.05918948994689291 0.7697125524630837 115 78 44 0.6 53 41 90 52 115 119 143 12 189 39 330 37 386 28 409 35 425 50 457 42 479 41 506 22 514 44 521 21
126 0.009720909401152777 -0.03375847582640834 0.7562567359290755 113 75 39 0.53 53 42 90 53 115 120 409 36 423 63 425 51 521 22
127 -0.01674545708945646 -0.03002865960353733 0.7728373531517201 125 83 34 0.84 115 121 152 13 409 37 457 43 523 36
128 0.689372273369627 0.01927899184369459 -0.08363464041240673 165 131 62 0.78 53 43 115 122 423 64 521 23
129 0.7999829564624865 0.03064714150013167 -0.08427458583898803 43 32 14 0.75 53 44 115 123 423 65 521 24
130 0.08738982633928419 -0.1727855486975385 0.8574653959036913 75 55 44 0.39 53 45 90 54 115 124 189 40 421 33 423 66 425 52 485 14 521 25 523 37
131 0.0566323963476158 -0.1359307918625764 0.8118090794385693 128 92 47 0.32 53 46 115 125 425 53 479 42
132 0.1486280771315592 -0.06390511771952795 0.8531597263490687 192 145 95 0.77 53 47 115 126 216 7 409 38 457 44
133 0.02774700156174653 -0.02620215273117278 0.7340260509404359 105 61 29 0.82 53 48 90 55 115 127 330 38 386 29 409 39 423 67 425 54 457 45 514 45
134 0.008571024366913982 -0.02299062241228959 0.7507315426723262 121 74 35 0.98 53 49 115 128 409 40 457 46 479 43 523 38
135 0.08592064071521466 6.370422092039085e-05 0.6818798261710139 169 121 66 0.52 53 50 115 129 330 39 425 55 457 47 506 23 521 26
136 0.69055238852856 0.0198913740067687 -0.08495472284176317 146 110 39 0.69 53 51 115 130 521 27
137 0.7303213799314521 0.0187154316319082 -0.1329692143970737 50 23 14 0.73 53 52 115 131 423 68 521 28
138 0.07717062666529276 0.0028853563238775 0.6906172499387546 217 162 98 0.54 53 53 115 132 409 41 423 69 457 48 479 44
139 0.1174047734498733 0.01898163503205143 0.6619882637144305 209 144 73 0.35 53 54 90 56 115 133 409 42 425 56 457 49 479 45 514 46
140 0.6565733044064783 0.02498071357081857 -0.04150085783896097 169 123 49 0.94 53 55 115 134 143 13 423 70
141 0.6790479684112201 0.0264776959907527 -0.06988030113236571 139 127 78 0.47 53 56 115 135 423 71
142 0.6614889835849942 0.0304472943074921 -0.0474861406651863 120 98 48 0.58 53 57 115 136 423 72 521 29
143 0.4155582311137184 0.1160907978006311 0.2910630443505975 208 171 107 0.66 53 58 115 137 153 6 425 57 457 50
144 0.6643943931426854 0.07949336364289836 -0.06644589059644782 128 112 47 0.61 53 59 115 138 521 30
145 0.3379810276585402 0.131883801199055 0.2720937450464082 166 120 72 1.16 53 60 90 57 115 139 152 14 189 41 330 40 386 30 409 43 423 73 457 51 514 47 523 39
146 0.06885566352310821 -0.1648800561589473 0.841594208959509 193 151 83 0.52 53 61 115 140 208 20
147 -0.03245862789023612 -0.06780150031398929 0.8369188555006306 131 116 91 1.05 53 62 115 141 423 74
148 -0.03292767992032675 -0.03623075926691594 0.792515214635048 202 191 170 1.63 53 63 115 142 386 31
149 0.0321486588288562 -0.0282284579364141 0.7214895789491425 187 144 94 0.92 53 64 90 58 115 143 330 41 409 44 425 58 457 52
150 0.7258712655565511 0.01232621747823141 -0.1282886701155654 148 120 44 0.61 53 65 115 144 521 31
151 0.152910404969588 0.004885982618186901 0.6917415564279543 216 149 76 0.47 53 66 115 145 330 42 409 45 457 53
152 0.7119241093950573 0.01886221681353888 -0.1109034776267896 90 66 46 0.63 53 67 115 146 423 75
153 0.735536665456713 0.01763141548592823 -0.1395055436344186 99 71 43 0.46 53 68 115 147 423 76
154 0.7661455316734547 0.02704920157880016 -0.1157092363710016 92 69 53 0.37 53 69 115 148 143 14 423 77 521 32
155 0.7089763018294329 0.02541012287013523 -0.1076765590248647 164 140 75 0.67 53 70 115 149 214 4 423 78 513 21 521 33
156 0.7668329927273365 0.02878332159475942 -0.1151241087248515 30 18 8 0.44 53 71 115 150 214 5 513 22
157 0.3893882909892612 0.1141348257482857 0.2892543319858353 167 129 72 0.65 53 72 115 151 189 42 216 8
158 0.6937205992069629 0.07350601284957395 -0.1122890897135651 189 170 105 0.41 53 73 115 152 423 79
159 0.06414807064861747 -0.2787285619089138 0.9175180223021782 81 67 69 1.27 53 74 77 12 90 59 95 26 115 153 409 46 423 80 457 54 461 14 513 23 521 34
160 0.124273166243527 -0.1159173882826724 0.8645106637906281 156 111 73 0.28 53 75 115 154 421 34
161 0.7557397671148005 0.006161134741285518 -0.1213099634476952 156 113 44 0.98 53 76 115 155 143 15 521 35
162 0.7901339664908665 0.01840454301976222 -0.09555359059959849 212 215 191 0.29 115 156 513 24 521 36
163 0.7800253683185833 0.0183532377719417 -0.1016893261432852 167 114 80 0.44 53 77 115 157 143 16
164 0.7770938747979774 0.02270144979873811 -0.1038481445945608 92 78 72 0.36 53 78 115 158 143 17 521 37
165 0.7847117210744032 0.0245200389605258 -0.09863815012535082 137 123 107 0.56 53 79 115 159 143 18
166 0.8009221858850355 0.03115420601939566 -0.08522186550519764 103 86 62 0.99 53 80 115 160 143 19 423 81
167 0.4580072887722527 0.07780858828222471 0.2912819893699392 167 141 69 0.63 53 81 115 161 189 43
168 0.5195591459217824 0.1003875679557108 0.4273290658207503 166 160 159 0.8 53 82 115 162 215 4 423 82
169 0.100508258286328 -0.2100784757793494 0.9200048338283919 176 192 211 1.35 90 60 95 27 189 44 208 21 423 83 461 15 521 38
170 0.3358759056550535 0.1313199589989171 0.2698460846267668 137 96 54 0.85 53 83 90 61 115 163 189 45 409 47 423 84 514 48
171 0.3941362076014911 0.1411094897747406 0.2826940578440152 193 146 88 0.89 53 84 115 164 457 55
172 0.07486284217826833 -0.03064900420567036 0.7523531076774985 190 143 71 0.63 53 85 90 62 115 165 189 46 208 22 425 59 514 49
173 0.7341608534937205 0.01657116276539882 -0.1394553862331394 177 139 65 0.34 53 86 115 166 521 39
174 0.8017889046971627 0.03239623979983122 -0.08516227996893611 56 31 8 1.49 115 167 208 23 513 25
175 0.8017889046971627 0.03239623979983122 -0.08516227996893611 56 31 8 1.49 115 168 208 24 513 26
176 0.1995507732295332 0.02126245939349841 0.7440498138446019 200 140 66 0.8 53 87 90 63 115 169 216 9 513 27 514 50 521 40 523 40
177 0.7647200450779242 0.03066775247945846 -0.1166310592594358 16 8 8 0.26 53 88 115 170 214 6 423 85 513 28 521 41
178 0.1267291049766771 0.03786044681439035 0.6585186217657026 195 127 65 0.83 53 89 115 171 409 48 423 86 457 56 479 46 514 51
179 0.5184756337353651 0.09304950451576685 0.4280085290131777 175 167 164 0.83 53 90 115 172 215 5 423 87 461 16
180 0.7348893391044553 0.0527373514040233 -0.09035197005240683 114 69 38 0.44 53 91 115 173 423 88
181 0.3970307719456748 0.1210640029711361 0.2950980243764508 90 79 47 0.69 53 92 115 174 153 7 189 47 386 32
182 0.6967714374639056 0.07217762969767332 -0.1111309440215841 179 142 77 0.6 53 93 115 175 513 29 521 42
183 0.7070837925955188 0.06928194726895524 -0.117866037924057 162 104 57 0.53 53 94 115 176 423 89
184 0.7071394653685447 0.06923874183251474 -0.1180419096687513 142 87 43 0.7 53 95 115 177 521 43
185 0.6950306621481372 0.07338732544957502 -0.1128237538175009 113 79 35 0.57 53 96 115 178 423 90 513 30 521 44
186 0.7437353522531627 0.07513908275606802 -0.1429546840006282 154 131 70 0.92 53 97 115 179 513 31
187 0.8135812488016069 0.01466569767329444 -0.0746934196555894 136 110 55 0.72 53 98 115 180 423 91 521 45
188 0.0474811206114048 -0.02769806121308929 0.7307691535763134 214 167 89 0.94 53 99 90 64 115 181 404 21 409 49 423 92 425 60 457 57
189 0.8050913693461275 0.0223294836469882 -0.08408315668286531 147 129 52 1.38 53 100 115 182 423 93
190 0.1687417615437787 0.004437680013171491 0.74273398148308 156 111 68 1.21 53 101 143 20 506 24
191 0.7304893185151369 0.01954054354229074 -0.1342211040469104 50 23 12 0.73 53 102 115 183 521 46
192 0.7304893185151369 0.01954054354229074 -0.1342211040469104 50 23 12 0.73 53 103 115 184 521 47
193 0.7526037123265465 0.02191567726604485 -0.1232301999339927 152 113 68 0.57 53 104 115 185 208 25 214 7 423 94 513 32 521 48
194 0.8056017568750187 0.02891996019330886 -0.08319201180086136 180 157 67 0.65 53 105 115 186 143 21
195 0.7118254034550255 0.02217537614897733 -0.1097093223847112 186 148 82 0.56 53 106 115 187 423 95 513 33
196 0.5131253107322984 0.07140061850532411 0.4323777984439651 176 163 151 1.95 53 107 115 188 386 33 423 96 461 17 521 49
197 0.7716258742705591 0.0131052070641197 -0.1084709356155503 159 124 67 0.44 53 108 115 189 208 26 521 50
198 0.7809488960016269 0.009443885959192912 -0.1008984868315381 157 125 72 0.35 53 109 115 190 423 97 521 51
199 0.7863756176224178 0.01086809680876045 -0.09609309657081611 155 124 78 0.51 53 110 115 191 423 98 513 34 521 52
200 0.7904099989348596 0.01227860778964492 -0.09101862191983306 165 123 70 0.43 53 111 115 192 208 27 513 35 521 53
201 0.7942500346767178 0.0128614847341861 -0.08997954989436122 142 108 72 0.62 53 112 115 193 423 99 521 54
202 0.1667688567784426 -0.01749884873792952 0.8531752941287025 167 184 200 0.8 53 113 90 65 115 194 423 100 425 61
203 0.7757899545775858 0.01568511707914526 -0.1046449768362395 155 153 124 0.62 53 114 115 195 143 22 423 101 521 55
204 0.8108203603823879 0.05641970864033598 -0.08251284167796941 124 110 83 0.57 53 115 423 102 521 56
205 0.7035049103432575 0.07492893674031924 -0.1166300204516318 117 92 34 0.98 53 116 115 196 521 57
206 0.0844547836785717 -0.2276543226819963 0.8823804770171673 143 115 78 0.82 53 117 90 66 95 28 115 197 189 48 208 28 386 34 421 35 423 103 479 47 485 15 513 36 514 52 521 58
207 0.7766019559901751 0.005977734933175161 -0.110162171609743 149 88 26 2.38 115 198 513 37
208 0.773203031807806 0.01030023309815181 -0.1081346096953362 29 17 12 0.9 53 118 115 199 208 29 423 104 513 38
209 0.773203031807806 0.01030023309815181 -0.1081346096953362 29 17 12 0.9 53 119 115 200 208 30 423 105 513 39
210 0.7975734790912253 0.01170087783854856 -0.0869927068883887 130 98 31 0.45 115 201 208 31 513 40
211 0.7376742695829113 0.01559330184430253 -0.1413795965387154 129 117 81 1.01 53 120 115 202 423 106 521 59
212 0.7809165339514532 0.01682549832797751 -0.1019912591787576 157 152 131 0.49 53 121 115 203 143 23 423 107 521 60
213 0.8040425659870892 0.0251408446290866 -0.08520846022129712 195 178 100 0.78 53 122 115 204 208 32 513 41 521 61
214 0.7139400856383435 0.01525874596984355 -0.112274166161778 121 96 73 0.29 53 123 423 108 521 62
215 0.7316416965392014 0.01683595458008715 -0.1327977516285944 148 123 90 0.61 53 124 423 109 521 63
216 0.8318212911946915 0.05614501961972684 -0.06385910772370401 176 156 63 1.3 53 125 115 205 521 64
217 0.8308136828176977 0.05545739589901671 -0.06604605164162369 197 176 78 2.22 53 126 115 206 423 110
218 0.3593345837956861 0.06391933353760131 0.3282098193515345 156 115 77 0.87 53 127 215 6 521 65
219 0.05921559564853263 -0.2002827961661229 0.8612133302412559 181 149 96 0.79 77 13 90 67 115 207 143 24 423 111 425 62
220 0.08491141044695069 -0.1948591531164399 0.8718147164718195 191 169 126 0.42 77 14 90 68 95 29 115 208 189 49 208 33 330 43 386 35 421 36 425 63 479 48 485 16 506 25 514 53 521 66
221 0.07886127044246602 -0.1615685832694489 0.8447850423721808 169 133 92 0.5 77 15 90 69 115 209 189 50 208 34 330 44 386 36 421 37 423 112 425 64 479 49 506 26 514 54 521 67 523 41
222 0.06747479317480057 -0.1161365057611559 0.8064753519262675 101 73 46 0.28 77 16 90 70 115 210 143 25 152 15 189 51 208 35 386 37 423 113 425 65 479 50 506 27 514 55 521 68 523 42
223 0.09730785114526677 -0.06389492042670761 0.7908185232219698 230 178 95 0.45 77 17 90 71 115 211
224 0.4169062006914083 0.07923522226736728 0.2856087942628424 163 133 78 1.23 94 3 115 212 216 10 479 51 514 56 523 43
225 0.3783483919567872 0.1367473301992421 0.2698097336204217 248 179 100 1.02 77 18 115 213 216 11 457 58
226 0.06308442466148143 -0.1819107876301571 0.8440985379417905 181 147 100 0.58 77 19 95 30 115 214 143 26 152 16 189 52 330 45 386 38 425 66 479 52 506 28 514 57 523 44
227 0.06317891765339259 -0.1818937619861339 0.8434560955484105 158 124 76 0.56 77 20 115 215 143 27 461 18 479 53 506 29 521 69 523 45
228 0.06764411773855677 -0.183163162185631 0.8450831401941195 96 66 47 0.64 77 21 90 72 115 216 152 17 189 53 330 46 386 39 404 22 423 114 425 67 461 19 506 30
229 0.06753400229242221 -0.1833540634305831 0.8456144118918407 91 62 41 0.62 77 22 115 217 143 28 152 18 189 54 330 47 386 40 404 23 461 20 479 54 506 31 514 58 521 70 523 46
230 0.103905247005671 -0.1887277271727442 0.8826497971463576 167 142 106 0.38 77 23 115 218 330 48 506 32 523 47
231 0.0940524490356541 -0.1410200604881597 0.8523931072884767 189 144 95 0.88 77 24 115 219 330 49 506 33 513 42 514 59 521 71
232 0.09702786611550018 -0.1361048357079028 0.851608403546968 130 74 43 0.24 77 25 95 31 115 220 513 43
233 0.05646653783203273 -0.110141245750901 0.7984292131923372 135 93 58 0.27 77 26 115 221 330 50 421 38 423 115 425 68 457 59 479 55
234 0.0803414727425856 -0.1100708466054147 0.8327920713796797 198 146 78 0.3 77 27 115 222 514 60 521 72
235 0.04824311470334255 -0.08527870377657717 0.7723364254788223 112 72 43 0.39 77 28 90 73 115 223 189 55 330 51 386 41 409 50 423 116 425 69 457 60 479 56 506 34 514 61 523 48
236 0.1040083745338387 -0.07494864506127241 0.7997671914785096 155 96 39 0.66 77 29 115 224 152 19 330 52 461 21 523 49
237 0.05972500711745926 -0.0534982800824567 0.7542041899144454 206 166 105 0.57 77 30 115 225 409 51 421 39 457 61 479 57 513 44 521 73 523 50
238 0.1161495924969933 -0.06228210708685286 0.8063997054932845 130 85 45 1.12 77 31 115 226 214 8 409 52 457 62 513 45
239 0.09129244634613035 -0.04192447382742304 0.7790600166550963 203 150 68 0.79 77 32 115 227 143 29 330 53 386 42 404 24 506 35
240 0.2482592752788761 0.04676100358233047 0.7749859964546102 200 161 78 1.95 115 228 215 7
241 0.4918169232180621 0.08124287243434368 0.4022656580610358 214 151 77 0.87 77 33 115 229 215 8 386 43 514 62
242 0.5137499589547824 0.08660117529422538 0.4193170065600899 187 151 122 1.08 77 34 189 56 423 117
243 0.3474151032938076 0.1334987789082343 0.2769362165332849 178 127 57 1.23 77 35 115 230 521 74
244 0.386500628424123 0.1294251885963172 0.2775111346015557 191 139 77 0.51 77 36 115 231 216 12 409 53 457 63 513 46 523 51
245 0.06270056041417307 -0.1485862878288417 0.8180674232163274 234 181 103 0.3 77 37 115 232 404 25
246 0.08424009189420636 -0.1601267226572391 0.8494286945169145 178 136 86 0.73 77 38 115 233 189 57 208 36 330 54 421 40 479 58 506 36 513 47 514 63 521 75 523 52
247 0.1036449597354187 -0.1118269594364441 0.8410762073661113 194 134 61 0.79 77 39 115 234 143 30 330 55 421 41 479 59 514 64
248 0.1141755153713451 -0.1274520051662902 0.8643170065491346 175 128 76 0.69 77 40 115 235 152 20 330 56 386 44 457 64 506 37 523 53
249 0.1156329506148271 -0.1272940532214808 0.8617655408117131 170 129 83 0.58 77 41 115 236 189 58 318 6 330 57 425 70 506 38 513 48 514 65 521 76 523 54
250 0.04170911961479967 -0.04902127800727815 0.7423948300363117 94 64 40 0.39 77 42 90 74 115 237 330 58 386 45 409 54 423 118 425 71 457 65 479 60 506 39 514 66 521 77 523 55
251 0.4829384413998313 0.08295408524626136 0.407106148614124 152 112 56 0.89 77 43 115 238 461 22 521 78
252 0.3773085348087704 0.1334479148690179 0.2691864914590358 200 144 77 0.85 77 44 115 239 152 21 189 59 330 59 409 55 457 66 461 23
253 0.06022837230903921 -0.2915875601774032 0.9235558725283195 84 66 62 0.61 95 32 115 240 404 26 409 56 457 67 479 61 513 49 514 67
254 -0.01531605056062368 -0.1308459445253181 0.8682669375362571 186 193 186 0.99 77 45 115 241 423 119 523 56
255 0.07544178195450793 -0.1181431038802876 0.8168874285591619 178 145 97 0.26 77 46 90 75 115 242 189 60 421 42 425 72 479 62 513 50 521 79
256 0.06474312872001697 -0.0865213160366671 0.7909224594857309 155 116 71 0.62 77 47 115 243 208 37 318 7 421 43 485 17 506 40 513 51 521 80
257 0.1017733892452147 -0.09314911243789806 0.8236765064629137 169 129 73 0.78 77 48 115 244 143 31 318 8 461 24 479 63 506 41 513 52 521 81
258 0.04065607178888275 -0.07420916648873882 0.7616052122088428 182 136 71 0.46 77 49 115 245 330 60 506 42 513 53 521 82 523 57
259 0.1603763889775845 -0.0253664575436212 0.8375214874628745 182 132 80 1.55 77 50 115 246 513 54 514 68
260 0.1300362178746345 -0.00591627584908988 0.6833301734778787 185 123 79 1.2 77 51 115 247 523 58
261 0.3971788488009162 0.04735762670156032 0.3410789317323126 220 160 101 1.32 77 52 115 248 330 61 461 25
262 0.5134419576235479 0.08942005801707789 0.4204258456489427 139 107 46 0.92 115 249 189 61 215 9 423 120 514 69
263 0.1118334700417503 -0.03139763058136624 0.7639853472079325 181 114 54 1.33 77 53 95 33 115 250 457 68
264 0.4107507435759959 0.07191363038985758 0.3040754258553108 111 88 50 1.41 77 54 94 4 115 251 215 10 479 64
265 0.4177251453696985 0.1025894899246659 0.287246721386111 116 76 43 1.06 94 5 115 252 479 65
266 0.09761643148336241 -0.2351566722486942 0.8848990035953717 63 59 46 1.71 95 34 115 253 421 44 513 55 514 70
267 0.07721069223482357 -0.02691014805928911 0.7459176850008042 222 165 87 0.78 77 55 115 254 214 9 513 56
268 0.1229538459048992 -0.01174337567702852 0.6555456210316295 226 178 86 1.64 77 56 90 76 115 255
269 0.4117826599451084 0.1183358080262349 0.2919536647331459 46 41 32 1.5 77 57 90 77 115 256 152 22 386 46 409 57 423 121 425 73 461 26 523 59
270 0.0652480637259843 -0.2618195868645842 0.894563578604471 236 215 118 1.14 95 35 115 257 330 62 479 66
271 0.5102567405366477 0.07710547565236915 0.4476749003913543 135 104 78 0.88 77 58 423 122 461 27
272 0.5136119886341628 0.07505593805826637 0.4161577378033107 150 112 55 1.19 77 59 115 258 215 11 386 47 461 28
273 0.1345671872598918 -0.03585514446217471 0.8244852882511748 178 141 92 1.3 77 60 90 78 115 259 143 32 152 23 189 62 386 48 423 123 425 74 461 29 479 67 506 43 513 57 521 83 523 60
274 0.05811600309615261 -0.2914529568884402 0.9223515974471137 76 66 65 1.27 90 79 115 260 208 38 404 27 423 124 457 69
275 0.03348237122270004 -0.2324235115909243 0.8773545016976083 98 63 29 1.44 115 261 143 33 479 68 514 71
276 0.05596458000471105 -0.1967363982666772 0.8522429308293498 147 88 40 0.52 90 80 115 262 421 45 514 72
277 0.001453866844415674 -0.02120106610768613 0.7555863496408781 91 53 22 0.85 90 81 115 263 152 24 409 58 423 125 425 75 457 70 514 73 523 61
278 0.136441264751746 0.01810300108911769 0.6782860332077241 189 139 77 0.46 90 82 115 264 409 59 423 126 425 76 457 71
279 0.05140449680616332 -0.2259195339847494 0.8697010690560232 162 135 102 0.6 90 83 115 265 189 63 208 39 404 28 409 60 421 46 423 127 425 77 457 72 479 69 506 44 514 74 523 62
280 0.04784743608368031 -0.217928353100075 0.8623999434860394 149 127 94 0.63 90 84 115 266 152 25 189 64 409 61 423 128 425 78 457 73 461 30 479 70 506 45 514 75 521 84 523 63
281 0.05634723431382896 -0.2182624300811487 0.8633772620829581 190 171 122 0.75 90 85 115 267 409 62 423 129 425 79
282 0.07073144549533378 -0.2189114508956239 0.8772804811481583 161 126 90 0.84 90 86 115 268 189 65 208 40 330 63 386 49 423 130 425 80
283 0.07065170176996391 -0.1837449507199549 0.861728569116794 104 50 18 0.28 90 87 115 269 514 76
284 0.07581629683742996 -0.1921584088409252 0.8754960653954404 120 82 41 0.66 90 88 115 270 386 50 423 131 425 81 514 77
285 0.07623643309191908 -0.1653868144513112 0.842661330430414 102 67 44 0.55 90 89 115 271 189 66 208 41 318 9 330 64 386 51 409 63 421 47 423 132 425 82 457 74 461 31 479 71 506 46 514 78 521 85 523 64
286 0.1162441478007731 -0.1533721577728939 0.8838446147794203 187 152 109 0.58 90 90 115 272 189 67 404 29 409 64 421 48 425 83 457 75 479 72 506 47
287 0.04644356072215369 -0.1383913391706935 0.8071485982639066 124 84 38 0.4 115 273 479 73 506 48 523 65
288 0.1048426818663206 -0.1074989042379809 0.8360639268799128 103 70 39 0.58 90 91 115 274 318 10 421 49 423 133 425 84 479 74 506 49 514 79
289 0.07907233641894687 -0.0887208926783464 0.7972566447921206 109 73 37 0.69 90 92 115 275 208 42 421 50 423 134 506 50 514 80
290 0.07983935179908908 -0.0887901115403025 0.7951240738763556 120 78 32 0.45 90 93 115 276 423 135 425 85 514 81
291 0.0845067136651951 -0.07633843930018844 0.7959550072736745 195 149 87 0.36 90 94 115 277 409 65 423 136 457 76
292 0.1211615923734126 -0.06099049053793965 0.8177673903347811 122 84 40 0.67 90 95 115 278 423 137 425 86 479 75
293 0.09791581092245522 -0.06370513172041795 0.7896997512697945 179 137 73 0.42 90 96 115 279 143 34 386 52 423 138 425 87
294 0.1110531932530399 -0.05500342022016314 0.7895553778997604 185 121 52 0.38 90 97 115 280 425 88
295 0.027752460540724 -0.04974698847544583 0.7435571030811015 141 92 47 0.53 90 98 115 281 409 66 425 89 457 77
296 0.03208418212738579 -0.04908633012674278 0.741257152715552 112 77 37 0.74 90 99 115 282 386 53 409 67 423 139 425 90 457 78 521 86
297 0.03089303860907255 -0.04863241428046393 0.7450500720236624 159 115 36 0.3 115 283 457 79 479 76
298 -0.002423486206185876 -0.01894972167777288 0.7576549659000025 188 152 87 0.95 90 100 115 284 409 68 423 140 425 91 457 80 523 66
299 0.0400491367361025 -0.01706676413472789 0.7055279610693075 169 130 74 0.28 90 101 115 285 386 54 425 92
300 0.00059423712054818 -0.01196346110448969 0.7442548563997675 148 117 75 0.72 90 102 115 286 423 141 425 93 514 82 521 87 523 67
301 0.05687498779659575 -0.01039190984464197 0.6638295922748065 201 161 77 1.66 90 103 115 287 423 142
302 0.1117732057923205 0.04683302562560734 0.6303232452396705 98 52 30 0.5 90 104 115 288 423 143 425 94
303 0.07605047900801415 -0.2304795379033746 0.8640761964185808 174 128 65 1.53 90 105 115 289 423 144
304 0.05934536101716276 -0.1988823623716714 0.8489667318397844 160 135 95 0.62 90 106 115 290 189 68 330 65 423 145 425 95 479 77 506 51 514 83 521 88 523 68
305 0.06878443069622986 -0.1969328077995549 0.855319958926362 174 137 91 0.41 90 107 115 291 404 30 425 96 479 78
306 0.04256759881164779 -0.1928059348572626 0.8482910739912124 168 136 82 0.53 90 108 115 292 386 55 425 97
307 0.04144409824115985 -0.1932434622341769 0.8503772160219745 169 128 68 0.89 90 109 115 293 143 35 425 98
308 0.04962816202346462 -0.1851504888742133 0.8359282677454638 170 142 96 0.63 90 110 115 294 143 36 189 69 330 66 423 146 479 79 514 84 523 69
309 0.06332875920440761 -0.1871771717968481 0.8470733867763385 155 123 82 0.65 90 111 115 295 143 37 152 26 189 70 330 67 386 56 425 99 514 85 521 89 523 70
310 0.04089688895960913 -0.1764894748517813 0.8374450312579869 152 120 87 0.46 90 112 115 296 423 147 425 100
311 0.06880960321473478 -0.1579177774722259 0.8412122495874033 190 138 61 0.44 90 113 115 297 425 101 506 52 514 86
312 0.09150273238446791 -0.1586853123408755 0.8542170003114637 177 135 85 0.4 90 114 115 298 143 38 208 43 330 68 425 102 461 32 479 80 514 87 521 90 523 71
313 0.09956716861361953 -0.1427477968719009 0.8552324103220066 100 65 42 0.37 90 115 115 299 386 57 409 69 421 51 425 103 457 81 521 91
314 0.04627392637668007 -0.1383543269046114 0.807419887082548 137 86 41 0.5 90 116 115 300 143 39 330 69 423 148 425 104 479 81
315 0.05076147177617804 -0.1375531107362236 0.8078511223419007 118 80 48 0.51 90 117 115 301 143 40 189 71 423 149 425 105 521 92 523 72
316 0.08428788102690718 -0.1297405924867612 0.8312842270798793 89 60 30 0.28 90 118 95 36 115 302 423 150 425 106 485 18 514 88
317 0.05563781972577481 -0.1261669410087425 0.8038957714752244 187 128 64 0.36 90 119 115 303 208 44 423 151 425 107 514 89
318 0.06776661608638673 -0.1160180974902032 0.8057482583883437 92 71 48 0.32 90 120 115 304 189 72 318 11 404 31 421 52 423 152 425 108 479 82 506 53 521 93 523 73
319 0.09912867415639101 -0.1108395279871092 0.8332624089849812 168 131 85 0.38 90 121 95 37 115 305 318 12 421 53 423 153 425 109 485 19
320 0.13145856867619 -0.1007881735834643 0.8617055944894081 118 78 46 0.47 90 122 115 306 318 13 330 70 421 54 425 110 457 82 461 33 479 83 521 94 523 74
321 0.04815870916887732 -0.1063276070313577 0.7603358205887558 174 115 66 1.23 90 123 115 307 521 95
322 0.04333216290107167 -0.1043457860766324 0.7837273780945704 124 83 35 0.64 90 124 115 308 143 41 409 70 425 111 457 83 514 90
323 0.04837493833018119 -0.1033563192928311 0.7876051159258015 146 90 40 0.62 90 125 115 309 143 42 330 71 409 71 423 154 457 84 479 84
324 0.09341248876261371 -0.09556959347593427 0.8190937857684741 186 144 85 0.23 90 126 115 310 189 73 208 45 425 112
325 0.08608446653481014 -0.08975155457640038 0.810092365030717 103 64 33 0.29 90 127 115 311 409 72 421 55 423 155 425 113 457 85 479 85 485 20 514 91
326 0.03403149947280271 -0.08620561004405525 0.7646621086604273 127 86 39 0.14 90 128 115 312 423 156 425 114
327 0.04797159080352323 -0.08538093546063374 0.7726726514446378 101 69 40 0.35 90 129 115 313 189 74 386 58 423 157 425 115 479 86 506 54 514 92
328 0.08924802407426843 -0.06888092288576247 0.7980879189471268 137 97 44 0.35 90 130 115 314 330 72 425 116 457 86 479 87 514 93 523 75
329 0.1153204446957824 -0.06748405191691881 0.8241282291024297 175 131 86 0.5 90 131 115 315 189 75 421 56 423 158 425 117 479 88
330 0.1270990346116848 -0.06422747878010288 0.8346404115212847 194 146 84 0.73 90 132 115 316 386 59 409 73 421 57
331 0.01676677071782767 -0.07395545102241685 0.779848554016398 132 96 46 0.25 90 133 115 317 423 159 425 118
332 0.0433401275409234 -0.05890256077097465 0.7352059951890575 196 155 86 0.22 90 134 115 318 423 160 425 119
333 0.06490268387242554 -0.03717437316893735 0.7483186322080839 200 145 79 0.54 90 135 115 319 189 76 208 46 409 74 457 87 514 94
334 -0.003136336765615699 -0.03769152306762077 0.759306519096006 144 96 57 0.19 90 136 115 320 423 161 425 120
335 0.02203848228674987 -0.04162610726060954 0.74269895856406 146 114 79 0.83 90 137 115 321 423 162 425 121 523 76
336 0.023554344014031 -0.03873560448507027 0.7424348900437308 92 69 35 0.76 90 138 115 322 152 27 423 163 425 122 479 89 521 96 523 77
337 0.04130580352907959 -0.02906794883653448 0.7289392746278789 162 114 74 0.55 115 323 152 28 189 77 208 47 330 73 404 32 409 75 423 164 425 123 457 88 479 90 506 55 514 95 521 97 523 78
338 0.158371139376084 0.01302360991663636 0.7172166669346363 102 73 46 0.86 90 139 115 324 143 43 189 78 386 60 425 124 461 34 506 56 521 98
339 -0.009317641316769376 -0.002442963567480652 0.75653246496176 86 57 27 0.87 90 140 115 325 152 29 386 61 409 76 425 125 457 89 461 35 521 99 523 79
340 -0.007688142965750155 -0.00192897820829048 0.7534220358900514 124 84 27 1.35 115 326 152 30 434 6 479 91
341 0.1378546956802335 0.02321981768258059 0.6771444519133618 199 149 85 0.68 90 141 115 327 208 48 409 77 423 165 425 126 457 90 479 92
342 0.3990739304530156 0.06150110451820427 0.3436940752246653 209 188 160 1.76 90 142 115 328 216 13
343 0.4492974843744523 0.07057288537917029 0.3901501059433934 214 184 75 0.35 90 143 115 329 425 127
344 0.3481141316478125 0.1040806073575748 0.2927423127114145 205 155 61 1.0 90 144 115 330 457 91
345 0.4152132658562565 0.107566321466464 0.2913351504838262 175 140 89 0.56 90 145 115 331 153 8 409 78 425 128 457 92 523 80
346 0.3418194277202904 0.1120294981770034 0.2835631673215694 106 56 16 0.88 90 146 115 332 409 79 423 166 457 93 514 96
347 0.3968762671297892 0.1355774564502674 0.2875854653395792 160 126 71 0.59 90 147 115 333 189 79 434 7
348 0.03957651027042836 -0.2135234845603697 0.8745960964197204 160 140 78 0.8 90 148 115 334 423 167 521 100
349 0.07317086174897278 -0.2023281900096151 0.8665377677561081 192 161 103 0.61 90 149 115 335 189 80 208 49 479 93 513 58 514 97
350 0.09148538958414748 -0.1919102093198539 0.8741500121951151 166 140 104 0.78 90 150 115 336 143 44 152 31 189 81 208 50 330 74 409 80 421 58 423 168 425 129 457 94 485 21 513 59 514 98 521 101
351 0.09590838720949049 -0.1908802589923493 0.8822760389352942 175 140 94 0.51 90 151 115 337 409 81 421 59 423 169 425 130 457 95
352 0.050591137939866 -0.184007292300863 0.8454857510579126 186 131 66 0.17 90 152 115 338 425 131
353 0.1099013268473081 -0.1737941625757278 0.8850959465831931 104 76 54 0.76 90 153 115 339 152 32 189 82 421 60 461 36 479 94 523 81
354 0.07740490049271417 -0.1679545615206637 0.846902462655708 166 135 94 0.43 90 154 95 38 115 340 189 83 386 62 421 61 423 170 425 132 457 96 479 95 485 22 506 57 513 60 523 82
355 0.09697948385972638 -0.1690895611436582 0.8703280155290425 102 70 47 0.48 90 155 115 341 330 75 409 82 421 62 425 133 457 97 513 61 514 99 521 102
356 0.05967536938147178 -0.1655451332473894 0.8265736914579551 167 134 91 0.54 90 156 115 342 208 51 330 76 404 33 421 63 423 171 425 134 479 96 506 58 514 100
357 0.06212037171272589 -0.1657553052526428 0.8355372303949777 176 139 86 0.5 90 157 115 343 143 45 386 63 423 172 425 135 479 97 506 59 514 101
358 0.08143569023957747 -0.1538950407913555 0.8462507605459866 199 146 67 0.33 90 158 115 344 425 136
359 0.05002109550277956 -0.1512623223970575 0.8078599852137807 164 123 78 0.86 90 159 115 345 143 46 330 77 404 34 423 173 425 137 479 98 513 62
360 0.05604411162409631 -0.1497130703597818 0.8182989728786751 148 113 80 0.47 90 160 115 346 143 47 189 84 208 52 423 174 425 138 479 99 523 83
361 0.07314341208793995 -0.1449639075172385 0.8361221056319232 184 140 76 0.51 90 161 115 347 421 64 425 139
362 0.1219638066027485 -0.1368524720618515 0.8719247903240059 111 79 56 0.61 90 162 115 348 143 48 189 85 330 78 421 65 423 175 425 140 461 37 521 103 523 84
363 0.07044763612077956 -0.1328795295156681 0.8220986121618301 123 84 53 0.31 90 163 115 349 189 86 330 79 421 66 423 176 479 100 506 60 514 102
364 0.09259813580394038 -0.1322326512321157 0.8371816499761326 179 130 82 0.21 90 164 115 350 425 141 479 101 513 63 514 103
365 0.1048915764726423 -0.120239990382257 0.8477042718955794 143 106 79 0.12 90 165 115 351 189 87 425 142
366 0.04183297775206513 -0.1253148348894084 0.7936713741064136 183 143 90 0.5 90 166 115 352 330 80 423 177 425 143
367 0.1018177917005958 -0.1073973309451263 0.8345907364442935 86 59 38 0.67 90 167 115 353 404 35 421 67 423 178 425 144 506 61 513 64 514 104 521 104
368 0.1020155529354322 -0.1076678550541612 0.8336347355892066 107 66 35 0.09 90 168 115 354 425 145 514 105
369 0.122529463794559 -0.07529251334232243 0.8367049272350189 200 143 67 0.7 90 169 115 355 143 49 330 81 479 102 513 65 514 106 523 85
370 0.09702737296982203 -0.07121776696526175 0.800192055784211 192 150 97 0.31 90 170 115 356 409 83 421 68 423 179 457 98 479 103
371 0.04647363556783307 -0.06760617268485353 0.7576739148169171 127 83 54 0.55 90 171 115 357 189 88 330 82 423 180 425 146 457 99 479 104 514 107
372 0.09864499048504802 -0.0540938613957941 0.7843321695206347 204 142 75 0.63 90 172 115 358 189 89 208 53 318 14 330 83 404 36 409 84 421 69 457 100 479 105 513 66 514 108
373 0.1141084120723501 -0.05367872679684745 0.802408732519829 101 65 31 0.63 90 173 115 359 318 15 423 181 425 147 479 106 523 86
374 0.08156732429033015 -0.0317485820789065 0.7539005845070919 130 93 46 0.66 90 174 115 360 423 182 425 148
375 0.1509422915135355 -0.02087733795062645 0.8332436369718366 153 106 53 0.75 90 175 115 361 318 16 330 84 423 183 425 149 461 38 521 105
376 0.1506151586938189 -0.01804313296513106 0.8205089971085144 142 98 36 0.69 90 176 115 362 425 150
377 0.06360286914114488 -0.03203683037819158 0.7479584917006914 199 147 86 0.48 90 177 115 363 404 37 423 184 425 151 513 67 514 109
378 0.1283165921531373 -0.01774536372856818 0.7597853004963278 208 144 68 0.88 90 178 115 364 409 85 457 101
379 0.1461789691766789 -0.01501082527113569 0.7971237841435528 192 112 44 0.86 90 179 115 365 514 110
380 0.04124663179498972 -0.02635940243374221 0.7275201520162062 132 86 46 0.54 90 180 115 366 189 90 208 54 409 86 423 185 425 152 457 102 513 68 514 111
381 -0.03180984806118686 -0.01506609053032122 0.7839127516635003 204 187 162 0.5 90 181 115 367 386 64
382 0.1109830722318147 0.003720710257782825 0.6586265710749297 205 158 85 0.62 90 182 115 368 423 186 457 103 479 107
383 0.405546887108219 0.1226383156016954 0.2959679205960917 122 108 78 0.54 90 183 115 369 152 33 386 65 423 187 425 153 461 39 523 87
384 0.05872707487506298 -0.2174350456883583 0.8731489129737096 203 168 99 0.47 90 184 115 370 409 87 423 188 425 154 457 104
385 0.09134222910830483 -0.2090723644918695 0.8872443968788699 79 66 49 0.47 90 185 115 371 421 70 423 189 425 155 457 105 479 108 513 69 514 112
386 0.07041023473471622 -0.1596147499876254 0.8472751372836078 132 89 53 0.28 90 186 115 372 423 190 425 156 513 70 514 113
387 0.09972879090576423 -0.1392944122555979 0.8642398728368088 173 130 79 0.16 90 187 115 373 423 191 425 157
388 0.04705455244094908 -0.1332349256720351 0.8126752263792676 202 131 56 0.49 90 188 115 374 425 158 514 114
389 0.05653413993838444 -0.1278063305158604 0.8094847565490508 124 87 55 0.27 90 189 115 375 421 71 425 159 479 109
390 0.0497516837202743 -0.1153422131737101 0.7954008874185485 174 133 80 0.49 90 190 115 376 421 72 423 192 425 160 513 71
391 0.06987920745182324 -0.1109714666256163 0.8145577900878014 174 134 79 0.48 90 191 115 377 421 73 423 193 425 161 479 110 513 72
392 0.104806923789356 -0.1030458216095932 0.8369909335216013 173 126 77 0.66 90 192 115 378 208 55 421 74 423 194 425 162 513 73
393 0.1193450044722702 -0.09500078138511953 0.8502335439404947 101 76 48 0.23 90 193 115 379 208 56 421 75 423 195 425 163 513 74 514 115
394 0.1293228585718963 -0.09734631333849098 0.8569508745519105 176 131 79 0.29 90 194 115 380 421 76 425 164 457 106 479 111 514 116
395 0.06757520036259143 -0.09585766101791984 0.7860610270664199 190 140 86 0.03 90 195 115 381 425 165
396 0.1097857078198881 -0.084830086436117 0.8271430689376307 181 137 83 0.77 90 196 115 382 189 91 208 57 330 85 386 66 421 77 425 166 457 107
397 0.123358008117917 -0.08251203623126588 0.8366902676376025 183 146 99 0.44 90 197 115 383 189 92 425 167 479 112 513 75
398 0.1272496779940276 -0.07960521395037809 0.8494574231083971 196 137 73 0.56 90 198 115 384 421 78 425 168 457 108
399 0.06972541523223097 -0.07525862191398452 0.7874765308714002 193 144 86 0.48 90 199 115 385 421 79 423 196 425 169 457 109 479 113 513 76
400 0.08886845187348499 -0.07338177321029851 0.7964581352079318 194 143 85 0.33 90 200 115 386 409 88 425 170 457 110
401 0.1251020899389271 -0.06354170469094067 0.8388085183201379 180 126 78 0.65 90 201 115 387 409 89 423 197 425 171 457 111
402 0.1358649554085475 -0.06869199437725498 0.8440109148482033 171 129 84 0.64 90 202 95 39 115 388 189 93 330 86 386 67 409 90 421 80 423 198 425 172 457 112 479 114 523 88
403 0.04097301314811108 -0.06508203907579083 0.7539288127114037 204 132 71 0.2 115 389 330 87 479 115
404 0.1589321030479264 -0.02462675453889794 0.8655719328833236 184 195 212 1.21 90 203 95 40 115 390 421 81 523 89
405 0.145551369447827 -0.01477362266625584 0.8163071925041547 199 146 87 1.04 90 204 115 391 216 14 423 199 425 173 457 113 479 116
406 0.03590119207637937 -0.02099377032104287 0.7212423839659441 192 152 83 1.09 90 205 115 392 423 200 425 174 457 114
407 0.1132506877541029 8.173450236917401e-05 0.6624818722002876 183 145 70 0.6 90 206 115 393 423 201 425 175
408 0.2086216659118913 0.01489901638045803 0.7134054155450633 88 64 44 1.54 90 207 94 6 318 17 386 68 423 202 425 176
409 0.3952693144274321 0.1411775312397481 0.2790468955572526 166 120 65 0.38 90 208 115 394 425 177
410 0.08115717025976363 -0.2486599396645362 0.8916185493475555 118 93 59 0.78 90 209 115 395 330 88 513 77
411 0.04773912959593071 -0.2224114943699143 0.8689929037694895 69 53 49 1.85 90 210 208 58 423 203 425 178 479 117 506 62 513 78
412 0.09429695249111239 -0.1988914587050894 0.8898561198453514 168 142 89 0.69 90 211 115 396 423 204 425 179 479 118 513 79 514 117
413 0.05947256289805175 -0.1906717123668911 0.8469670764261816 167 128 74 0.74 90 212 115 397 143 50 152 34 330 89 461 40 479 119 506 63 513 80 514 118 523 90
414 0.09121987365696713 -0.1831274121392696 0.8718962311823664 167 140 96 0.53 90 213 95 41 115 398 189 94 208 59 386 69 421 82 423 205 425 180 479 120 514 119
415 0.06524839928851583 -0.1771851262998463 0.8428885188773672 136 88 54 0.77 90 214 115 399 404 38 425 181 513 81
416 0.04543399784373445 -0.1604503525998683 0.8225136776323616 190 151 88 0.33 90 215 115 400 330 90 423 206 425 182
417 0.08200129454894681 -0.151966969462991 0.8415978573757412 174 135 87 0.55 90 216 95 42 115 401 208 60 409 91 421 83 423 207 425 183 479 121 514 120
418 0.08765158017722602 -0.1349792625506125 0.8407644947825341 163 129 78 0.66 90 217 115 402 421 84 423 208 425 184
419 0.09012317001845122 -0.1342336568422115 0.8361889304351182 167 125 76 0.81 90 218 115 403 318 18 421 85 423 209 425 185 479 122 513 82 514 121
420 0.1223822201072234 -0.1296626704047482 0.864008951439595 109 79 51 0.9 90 219 95 43 115 404 318 19 409 92 423 210 425 186 457 115 479 123 513 83
421 0.0008646468434592713 -0.1405997810697017 0.8470132742624963 184 194 182 0.53 90 220 115 405 330 91 423 211 425 187 521 106
422 0.06162593385915829 -0.1397065700138383 0.8120538255073775 172 134 77 0.57 90 221 115 406 423 212 425 188 514 122 523 91
423 0.06439739284348586 -0.1047392509096048 0.8020195936355585 169 128 79 0.42 115 407 189 95 208 61 318 20 421 86 425 189 461 41 479 124 513 84 514 123
424 0.04893565094767394 -0.07143956738408003 0.7637971809366479 179 141 97 0.27 90 222 115 408 189 96 208 62 423 213 425 190 479 125
425 0.1189529461910714 -0.05546382188825176 0.8054412276625746 188 146 90 0.86 90 223 115 409 189 97 423 214 425 191 513 85 514 124
426 0.03472531120492173 -0.04416067850060586 0.7353543014789099 163 135 77 0.6 90 224 115 410 386 70 423 215 425 192
427 0.04502685644460525 -0.0217750114778293 0.7261455271860138 195 163 90 0.89 90 225 115 411 189 98 208 63 423 216 425 193
428 0.08530308608494369 -0.02567378433646099 0.7529558222989954 195 141 57 0.64 90 226 115 412 425 194
429 0.1168797369850914 -0.1171823942723753 0.8904464629459465 126 100 75 0.79 90 227 330 92 423 217 425 195
430 0.05809173609306195 -0.01482804596606842 0.7249276897990351 150 98 58 1.71 90 228 115 413 423 218 425 196
431 0.06578735932063759 -0.1676922133035947 0.8354792407035121 97 64 38 0.67 115 414 143 51 152 35 189 99 386 71 404 39 457 116 479 126 506 64 523 92
432 0.1935581274122021 0.01630639337951981 0.7375888549650838 179 120 63 1.15 115 415 330 93 386 72 425 197 457 117 479 127 513 86 523 93
433 0.4773559909838976 0.06729983823784663 0.3935017834623653 180 116 42 1.01 115 416 216 15 423 219 514 125
434 0.0706384332076079 -0.08008329871513498 0.7912225240367421 114 70 28 1.11 115 417 143 52 386 73 425 198 514 126 523 94
435 -0.01464927048306025 -0.0005983264587621079 0.9332457425437264 216 116 40 0.66 115 418 214 10 513 87
436 0.1186486912573392 -0.04517953578953465 0.7987770514547516 200 120 36 0.46 95 44 115 419 318 21 514 127
437 -0.00806398888829768 -0.01105268165422309 0.7560601770247197 150 123 80 1.09 115 420 409 93 423 220 425 199 523 95
438 0.04098996880118488 -0.01451570656997436 0.7069819296874047 134 104 30 0.18 115 421 386 74 423 221
439 0.09698688864333707 0.003511989917254148 0.6587163927539652 152 106 27 1.09 94 7 115 422 434 8
440 0.03052574657434681 0.007919442638080504 0.6769447760646192 80 52 34 0.96 94 8 152 36 216 16 523 96
441 0.117391511240498 0.05359038732302944 0.6371410982519108 178 96 19 1.12 115 423 330 94 423 222
442 0.3520638990461716 0.1315941426203063 0.2849940934106932 177 121 59 0.67 115 424 330 95 409 94 423 223 457 118
443 0.08114464236613794 -0.1126289747725692 0.818211588429345 88 56 32 0.38 95 45 115 425 421 87 425 200 485 23 506 65 513 88 514 128 521 107 523 97
444 0.09419024011423774 -0.05743184756895639 0.7832442394736245 117 80 42 0.4 115 426 330 96 386 75 421 88 423 224 457 119 506 66 521 108
445 0.1452581413452197 -0.02427255002072157 0.7876337866552581 148 107 73 1.94 215 12 409 95 434 9
446 0.07216469078659202 -0.003014683550130057 0.6971021511438926 214 146 74 0.41 95 46 115 427 479 128
447 0.4475565349004216 0.0634654887393399 0.163681101440407 144 116 59 0.25 115 428 386 76
448 0.3899747854189869 0.1135607188426882 0.2876246145095132 149 109 45 0.78 115 429 330 97 386 77
449 0.3737010562784187 0.123891219128985 0.2836368480904953 180 153 69 1.72 94 9 115 430 215 13
450 0.372724835958487 0.1351172773212831 0.2636536289251192 193 130 74 0.49 115 431 409 96 434 10 457 120 521 109
451 0.4293605102046343 0.07366356243000499 0.277242046916681 162 136 76 1.56 94 10 115 432 215 14 479 129 521 110
452 0.430744594768531 0.07840306727441722 0.2600199589686878 146 114 86 1.0 94 11 115 433 216 17 479 130
453 0.4197174817599318 0.1170690915150305 0.289315268136425 225 180 93 0.19 115 434 409 97 457 121
454 0.3564993732038354 0.1310919302845764 0.291093008625443 97 60 25 0.43 115 435 189 100 216 18 409 98 434 11 457 122 521 111
455 0.3810321526258802 0.1404539941694466 0.2613680260284986 210 146 84 0.32 115 436 409 99 434 12 457 123
456 0.3863909854976075 0.1424467967056604 0.2686970257962792 231 159 83 0.34 115 437 409 100 457 124
457 0.4348098437281801 0.1375771138841965 0.2283516998611262 177 116 55 1.16 115 438 330 98 457 125
458 0.02058305873086219 -0.01472369982370643 0.7212398337503922 179 141 99 1.3 94 12 216 19 434 13
459 0.1008668985937211 0.02073299096715743 0.6236717051201401 193 134 84 0.44 115 439 409 101 457 126 479 131
460 0.1075028599488899 0.02470915785195837 0.6029330875636176 134 77 15 1.88 115 440 409 102 514 129
461 0.3599754568063727 0.1288716543244207 0.2914717384528373 212 156 89 0.94 115 441 409 103 423 225 434 14 457 127
462 0.3850243741758704 0.1328252133139934 0.2752567324974809 190 121 54 0.72 115 442 457 128 513 89 523 98
463 0.3878462775052495 0.122767086259735 0.2823169812017221 203 150 78 0.88 94 13 115 443 216 20 479 132
464 0.7668773981285818 0.01243139802953951 -0.1134843930876456 152 108 54 0.64 115 444 214 11 521 112
465 0.02374709386331153 -0.2361735650490194 0.8851701668300802 180 136 66 1.35 95 47 115 445 404 40
466 0.06080130234712086 -0.1495515756756624 0.8240196733562415 201 160 98 0.43 95 48 115 446 330 99 421 89 479 133 506 67 514 130
467 0.1030690657072855 -0.1893475455584356 0.8864135268192226 176 154 115 0.49 95 49 115 447 189 101 330 100 409 104 421 90 425 201 506 68 514 131 523 99
468 0.08733541113318338 -0.1730033840571849 0.8576416119273722 88 57 35 0.31 95 50 115 448 330 101 461 42 479 134 485 24 506 69 513 90 521 113 523 100
469 0.07834207557923525 -0.1307806056205617 0.8293116140820729 101 62 28 0.27 95 51 115 449 506 70 513 91 514 132 523 101
470 0.06496771901202447 -0.1599042867292586 0.830702332944449 148 85 37 0.59 95 52 115 450 404 41
471 0.07801940459916973 -0.1053938900272486 0.8145565669130865 136 84 36 0.55 95 53 115 451 404 42 479 135
472 0.05003335353052302 -0.009592263027359396 0.7194154621495776 199 165 75 0.94 115 452 189 102 386 78 423 226 514 133
473 0.1056287891959849 -0.08559514727599371 0.8207629508722472 95 52 30 1.3 95 54 115 453 421 91 485 25
474 0.1468594399878786 -0.1045712897120575 0.8371201993021606 193 191 197 0.78 115 454 216 21 434 15
475 0.09977736282541844 -0.02516843817674029 0.7689965422141909 208 172 129 0.68 216 22 434 16 479 136
476 0.08645331247672322 -0.2037537044787807 0.8871554405286157 195 166 103 0.51 115 455 189 103 208 64 409 105 421 92 457 129 513 92 514 134
477 0.1048616272797529 -0.138157185209831 0.8589109113638944 168 124 78 0.31 115 456 330 102 404 43 409 106 421 93 457 130
478 0.05340363434163573 -0.08931282023013171 0.7846658351480329 164 100 34 0.93 115 457 143 53 514 135
479 0.08022648240041025 -0.03668186252775177 0.7661544820897033 180 110 30 0.73 115 458 409 107 457 131
480 0.02809641386067391 -0.03548398106050707 0.7351889623864578 179 143 69 0.65 115 459 423 227 457 132 521 114
481 0.3582248898102015 0.1275668885896664 0.2922914797374671 146 96 52 0.91 115 460 330 103 423 228 434 17
482 0.3798124649886969 0.1304017949752324 0.2701044229537986 222 173 96 0.53 115 461 208 65 216 23 409 108 434 18 457 133 513 93
483 0.09323387951055176 -0.1612299873277131 0.8585830097646927 130 90 45 0.18 115 462 421 94 425 202 479 137
484 0.08169876772733956 -0.0951846571568615 0.810872070423627 94 50 28 0.23 115 463 421 95 423 229 506 71 514 136
485 0.05843506544674631 -0.1006136138541606 0.7885198780875768 117 80 48 0.44 115 464 189 104 386 79 409 109 425 203 457 134 479 138 523 102
486 0.09997762475918001 -0.06795636746951253 0.7971358068094616 153 122 68 0.5 115 465 189 105 208 66 423 230
487 0.1116018841266144 -0.06387722085778424 0.7996558486525005 135 85 32 0.37 115 466 409 110 457 135 479 139
488 0.1396995483817849 -0.02205230683571176 0.7902600192618432 222 178 88 0.74 115 467 386 80 409 111 457 136
489 0.05610510130949042 -0.2168705068953518 0.8688064295001572 134 75 29 0.54 115 468 409 112 457 137
490 0.05806146731127981 -0.1831149618059442 0.8394900341368481 128 100 64 0.32 115 469 208 67 506 72 521 115 523 103
491 0.1135248509830168 -0.1129036790810655 0.850713205445454 165 117 64 0.56 115 470 143 54 189 106 330 104 421 96 425 204 506 73 514 137 521 116 523 104
492 0.1112651534486637 -0.1061101885673103 0.8427990855001932 94 53 17 0.6 115 471 318 22 485 26 514 138 523 105
493 0.09548244125250913 -0.102687383618458 0.8303290949990831 137 95 37 0.44 115 472 404 44 423 231
494 0.09439309150951755 -0.0633735430728174 0.7818980993654612 221 180 101 0.25 115 473 409 113 421 97 457 138
495 0.1420756483454779 -0.0599605961012879 0.8303436625697582 193 143 85 0.53 115 474 409 114 457 139 479 140
496 0.06365193633782779 -0.2112281471371348 0.8642487431680197 203 162 89 1.49 115 475 189 107 457 140 485 27
497 0.04803229863404856 -0.154912954637929 0.8199794772286724 160 104 53 0.84 115 476 143 55 189 108 330 105 425 205
498 0.1064985171065149 -0.1512677176225138 0.868612838006501 182 118 44 0.6 115 477 330 106 423 232
499 0.09218491308241733 -0.132439988710001 0.8383470521450602 173 125 84 0.25 115 478 189 109 421 98 479 141 514 139
500 0.1071024357833566 -0.1331699277323452 0.857070479336125 105 71 38 0.34 115 479 421 99 425 206 513 94 514 140
501 0.06435463261965513 -0.1311958223442731 0.8143910614386785 182 144 90 0.34 115 480 189 110 208 68 479 142 513 95 523 106
502 0.1077924798929914 -0.1023415761599471 0.8431360274919319 155 104 52 0.37 115 481 404 45 514 141 521 117 523 107
503 0.1192422956480503 -0.06402547848683018 0.8323723160996843 145 99 60 0.92 115 482 189 111 386 81 404 46 479 143 506 74 514 142 523 108
504 0.1348626030851072 -0.04742101283646363 0.8253170815584174 129 83 43 0.63 115 483 152 37 214 12 216 24 330 107 409 115 457 141 479 144 513 96
505 0.04458743310930188 0.0004610975130584921 0.7203877443975335 186 139 84 0.27 208 69 214 13 513 97
506 0.09736468369757068 -0.2026180396252105 0.8985724625936016 96 73 58 0.67 115 484 208 70 409 116 457 142
507 0.09064823969458141 -0.1835198846478918 0.8735838122034754 186 152 87 0.4 115 485 208 71 461 43 485 28 513 98 514 143
508 0.1042224368581793 -0.1634071100543243 0.871987994950751 191 150 88 0.82 115 486 409 117 421 100 423 233 457 143 479 145
509 0.07833561054321228 -0.1360740433073163 0.8318899466158343 140 112 69 0.47 115 487 318 23 421 101 423 234 425 207 506 75 523 109
510 0.06854036619025769 -0.09057162184538614 0.793547691450589 164 102 58 0.49 115 488 189 112 457 144
511 0.1281093680343027 -0.08771770464461778 0.8487935418368686 198 141 50 1.35 115 489 143 56 330 108 513 99 514 144
512 0.1240747919403898 -0.03892253322511258 0.7996634331049777 187 146 97 0.9 216 25 386 82 409 118 434 19 457 145 479 146 506 76 513 100 514 145 523 110
513 0.09735617886884021 -0.02884259856885084 0.7583093171155761 149 96 32 0.55 115 490 330 109 421 102 479 147 523 111
514 0.09761107732644342 -0.02883889431626364 0.7577967684870293 128 89 33 0.59 115 491 421 103 479 148 523 112
515 0.06524263582710985 -0.2225650848107595 0.8788231540846774 82 52 41 0.78 115 492 189 113 208 72 330 110 386 83 423 235 425 208 457 146 479 149 513 101 514 146 523 113
516 0.06575881842668971 -0.2221269586614529 0.8775554771198431 78 46 34 0.7 115 493 330 111 423 236 425 209 457 147 479 150 513 102 514 147 521 118 523 114
517 0.03651563865214669 -0.2279335143576294 0.8735899734738295 166 135 93 0.76 115 494 330 112 404 47 409 119 421 104 457 148 479 151 506 77 514 148 521 119
518 0.09222669529464866 -0.2183543211283399 0.916660820348526 56 62 79 0.97 115 495 409 120 423 237 457 149
519 0.05173139639114929 -0.2041268213520529 0.8510413952187936 118 85 44 1.43 115 496 425 210 523 115
520 0.03846796449305184 -0.1647586996246247 0.8226934934116759 146 116 78 1.24 115 497 404 48 409 121 423 238
521 0.02871582007500512 -0.1643563554699775 0.8362116688333474 206 154 85 0.74 115 498 216 26 434 20
522 0.06431622272010859 -0.1688282735633572 0.8392908887817074 111 63 27 0.95 115 499 434 21 457 150
523 0.0713967943313194 -0.1759881315787517 0.851090424731866 133 72 24 0.19 115 500 513 103 514 149
524 0.1019039844403951 -0.1724569337960623 0.8774583645361993 164 119 72 0.6 115 501 423 239 425 211 514 150
525 0.1046596142743998 -0.1526477905078023 0.8631439869867712 225 155 73 0.36 115 502 409 122 457 151 514 151
526 0.01623322132865551 -0.1295505083464731 0.8268841027804072 203 143 76 0.25 115 503 457 152 479 152
527 0.06716331048432517 -0.1367677253713068 0.8186386622216004 157 114 75 0.48 115 504 189 114 404 49
528 0.05931931247947558 -0.1493130310722969 0.8856157809235432 214 142 62 1.76 115 505 404 50
529 0.09100482017980344 -0.1452542562778075 0.8540292711162927 145 106 54 0.24 115 506 189 115 514 152
530 0.120064932054222 -0.1345404669455846 0.8664059887904438 189 142 91 0.19 115 507 189 116 479 153
531 0.03374195111008282 -0.1129113678829022 0.7944225837893115 142 120 45 0.27 115 508 386 84 423 240
532 0.05515152968541615 -0.1041538583179681 0.8011427499252148 170 122 77 0.59 115 509 409 123 457 153
533 0.0651014876799931 -0.08915101472040554 0.791783118610669 204 149 75 0.03 115 510 421 105 479 154
534 0.1231086245153089 -0.1049487656304765 0.8634723725347875 178 128 73 0.77 115 511 208 73 386 85 404 51 479 155
535 0.1290188761858599 -0.09048559582321905 0.8507851300267395 168 120 48 1.38 115 512 143 57 208 74 421 106
536 0.05830551463131914 -0.07441492177207509 0.7641693994116894 141 102 43 0.64 115 513 404 52 521 120 523 116
537 0.1101587658685866 -0.06126665180763133 0.7960026718488438 229 158 70 0.36 115 514 409 124 457 154
538 -0.01553208103693204 -0.04810215680088861 0.7966638331907068 141 116 37 0.95 115 515 152 38 523 117
539 0.02006534488227596 -0.04857290184234787 0.7520848880900814 165 109 59 0.52 115 516 216 27 523 118
540 0.00850959731515788 -0.0451338541756672 0.7692267279382268 130 90 24 0.73 115 517 152 39 330 113 523 119
541 0.06199659800709872 -0.05671771294511775 0.7581889669365403 148 94 25 0.69 115 518 208 75 461 44 514 153
542 0.08679964953862956 -0.03878609148843302 0.7559832108966904 201 161 94 0.74 115 519 216 28 434 22 457 155 523 120
543 0.09706953254387726 -0.04203940760090599 0.7728537873864187 198 155 67 0.38 115 520 423 241 425 212
544 0.1124534374778857 -0.04416457726773054 0.7750397857359406 170 118 42 0.28 115 521 409 125 457 156 479 156
545 0.1337012956538892 -0.04517315889390953 0.7954176734548932 207 149 69 0.39 115 522 152 40 479 157
546 0.1286121583516581 -0.04038697736209655 0.8031297470117715 186 121 36 0.36 115 523 409 126 457 157
547 0.1553529532382298 -0.03062054314958459 0.8478679260619701 185 133 79 0.83 115 524 421 107 425 213 479 158
548 0.7390582048704193 0.0107096472015183 -0.1357841586981177 160 111 44 0.43 115 525 423 242 521 121
549 0.7789281089818968 0.0164346653636344 -0.1018048027193844 79 27 16 0.68 115 526 143 58 423 243 521 122
550 0.8151695860506947 0.02130875498766285 -0.07709606705094725 156 153 135 1.0 115 527 423 244 521 123
551 0.01176489734925101 -0.02613722931211478 0.744382641762241 150 110 69 0.97 115 528 386 86 457 158
552 0.03663336331462436 -0.01410333874549587 0.7153565414471399 154 106 36 0.55 115 529 409 127 457 159 479 159
553 0.05811920056487735 -0.01451420512540345 0.734053805589858 231 173 79 0.68 115 530 404 53 409 128 457 160
554 0.0990623357189892 -0.01930974928576082 0.7349816536017866 125 69 39 0.47 115 531 423 245 425 214
555 0.141351366532835 -0.008845982322920803 0.6929097361703269 228 164 44 0.31 115 532 208 76 514 154
556 0.124344622174564 -0.0106708821260431 0.7570444864215062 112 45 11 1.15 115 533 143 59 461 45
557 0.1686148292335221 -0.005535776161059686 0.8137588562509039 226 158 72 0.61 115 534 216 29 479 160
558 0.6957321348611936 0.01769540560585291 -0.09208990055652513 173 120 44 0.51 115 535 143 60 214 14
559 0.7146278601455258 0.01591777647199497 -0.1136830438553566 187 122 38 0.96 115 536 143 61 423 246
560 0.7288623451254198 0.01653193890818933 -0.1318358706795157 116 109 62 1.77 115 537 208 77 521 124
561 0.7540623855817203 0.01990969238417335 -0.1226286324194371 103 51 6 0.75 115 538 208 78 513 104
562 0.7747854798056275 0.02236093033060522 -0.104197676972892 96 92 90 0.54 115 539 513 105 521 125
563 0.7894937042648561 0.01906265185981854 -0.09387130573318694 68 30 25 0.93 115 540 143 62 521 126
564 -0.04481712428688195 0.002898187996908205 0.768299539604115 216 166 111 0.48 216 30 434 23 514 155
565 0.02920659271601683 0.002565316976855345 0.7028345487939367 123 76 21 1.37 115 541 479 161 521 127
566 0.04198910945620971 -0.0008083687131200668 0.711422732144938 131 102 64 0.97 115 542 208 79 423 247 513 106 523 121
567 0.1030245962072502 0.008741268473327686 0.6027278361730917 164 128 54 0.7 115 543 214 15 434 24 457 161
568 0.1166018692689601 0.0182256020661874 0.651917845801476 226 167 81 0.69 115 544 214 16 409 129 457 162
569 0.142552555723448 0.02108607257808507 0.7505312505009327 185 132 58 0.73 115 545 216 31 409 130
570 0.6779861235899243 0.02560925379104169 -0.0699180258367631 93 70 50 0.95 115 546 513 107 521 128
571 0.6850207763903307 0.02297103150127076 -0.07701124882156363 128 120 65 0.67 115 547 423 248 521 129
572 0.708920822310305 0.02434986549306034 -0.1080091495998397 119 91 26 0.58 115 548 423 249 513 108
573 0.7537694229146501 0.02668088260532542 -0.1191943472225145 41 18 7 1.27 115 549 214 17 513 109
574 0.7085752076417335 0.02979287043535553 -0.1080354840605749 129 96 28 0.57 115 550 423 250 521 130
575 0.4721841790573917 0.06591646990696093 0.4101029663606158 174 108 43 0.5 115 551 409 131 423 251 457 163 514 156
576 0.5134955372217542 0.08958224639881784 0.4195033404528513 154 117 28 0.78 115 552 215 15 514 157
577 0.5129459382557958 0.09742936656849983 0.4218228875325001 168 109 25 1.14 115 553 423 252 514 158
578 0.5160819502189238 0.09564277820201707 0.4209371954070701 206 146 67 1.24 115 554 423 253 514 159
579 0.3439726915024958 0.1065207428440429 0.2700270567750986 210 131 65 1.63 115 555 409 132 457 164
580 0.3731986834177963 0.1201159556563535 0.2995927315995335 189 161 100 0.62 115 556 153 9 330 114 409 133 457 165
581 0.3759782533745445 0.118685250212495 0.2988338341113112 149 113 48 0.85 115 557 434 25 457 166
582 0.4292183331140206 0.1152440081156432 0.2752809678617896 247 214 103 0.1 115 558 409 134 457 167
583 0.4263001060603641 0.1197679622444668 0.2806401024947686 105 97 34 1.4 115 559 216 32 457 168
584 0.6871727846191047 0.07452712172411036 -0.1137240897061182 120 83 32 0.86 115 560 423 254 521 131
585 0.6981145344021609 0.07540052188691077 -0.1108313012652282 102 49 11 0.78 115 561 513 110 521 132
586 0.3388634591241142 0.1283564869670476 0.2748695418074227 132 87 21 0.94 115 562 330 115 521 133
587 0.3473387949447606 0.1301528802486297 0.2833864278696263 219 156 76 0.58 115 563 409 135 479 162
588 0.3561081196153487 0.1313595798554853 0.2936556334980105 105 61 16 0.36 115 564 216 33 409 136 457 169 479 163
589 0.373918145321859 0.1349204218184244 0.267328699647489 135 83 27 0.66 115 565 189 117 434 26 461 46
590 0.3881679597704603 0.133531086574204 0.1849021795666359 111 98 26 1.53 115 566 409 137 457 170
591 0.06703444511517948 -0.2817594311849343 0.9073965030668678 234 208 162 1.49 115 567 208 80 423 255
592 0.08938120984794976 -0.2412004274030861 0.887756130101744 159 122 70 1.39 115 568 423 256 479 164
593 0.08484434779950331 -0.2453506494384164 0.9324638235825207 173 185 192 0.74 115 569 208 81 457 171 479 165
594 0.05756945547373457 -0.2104154334579702 0.8619779783574104 205 172 83 0.75 115 570 330 116 461 47 479 166
595 0.06324327912460362 -0.199677966979669 0.8511504002830756 159 123 53 0.87 115 571 143 63 523 122
596 0.05050327060928503 -0.1883495060348453 0.8435364602084676 106 71 32 0.75 115 572 143 64 421 108 479 167 514 160 523 123
597 0.05305562905395508 -0.1869471603388095 0.8371382293277352 94 65 34 0.7 115 573 425 215 479 168 514 161 521 134 523 124
598 0.09261426988076377 -0.1823985595802668 0.8784073602941005 208 157 98 0.68 115 574 409 138 457 172 479 169
599 0.05617780666771666 -0.1667836544539836 0.8340567017157896 143 113 71 0.36 115 575 423 257 479 170 506 78
600 0.09785905122749164 -0.1576608734143824 0.861899087832116 202 148 68 0.3 115 576 208 82 409 139
601 0.08214961654841338 -0.1424579160093799 0.8418825547446342 213 154 72 0.15 115 577 479 171 513 111
602 0.07779334734070723 -0.1272489703381956 0.8216773307955876 143 108 78 0.34 115 578 189 118 479 172 521 135 523 125
603 0.1037400811344591 -0.1381114796754494 0.8542819080843758 151 100 53 0.92 115 579 143 65 330 117 521 136
604 0.09716168269623998 -0.1362885791330419 0.8519946440705108 120 65 32 0.09 115 580 208 83 513 112 514 162
605 0.1107020353487117 -0.1345051448093287 0.8565678561786236 221 134 57 0.46 115 581 457 173 514 163
606 0.09538201319797751 -0.1241650444101154 0.8413027672090596 223 167 94 0.4 115 582 409 140 457 174
607 0.0993312766402816 -0.110848219818829 0.8331561863649155 183 128 55 0.28 115 583 208 84 318 24
608 0.1169619504887415 -0.1014360595392922 0.8467094778385371 192 141 80 0.42 115 584 189 119 208 85 386 87 409 141 457 175 479 173 514 164
609 0.115948529082677 -0.101517810436131 0.8477598035199518 192 136 74 0.42 115 585 189 120 208 86 425 216 513 113 514 165
610 0.1298333462110061 -0.09698267621702578 0.8558719564250694 188 135 73 0.32 115 586 208 87 457 176
611 -0.0005502429928945785 -0.09255859918155421 0.8211838600099535 127 93 30 0.67 115 587 152 41 523 126
612 0.04501390747043346 -0.07746565182582837 0.7630911213124039 158 96 32 0.3 115 588 409 142 457 177 514 166
613 0.07621979744246776 -0.08119916818411074 0.7872009447586203 185 131 69 0.23 115 589 189 121 208 88
614 0.09825715183854897 -0.07082054959822268 0.7969513409942239 219 162 92 0.07 115 590 409 143 457 178 479 174
615 0.0945755762236522 -0.05722915712387239 0.782337698482829 138 94 46 0.47 115 591 421 109 423 258 457 179
616 0.1216977822500981 -0.0591065849727076 0.8276605432567243 132 79 35 0.7 115 592 479 175 513 114 523 127
617 0.1466926328801998 -0.06187635660319613 0.8407894480200382 117 72 23 1.19 115 593 479 176 514 167
618 0.01785147574669127 -0.05262900201699802 0.7610452019297083 184 142 90 0.74 115 594 409 144 457 180 523 128
619 0.08399903273354592 -0.05111407586779025 0.7738901383391492 206 149 93 0.43 115 595 189 122 208 89 404 54 457 181
620 0.1450618763513603 -0.04127911822903087 0.8259973166054266 211 156 94 0.68 115 596 409 145 479 177 513 115
621 0.7465394409644841 0.01117352161447815 -0.1291285254603317 168 131 43 0.73 115 597 423 259 521 137
622 0.0284795125147162 -0.0114715536148286 0.7160230357870785 172 117 29 1.16 115 598 409 146 457 182
623 0.0428522694550571 -0.02610842175133306 0.7253706599410592 127 89 37 0.54 115 599 208 90 479 178 506 79 513 116 521 138
624 0.04210602629354843 -0.02277680763421114 0.7282082733734605 207 166 83 0.69 115 600 409 147 457 183 479 179 513 117 521 139 523 129
625 0.1461106497131712 -0.005475464646841038 0.7761649910757769 156 90 36 0.6 115 601 386 88 514 168
626 0.7817869727949953 0.01874518191949302 -0.100974925370188 121 64 45 0.47 115 602 423 260 521 140
627 -0.00642856886665738 -0.00293217805763081 0.7447263165371183 233 185 98 1.46 115 603 409 148 457 184
628 -0.007187741624830657 0.003818626418337981 0.7525779163949071 149 109 52 1.3 115 604 152 42 523 130
629 -0.004704907286052717 -0.004657073540775492 0.7552547890783432 215 169 87 1.16 115 605 152 43 409 149 457 185 479 180
630 0.04367452889086029 -0.008116544914814797 0.720788331304163 209 150 61 1.23 115 606 208 91 423 261 514 169
631 0.04998874357381303 0.003567195830410666 0.714782213778949 126 81 44 0.66 115 607 189 123 208 92 423 262 513 118
632 0.09457400139811423 0.01189268360705922 0.6128568446530587 196 169 94 0.56 115 608 409 150 457 186
633 0.1288586525923467 0.001085630745742708 0.6788860970738648 186 123 55 1.22 115 609 208 93 318 25 479 181
634 0.7658905104588447 0.02955776143595284 -0.1154672540710035 101 84 58 0.24 115 610 513 119 521 141
635 0.7658905104588447 0.02955776143595284 -0.1154672540710035 101 84 58 0.24 115 611 513 120 521 142
636 0.1040329896499802 0.03550285766515354 0.6584586010552334 241 155 60 0.15 115 612 409 151 457 187
637 0.4853067316136829 0.08646722454885082 0.4360145858599314 158 124 55 1.45 115 613 461 48 523 131
638 0.4562088104893779 0.07870865750611443 0.2785194482724283 217 172 62 1.35 115 614 330 118 457 188
639 0.3268082669803381 0.1117371531505496 0.2825620135722048 231 195 110 0.9 115 615 409 152 423 263 434 27 457 189
640 0.3348177362351267 0.1065704454712236 0.268210441823763 157 127 39 1.3 115 616 409 153 457 190
641 0.4056301969892026 0.1289496821249575 0.2967827861069764 123 106 44 0.54 115 617 409 154 514 170
642 0.4056301969892026 0.1289496821249575 0.2967827861069764 123 106 44 0.54 115 618 409 155 514 171
643 0.3365733746135386 0.1304104582379428 0.2669117710346456 193 135 54 0.75 115 619 409 156 457 191
644 0.3627368873363245 0.1404032929357539 0.2553837301954655 122 88 40 0.73 115 620 216 34 434 28
645 0.3835815785348781 0.1225066014997 0.1235172750439984 199 147 70 1.6 115 621 434 29 457 192
646 0.06465576551949634 -0.1942577550763444 0.8513179769486834 122 73 29 0.97 115 622 386 89 404 55 514 172
647 0.1149622961338818 -0.1489623395246111 0.8729458007210169 118 81 44 0.46 115 623 409 157 479 182 513 121
648 0.06877754635385605 -0.1278857357241484 0.8228142132860554 201 142 76 0.34 115 624 421 110 423 264 479 183 513 122 514 173
649 0.09346015015598338 -0.1361282993235199 0.8430391056316799 82 48 31 0.48 115 625 421 111 479 184 513 123 514 174
650 0.1205559624748702 -0.1249043026071356 0.86617753126889 164 103 46 0.46 115 626 152 44 330 119 461 49 523 132
651 0.07077688321034567 -0.0929453055404349 0.8031564940500791 192 141 69 0.84 115 627 421 112 479 185
652 0.1000096245650745 -0.1006955270734139 0.8301358585437149 131 75 34 0.35 115 628 479 186 513 124 514 175
653 0.05930421850071388 -0.07432875848742912 0.7713058769261942 109 74 38 0.37 115 629 423 265 425 217 479 187 513 125 514 176
654 0.1025946192399331 -0.08736407350342543 0.8724226830510229 178 145 102 1.74 208 94 214 18
655 0.1299517116654392 -0.07837477500802534 0.8399494083544119 229 150 68 0.45 115 630 409 158 457 193 479 188 513 126 514 177
656 0.1240253079250467 -0.06311420157152933 0.8411850517551858 166 102 54 0.59 115 631 404 56 423 266
657 0.04854783988642938 -0.03654562881030501 0.735822036045281 232 177 95 1.1 115 632 208 95 404 57 409 159 457 194 513 127
658 0.1541029272073363 -0.006757114778246365 0.7777020279333164 214 149 81 1.54 115 633 409 160 479 189 514 178
659 0.8126111743209468 0.02441977732197664 -0.0775808261971575 139 119 41 1.64 115 634 143 66 423 267
660 0.8350324646708116 0.03168224642370954 -0.06420807771274037 142 123 77 1.74 115 635 423 268 521 143
661 0.1240780259759833 0.008388479003953335 0.6719078270177614 250 151 39 0.35 115 636 409 161 513 128 514 179
662 0.7315170039024568 0.02093023496312593 -0.1366928005817118 185 168 88 0.58 115 637 214 19 521 144
663 0.3888245021430688 0.1392322301020129 0.2730334786497089 207 143 66 0.94 115 638 479 190 513 129
664 0.03577337099821981 -0.1709984898941612 0.836905301059806 187 147 72 0.8 115 639 423 269 425 218
665 0.05483680371352379 -0.1236665207458418 0.8039062379469797 179 125 70 0.73 115 640 208 96 404 58 423 270 425 219 479 191 514 180
666 0.06350152969000986 -0.1225955849728948 0.8124534277170399 138 108 59 0.99 115 641 318 26 421 113 506 80 521 145
667 0.1021673934031178 -0.1302526116883009 0.8569155840412872 183 134 68 0.35 115 642 208 97 330 120 404 59 514 181 523 133
668 0.001387403289197175 -0.1129631097926684 0.8358529795675926 226 165 79 0.28 115 643 409 162 457 195
669 0.04912417580265957 -0.09702443764282362 0.7822759568555449 224 165 80 0.28 115 644 409 163 457 196 479 192
670 0.1386662885274173 -0.08796603508459441 0.8727210313421769 188 196 193 1.77 115 645 404 60 409 164 425 220 457 197
671 -0.06705672503412763 -0.0866855068090821 0.914703595652876 181 184 180 2.1 386 90 404 61 423 271
672 0.1586461261984743 -0.04792849007961975 0.8448240655646553 191 192 203 0.82 115 646 216 35 409 165 457 198 514 182
673 -0.01418168303227507 -0.02447298115112455 0.7674596631076798 194 154 94 0.97 115 647 409 166 457 199 479 193
674 0.0579566829016667 -0.02676690106586288 0.7417467754802163 223 155 56 1.36 115 648 143 67 330 121 404 62 514 183
675 0.1364746743015222 -0.006164897953209666 0.6876237923295476 223 159 59 0.51 115 649 208 98 513 130
676 0.1803515770135604 0.01671026926380104 0.7251655827426939 208 154 78 1.11 115 650 189 124 409 167 425 221 457 200
677 0.6876040585281105 0.01878710552560337 -0.08221411895020431 183 136 43 0.98 115 651 143 68 214 20
678 0.6871449593131775 0.02741724501503722 -0.07955763074908526 152 119 74 0.78 115 652 423 272 521 146
679 0.1164561860786181 0.0316489947510773 0.6554798677375093 88 44 10 0.75 115 653 409 168 457 201 514 184
680 0.492432642539848 0.07129673720914975 0.4321726344557296 223 154 56 0.98 115 654 409 169 457 202
681 0.7646003649631606 0.07421268035902912 -0.1258169558363284 75 68 48 1.44 115 655 423 273 521 147
682 0.3829335671532046 0.1278266336419632 0.2915633393722888 183 121 40 1.79 115 656 409 170 457 203
683 0.3845261431882235 0.1248601621928251 0.2764051260699308 183 121 40 0.07 115 657 409 171 457 204
684 0.3972291560315036 0.1368188196284754 0.2858778261266519 160 115 59 0.5 115 658 189 125 330 122
685 0.1131066240295165 -0.05426595203341812 0.833460427484553 182 133 66 0.82 115 659 421 114 423 274
686 -0.007775836767380528 -0.04047609098059449 0.7765137927416745 180 144 69 1.12 115 660 152 45 479 194 523 134
687 0.79752986927611 0.01662327409865781 -0.08474081891257729 43 33 16 0.57 115 661 208 99 513 131
688 -0.003219336816768836 -0.01501079873786196 0.7611682384398433 188 140 74 0.97 115 662 152 46 330 123 409 172 457 205 479 195 514 185 523 135
689 -0.01125625209076192 -0.003623058625761455 0.7729727216559723 178 136 84 1.35 434 30 479 196 514 186
690 0.1802735177989264 0.02029145150761116 0.6741013841641978 245 176 94 0.68 215 16 409 173 457 206
691 0.3775992046034798 0.1338501552341679 0.2811512375604347 236 179 109 0.34 216 36 409 174 457 207 479 197
692 0.418160551368122 0.1231176978911676 0.2867605769285693 158 111 70 1.39 115 663 152 47 457 208 461 50
693 0.1413795042104533 -0.01586463046953042 0.7826430985234705 213 167 90 1.16 115 664 409 175 423 275 425 222 457 209 479 198
694 0.4185915119911584 0.1111179475577848 0.2881966335906513 206 152 79 1.4 115 665 216 37 434 31 457 210
695 0.3807251410718019 0.1345503662417523 0.2677933763111859 214 134 50 0.17 115 666 409 176 457 211
696 0.08482774897789067 -0.2241825880565518 0.9100840362313214 104 72 49 1.59 115 667 330 124 409 177 457 212 513 132
697 0.7089844470561814 0.03219847608658846 -0.05838889080288082 48 15 10 0.56 115 668 143 69 153 10
698 0.09954835541547291 -0.2011425024495963 0.9058542821450069 176 187 196 0.68 90 229 115 669 423 276 425 223 461 51 521 148
699 0.1495492163608879 -0.05991292450483496 0.8712150287303664 175 186 197 1.43 90 230 115 670 386 91 404 63 423 277 425 224 513 133 521 149
700 0.711830733858386 0.02021542275934192 -0.1088463385398403 83 78 42 0.55 53 128 115 671 423 278 521 150
701 0.02522920519555316 -0.2224903409147182 0.8859854246230574 86 72 80 0.49 90 231 115 672 425 225 479 199 514 187
