# Camera list with one line of data per camera:
#   CAMERA_ID, MODEL, WIDTH, HEIGHT, PARAMS[]
# Number of cameras: 135
258 RADIAL 1140 760 1062.3732322653127 570.0 380.0 -0.012941545651558101 0.03208398773131805
382 RADIAL 760 1140 1591.060996038406 380.0 570.0 0.08697310219486394 0.2119279908055423
132 RADIAL 1140 760 899.4813514908634 570.0 380.0 -0.08909243879196102 0.09400806377180936
514 RADIAL 1013 760 1286.1041530350967 506.50000000000006 380.0 -0.006587376687504553 0.01746010144970993
521 RADIAL 1013 760 920.4938259383921 506.5 380.0 -0.1842538720039961 0.12484520425357397
523 RADIAL 1013 760 919.3433159305607 506.5 380.0 -0.19841466180037678 0.15722829328597518
404 RADIAL 1140 760 1605.8893312512826 570.0 380.0 -0.051332967816709825 0.1466034652585489
152 RADIAL 1352 755 1458.1222514633735 676.0 377.30232558139534 -0.06874367498736947 0.012653861264351928
32 RADIAL 1140 760 1209.018194924332 570.0 380.0 -0.16111726577278435 0.6282370749905533
293 RADIAL 1013 760 1056.2178375695348 506.5 380.0 -0.15702498496129927 0.00933933189697642
421 RADIAL 760 1011 2366.309905089081 380.0 505.5 -0.16611710070566824 -0.020203085188403178
303 RADIAL 1157 771 923.8458810887346 578.5 385.6666666666667 -0.016567183232888995 -0.05941060797936803
47 RADIAL 1013 760 850.6709656581412 506.5 380.0 0.068555972468155 -0.059297098745275695
176 RADIAL 1141 760 1517.7785005607511 570.5 380.0 -0.14463615261920174 0.05145304676686073
179 RADIAL 1013 767 911.6813738455143 506.5 383.2972972972973 0.0723488566099422 -0.2606918066999992
309 RADIAL 1009 760 819.608029869818 504.5 380.0 -0.018689149163351817 0.06299908959122588
322 RADIAL 1013 760 769.2620696589895 506.5 380.0 -0.12057730319423698 -0.04570215918086676
329 RADIAL 1140 760 1285.1618346821056 570.0 380.0 -0.08947320681000519 -0.051412156446488444
330 RADIAL 1013 767 792.6163359345097 506.5 383.2972972972973 0.04434976415295316 -0.09004626452105961
461 RADIAL 1013 767 1497.6069136780607 506.5 383.2972972972973 0.09979921389853884 -0.05539964086975439
77 RADIAL 1013 760 946.1495757053704 506.5 380.0 0.14186961131415549 -0.38198102784334326
340 RADIAL 1013 760 1148.1886990696357 506.5 380.0 -0.07183540103407451 -0.007290204097959251
341 RADIAL 1013 760 1049.43209793188 506.5 380.0 -0.14216233506368373 0.13395888453671578
342 RADIAL 1147 760 1296.5128410233642 573.5 380.0 -0.03503655381097706 -0.008595428168773622
343 RADIAL 760 1013 1420.7039114014149 380.0 506.5 0.030031383776425093 0.32366380010833856
89 RADIAL 996 754 1553.6026835192574 498.0 376.8648648648649 -0.04881709901242046 -0.022726912650848655
348 RADIAL 1013 760 838.5970178384803 506.5 380.0 -0.07355920424162064 0.05506785654993808
95 RADIAL 760 972 1505.4391750735172 380.0 485.99999999999994 -0.07678943846101208 0.7593251334086946
354 RADIAL 1013 760 1027.0519223495164 506.5 380.0 -0.04848721141886903 0.007828202554986813
485 RADIAL 1140 760 2732.171636470629 570.0 380.0 -0.1132931278775367 -0.0015508360344175934
506 RADIAL 1013 760 1412.7343373708536 506.5 380.0 -0.05628256696168361 -0.7948224954672806
375 RADIAL 1351 760 1043.2652918504937 675.5 380.0 0.02504749990665826 -0.05812056309800771
122 RADIAL 1153 769 1225.0773362682787 576.5 384.33333333333337 0.10984639367113208 -1.3047025760596724
126 RADIAL 797 760 601.6072197373252 398.5 380.0 -0.084115442418615 0.05176580846891801
386 RADIAL 760 1013 2142.0975104144113 380.0 506.5 0.12327988560745004 -0.022137088016744872
264 RADIAL 760 1013 1078.946353486702 380.00000000000006 506.49999999999994 -0.15324174036316254 0.02347266588984289
266 RADIAL 760 1013 1064.0406256018134 380.00000000000006 506.49999999999994 -0.11255596646688293 -0.09403800441349151
143 RADIAL 1580 777 1940.6638832362 789.9999698003146 388.4444294388961 0.4456848818740757 -6.159391983733686
409 RADIAL 1140 760 1071.9413777985994 570.0 380.0 -0.1391390966925088 0.11840134116088134
25 RADIAL 1013 767 959.0366738757982 506.5 383.2972972972973 -0.11429962221759153 0.10512054077444034
287 RADIAL 1351 760 1208.1059070348906 675.5 380.0 -0.18471360179051313 0.11659852832210547
37 RADIAL 1147 760 1702.8997556308932 573.5 380.0 0.18384590215232147 0.10621703701293059
39 RADIAL 1013 767 1146.0766899000364 506.5 383.2972972972973 -0.07512934534348754 -0.05526316107165194
423 RADIAL 1486 760 1614.4617021367094 743.0000000000001 380.0 -0.12946392404901721 0.10041202912721199
425 RADIAL 760 1057 2341.8282176417447 380.0 528.5 -0.13983355454332907 0.008791826000167494
314 RADIAL 760 1140 2591.753173772567 380.0 570.0 -0.17310141175360222 -0.011568228656792265
189 RADIAL 1013 767 1329.5921358101527 506.5 383.2972972972973 -0.10132172556293036 0.02045202715354577
457 RADIAL 1140 760 1071.7603834749775 570.0 380.0 -0.13669327360127678 0.11206036611579555
90 RADIAL 760 1013 2244.8929947202687 380.0 506.5 -0.13714617556109307 0.012880494715220061
479 RADIAL 760 1013 1155.7800196504982 380.0 506.5 -0.10658513097875326 -0.06202341653797416
487 RADIAL 1144 760 1506.261369210612 572.0 380.0 0.01611600670809458 -0.5338823017828321
361 RADIAL 1013 767 959.4984180825745 506.5 383.2972972972973 -0.11278360295186596 0.0963316604476077
71 RADIAL 1013 767 1144.4090515756893 506.5 383.2972972972973 -0.08362898036008505 -0.03895818929172175
154 RADIAL 1351 754 1051.7543988753746 675.5 377.0232558139535 0.10732242078316903 -0.17545776770982127
53 RADIAL 1142 760 1152.5134905223974 571.0 380.0 -0.06011401962835309 0.01275194687312524
61 RADIAL 1838 777 1549.114092648354 918.9999838935007 388.4444387114576 -0.10644449142978211 -0.16718660384252304
460 RADIAL 1353 755 1709.1590221254278 676.5 377.5813953488372 0.11756903210333511 -0.4219020493136339
208 RADIAL 1143 760 1669.637555603595 571.5 380.0 0.0020187817109503406 -0.0037504491022290107
497 RADIAL 1140 760 1843.0231701502892 570.0 380.0 -0.043197459681442854 -0.01056405736108934
123 RADIAL 1013 760 1795.0847962942858 506.5 380.0 -0.019581060777944213 0.0203143457414331
318 RADIAL 1018 760 887.4634965721806 509.00000000000006 380.0 0.24482725573657563 0.004275353445301022
483 RADIAL 1353 755 1192.3694632981862 676.5 377.5813953488372 0.05587800845984491 -0.1889465222102278
8 RADIAL 1140 760 2777.650663335297 570.0 380.0 0.1319269768520966 -5.742752618152144
14 RADIAL 1140 760 1779.2161915448337 570.0 380.0 -0.007911444709982876 1.402168943561491
350 RADIAL 760 1013 3318.5382099927874 380.0 506.5 0.003035806657995408 0.0004724016139766697
528 RADIAL 1013 767 1148.0112812731672 506.5 383.2972972972973 -0.0727695269729316 0.05002668697940009
190 RADIAL 1684 760 1229.5296453326769 842.0 380.0 0.09158865406554613 -0.030091603040069744
191 RADIAL 1684 760 1226.8999400699577 842.0 380.0 0.09710322109256624 -0.06127073011871463
211 RADIAL 760 1143 2116.007524576108 380.0 571.5 -0.006641314762439898 0.00949150322076423
281 RADIAL 1013 760 2467.8380754830973 506.49999999999994 380.00000000000006 0.2970741752888698 0.011105021619577653
522 RADIAL 1013 760 906.4340185349126 506.5 380.0 -0.13292456775914885 0.013257212096312117
372 RADIAL 1140 760 936.7484061779072 570.0 380.00000000000006 -0.16482871768950474 0.1466069009667091
268 RADIAL 1013 760 1054.1527894126482 506.49999999999994 380.00000000000006 -0.04957209609676609 -0.02040918902934376
510 RADIAL 1140 760 939.4351153413829 570.0 380.0 -0.08310994850905053 -0.005338967340526763
4 RADIAL 1140 760 960.5738081225425 570.0 380.0 -0.14437981453611992 0.10203611663676668
216 RADIAL 1140 760 856.7072175532244 570.0 380.0 0.05522464360107912 -0.017651295475481762
20 RADIAL 1140 760 1701.0118547592622 570.0 380.0 0.21955097142253213 -1.816148735502356
46 RADIAL 1386 774 1142.487664671972 692.9999999999999 386.79069767441854 -0.11261644498232444 0.06759925641260969
320 RADIAL 760 1620 1288.1095717118947 380.0 810.0 0.48144275547548215 -2.43385238787969
106 RADIAL 1013 760 794.9479896259089 506.5 380.0 0.22472645897562174 -0.38205459682809845
115 RADIAL 1441 753 1342.1488974979109 720.5 376.625 0.2626629910162098 -0.5285421746877497
434 RADIAL 1013 760 1183.5714786939595 506.50000000000006 380.0 -0.17177056578131034 0.257822235410856
449 RADIAL 1132 760 1096.2340096115054 566.0 380.0 0.10311552168577287 -0.2609328200834647
94 RADIAL 1013 760 1658.621417359084 506.5 380.0 0.11176567601579045 -0.25194616323225316
362 RADIAL 1351 760 814.3430389618476 675.5 380.0 -0.0716865452913025 -0.021567620124534462
214 RADIAL 1140 760 848.6870632473774 570.0 380.0 -0.026527745454650264 -0.3875341789610255
12 RADIAL 1140 760 1240.9781705844252 570.0 380.0 -0.04004487541503431 -0.002034119135553614
400 RADIAL 1013 767 1388.915437696819 506.5 383.2972972972973 -0.14586119789030663 0.21197897284859046
513 RADIAL 1013 760 713.1468588631997 506.50000000000006 380.0 0.040743602145672485 -0.053214911312521686
225 RADIAL 760 1140 1466.3285679602536 380.0 570.0 0.002316359325194427 1.737149884261185e-05
315 RADIAL 1013 767 2490.731029934604 506.5 383.2972972972973 0.5205222838861006 3.3869728260134075
426 RADIAL 1055 760 3283.556251692273 527.5 380.0 -0.003936294864365602 -3.686014494005558
60 RADIAL 760 1013 2225.996310415274 380.0 506.50000000000006 0.005188568936017308 6.082128554755578e-05
323 RADIAL 760 1013 792.7761607614839 380.0 506.5 0.08315388294377853 -0.06505980720682997
311 RADIAL 955 760 864.594547427978 477.5 380.0 -0.020629449265684704 -0.1783281462439289
325 RADIAL 1352 760 1180.5758387626354 676.0 380.0 -0.07622300671183914 0.06907036345232788
17 RADIAL 1140 760 1565.0186376683612 570.0 380.0 0.21719551556107095 -1.7006929360642022
520 RADIAL 760 1011 1260.852646226895 380.0 505.5 0.5322460276870333 -3.8534305009779657
72 RADIAL 760 1013 2179.876017108176 380.0 506.50000000000006 -0.09379047771598571 0.0012952073412100763
473 RADIAL 1600 777 1269.2571691884525 800.0000241597501 388.44445596954 0.14973104069922313 -0.30031133846403874
87 RADIAL 760 1684 1232.4133171245815 380.0 842.0 0.10737306097332203 -0.16700193841590155
476 RADIAL 1013 767 1200.2910919783667 506.5 383.2972972972973 -0.18526157568897123 0.11093874161361793
369 RADIAL 760 1013 1216.3555999720586 380.0 506.5 0.0022196486033785254 2.20061018127477e-05
302 RADIAL 760 1013 1219.0911172597932 380.0 506.5 0.020369877896868123 0.0003427944858486361
463 RADIAL 1013 760 1058.4461845354472 506.49999999999994 380.00000000000006 0.4880246701349231 -2.4630852548698825
215 RADIAL 1140 760 854.748188685191 570.0 380.0 0.4533376774248016 -2.254178945585914
219 RADIAL 760 1140 1145.8024061105652 380.0 570.0 0.028685494724944024 -0.0011377993163189796
499 RADIAL 760 1013 1215.175912837759 380.0 506.5 -0.0025953938435277447 -2.8025854357287956e-05
428 RADIAL 760 906 625.9897783515052 380.0 453.0 0.0008329659962344184 3.36993376968019e-05
422 RADIAL 760 822 903.5872451488989 380.0 411.0 0.004679519842547925 -0.0003772478933603364
284 RADIAL 760 1013 1216.8207258606906 380.0 506.5 0.015947167200124283 0.0004324540463426625
52 RADIAL 1142 760 1735.3680284095574 571.0 380.0 0.1390056094995765 0.004027674123355811
80 RADIAL 760 1351 1617.2924274443094 380.0 675.5 0.041771721454282595 0.0009585134462527103
249 RADIAL 1140 760 815.6573113241468 570.0 380.0 -0.04585878513216011 -0.003733763945417857
153 RADIAL 1202 760 1065.1221104483934 601.0 380.0 -0.15630402220162834 -0.033097501401617616
205 RADIAL 1140 760 893.5294339374539 570.0 380.0 -0.03388648337627284 -0.006828700885240172
278 RADIAL 1013 767 1183.7853211450945 506.5 383.2972972972973 0.018165054626424048 0.0073866330062595745
295 RADIAL 1139 760 1257.2285150997795 569.5 380.0 0.041760908958878476 -0.010527894218045258
19 RADIAL 1140 760 1013.3576793517943 570.0 380.0 0.07363570548133751 -0.0640922815393226
383 RADIAL 760 1013 1220.1586605492557 380.0 506.5 -0.018162194179750946 -0.00023486869976156044
319 RADIAL 1013 767 1042.4780446836862 506.5 383.2972972972973 -0.03498254006684234 0.005999610550650009
363 RADIAL 1013 760 1018.3157018074827 506.5 380.0 -0.07171255343108775 -0.011134746671144035
336 RADIAL 1013 760 915.3464436651996 506.5 380.0 0.10619904795046822 -0.16724053019621735
427 RADIAL 1013 767 2771.713614726548 506.5 383.2972972972973 -0.02795140832773952 -0.00120350607559836
511 RADIAL 1140 760 935.2872069924268 570.0 380.0 -0.14389082977644482 -0.0494848608339261
174 RADIAL 760 863 1035.6334260831509 380.0 431.5 0.0072098938986840284 0.00016046152816117924
452 RADIAL 1351 754 1081.4111421122923 675.5 377.0232558139535 0.11196937132199536 -0.17112448554097964
501 RADIAL 760 1351 1621.2464226989325 380.0 675.5 -0.8524219027188672 -0.12751187845999626
420 RADIAL 760 1102 3635.2151066689903 380.0 551.0 -0.1455158512246618 -0.004594551714216783
7 RADIAL 760 1140 4091.4006081121515 380.0 570.0 0.00041279893548858804 9.038763348449848e-07
265 RADIAL 760 1013 3827.0016497242937 380.00000000000006 506.49999999999994 0.20253167763652147 0.005890512829935386
451 RADIAL 760 1013 1216.3990441404405 380.0 506.5 0.009325651786199325 3.5976486588382836e-05
250 RADIAL 1140 760 814.8102010117391 570.0 380.0 -0.011863386460654683 -0.0016995999487285159
516 RADIAL 760 1013 1213.6530947244992 380.0 506.5 0.06320830460117845 0.009118494561060826
220 RADIAL 760 1140 814.6654749775007 380.0 570.0 -0.10883350060600655 -0.0341469846937481
