# Image list with two lines of data per image:
#   IMAGE_ID, QW, QX, QY, QZ, TX, TY, TZ, CAMERA_ID, NAME
#   POINTS2D[] as (X, Y, POINT3D_ID)
# Number of images: 529, mean observations per image: 10.268
162 0.6928666522101603 -0.03760163441921976 -0.7001806778242931 0.1681336900969035 0.870561318457048 0.1493919329427605 0.6319619056046224 162 image_000162.jpg

118 0.8144822690089737 -0.0474763319042357 -0.5670547726057924 0.1131968031523243 0.973039593710921 -0.007325246458006477 0.2664923925366345 118 image_000118.jpg

502 0.6808212381426831 -0.04149104134009993 -0.7113196214509926 0.1696624039709289 0.8491927518940459 0.1540648164461359 0.6682325446877467 502 image_000502.jpg

299 0.8938179239253577 -0.1361910271727493 -0.4043769806192943 0.1379158458358498 0.8118086864122477 -0.1029382272891663 -0.08207098187262005 299 image_000299.jpg

459 0.6643914533928637 -0.0761956687003759 -0.7160914195820336 0.1999782376430214 0.9148549057286877 0.2095770602308859 0.6661940161006294 459 image_000459.jpg

181 0.6500449252465763 -0.06590785831838902 -0.7205523920605175 0.2321680418768329 0.9737621109269812 0.2602453972413152 0.629084649578448 181 image_000181.jpg

464 0.7238718226235908 0.002275033803471037 -0.6671317852939379 0.1758965311861405 1.064488111104813 0.2113926480119847 0.5768105036246197 464 image_000464.jpg

349 0.6352668047940325 -0.04045041029231701 -0.7303499243569337 0.2477677118306277 1.020913889109465 0.4363998284894424 0.8661295384763215 349 image_000349.jpg

2 0.9164298357641976 -0.09873203362980959 -0.3674428626819507 0.1240728992190526 0.7861884873907268 -0.08913108012176289 0.03277714471035395 2 image_000002.jpg

234 0.6613246620573108 -0.4888051885943431 -0.3912625231186719 -0.4130772530179349 0.01594056470570766 -1.073753993458109 0.1962145106439963 234 image_000234.jpg

108 0.6585722394665185 -0.06965837948319828 -0.7005286590510907 0.265875748085285 1.036879726221258 0.2904961907095745 0.5337962930048094 108 image_000108.jpg

416 0.7089584815725027 -0.0554285300012267 -0.666781918852443 0.2229516139429557 1.070802007312086 0.2171686507277083 0.4522356736647888 416 image_000416.jpg

270 0.6628903476377992 -0.04578103551502544 -0.7221691206215088 0.1922296673684021 0.9102054091578218 0.235391005229077 0.7701793455014831 270 image_000270.jpg

116 0.3346264426966709 0.5282817839861659 -0.5016036621900021 0.5977769371882325 -0.3058733273291891 0.9877543173979902 0.8834890213058928 116 image_000116.jpg

233 0.3759465741325332 0.4105815583228575 -0.4977296783507934 0.665095575576925 -0.1754531395134563 1.062737825220025 0.410211165955154 233 image_000233.jpg

462 0.6625615172299429 -0.07337927793369629 -0.6814635236202464 0.3020516237846825 1.036371715134264 0.3732521279759154 0.4639537384397969 462 image_000462.jpg

273 0.6644594510453073 -0.03961990459785231 -0.704440382119464 0.2463486332732726 1.042450973727522 0.2688382250977185 0.5113441878284679 273 image_000273.jpg

196 0.8039115066675064 -0.268608521015205 -0.4681455650647304 0.24983090640637 0.9806789384321793 -0.1805174758747986 -0.0627240060459331 196 image_000196.jpg

101 0.635696239811142 -0.1545813290200012 -0.756301913415817 0.00152288277927093 0.8336674509347946 -0.2362432652385582 0.9343159100153258 101 image_000101.jpg

82 0.4600836242894439 -0.004673893033615218 -0.8491736181746469 0.2592400038203573 0.6119576014258588 0.3798989382057173 0.9813222902745502 82 image_000082.jpg

31 0.6696620452578531 -0.004131324729441374 -0.7183481155042342 0.188445382667139 1.057354291189549 0.2890063712850283 0.8629739216674741 31 image_000031.jpg

180 0.5717800096327812 0.0172132609557103 -0.8005862907334664 0.1784178111098687 0.8017837946362492 0.2908231553188027 1.191612331959364 180 image_000180.jpg

157 0.5601641208535211 0.01332161979148577 -0.8013904707003495 0.209313175947443 0.7268382709571337 0.3671039415464784 1.174004965079813 157 image_000157.jpg

15 0.6572865426975258 -0.004063141864361051 -0.7309521134059811 0.1834854206040722 1.023757978422154 0.2713705533607974 0.9242148403804604 15 image_000015.jpg

505 0.6173090513648918 -0.002142566633485335 -0.7671506940036659 0.1743695994171355 0.9241759485432028 0.2629623635382888 1.046170893558767 505 image_000505.jpg

466 0.6307812025963599 0.01826177604709455 -0.7496909056136606 0.1993618018248864 1.001517540613095 0.299089211526027 0.8588016076300193 466 image_000466.jpg

292 0.6255715463672933 0.008082972237060225 -0.7593801092845712 0.1787085771819618 0.9522975237200141 0.3029953583482377 1.153055867169799 292 image_000292.jpg

206 0.7108918624151556 -0.0389419858743775 -0.6711962900601042 0.2064263110594767 1.057236417744444 0.2748618608349911 0.6563202234746106 206 image_000206.jpg

226 0.6845318227436424 0.04729886540189912 -0.7157739811541065 0.129794487116211 1.121769775038268 0.1682032009524553 0.9406013828926043 226 image_000226.jpg

99 0.719536302775643 -0.04084890927008147 -0.6691389585843543 0.1812510129738555 1.058242284520108 0.1819713405535827 0.5760162556582383 99 image_000099.jpg

10 0.6485220964981927 0.03269062828922593 -0.7440597220768738 0.1572435790693216 1.023244885498496 0.2228534983544081 0.9778785093301137 10 image_000010.jpg

373 0.6920301214058437 -0.1171176987390075 -0.6594922706125482 0.2691611054951989 1.026361645409203 0.2704849004301663 0.4456985373076821 373 image_000373.jpg

182 0.5368781293362297 0.009198268245247576 -0.8173508798941105 0.2088415792844963 0.6879693765844828 0.3416425339976644 1.16411275544837 182 image_000182.jpg

503 0.7455290910168225 -0.09641514803642927 -0.6213770367480698 0.2208643743996115 1.044669732543825 0.1015787167116447 0.2519177001885061 503 image_000503.jpg

24 0.6953011673500368 -0.01337062258486451 -0.7006110333526699 0.1597551034486008 0.969694139454929 0.210572915690443 0.8612952288463358 24 image_000024.jpg

