# Camera list with one line of data per camera:
#   CAMERA_ID, MODEL, WIDTH, HEIGHT, PARAMS[]
# Number of cameras: 77
162 RADIAL 824 774 790.0186490638873 412.0 387.030303030303 0.06515855596644887 -0.06538717952338789
459 RADIAL 1147 760 890.7134616995417 573.5 380.0 -0.08427845633423164 0.015572942389558987
119 RADIAL 760 1140 1139.587698391081 380.0 570.0 0.1356898685355328 -0.5357920696191373
502 RADIAL 1013 767 802.3056827345955 506.5 383.2972972972973 0.008142106834694709 0.017442645427964587
118 RADIAL 760 1140 1099.07570416459 380.0 570.0 0.1303501628975385 -0.41827263841768975
181 RADIAL 1153 760 884.5112250072253 576.5 380.0 -0.055869516857175464 -0.001111959982976314
464 RADIAL 760 1013 1044.9890529871739 380.00000000000006 506.49999999999994 0.05112580994665765 -0.028492912285096313
31 RADIAL 1149 760 951.9452406277342 574.5 380.0 -0.04626156516166191 -0.3238181553757369
101 RADIAL 1013 760 1021.8920457942442 506.5 380.0 -0.1295407096355748 0.0552467136263126
182 RADIAL 1168 760 902.0329523078984 584.0 380.0 -0.05026859000569616 0.0016811585145929332
233 RADIAL 1140 760 954.2095024645605 570.0 380.0 -0.19554318307913146 0.17415299042589394
2 RADIAL 760 1140 1338.3841783062583 380.0 570.0 0.03360326900027174 0.0021945449983838995
273 RADIAL 760 1013 753.1511042395124 380.0 506.5 0.02752824587703353 0.00036075134646395223
82 RADIAL 1348 752 608.761446215179 674.0 376.18604651162786 -0.025647906211098862 0.03991613369447854
371 RADIAL 760 1013 788.9366824007807 380.0 506.50000000000006 0.11526470309890305 -0.41939312198598
507 RADIAL 1140 760 996.1415549790935 570.0 380.0 0.08788342097760528 -0.05265639448094855
395 RADIAL 1013 760 810.0998137914759 506.5 380.0 0.060384839916159797 0.009710049501568375
234 RADIAL 1013 760 751.2938545967215 506.5 380.0 0.07454822911575788 -0.10491787210733068
270 RADIAL 1013 767 903.5961559555958 506.5 383.2972972972973 0.04874305932736225 0.057094508866454584
344 RADIAL 1013 767 1032.1068207502117 506.5 383.2972972972973 0.1554444734260743 0.033815054001322516
417 RADIAL 760 1052 1156.2979534265362 380.0 526.0 -0.17962636469820206 0.23479110210962958
355 RADIAL 760 1013 940.0897860457948 380.0 506.5 -0.05910141944871854 0.035886844853034505
116 RADIAL 1140 760 977.2577290080343 570.0 380.0 0.0016270311636168557 -0.0020080995428789147
505 RADIAL 1013 760 729.3592098343267 506.5 380.0 0.020369176626388603 -0.00538036192435873
158 RADIAL 1275 760 890.0422542488585 637.5 380.0 0.014088544946675566 0.0029753828449886645
98 RADIAL 766 766 813.9284841195562 383.0 383.0 0.13696338365169994 -0.2757738458400224
416 RADIAL 760 996 1089.630005756329 380.0 498.0 -0.1322168596717852 0.050531034559168846
29 RADIAL 1013 760 712.5280412300631 506.5 380.0 0.06040284477596629 -0.05591370323181608
195 RADIAL 760 1351 1412.3428415614965 380.0 675.5 -0.08556024837891911 -0.07351745418740933
157 RADIAL 1144 760 883.1831117140803 572.0 380.0 0.010608673625193873 0.0002071578973676109
489 RADIAL 1144 760 883.1014232179715 572.0 380.0 -0.009015508763834997 -0.0034156162278234006
178 RADIAL 760 1013 1213.3890462929278 380.0 506.5 -0.000842600585767175 -0.0008184092082840043
180 RADIAL 1013 767 940.8233988422946 506.5 383.2972972972973 0.17948984419330719 -0.013877929693708869
436 RADIAL 1351 754 1060.3847589489644 675.5 377.0232558139535 0.07291461107795857 -0.11963633756711246
156 RADIAL 1144 760 881.0433350059602 572.0 380.0 -0.0020242549573865664 0.00489012666557838
337 RADIAL 1013 760 816.4380033942526 506.5 380.0 -0.04242950518650824 0.006161830595900585
9 RADIAL 1140 760 892.5794148487579 570.0 380.0 -0.0474979582520898 -0.005946123105433075
492 RADIAL 1140 760 931.7919221168727 570.0 380.0 -0.20434515877637066 0.16217443872228296
193 RADIAL 1351 760 1409.8743517804921 675.5 380.0 -0.03802986116579549 -0.42837520876885643
23 RADIAL 1140 760 978.8286917830006 570.0 380.0 -0.12207370617136293 -0.4560785395590822
522 RADIAL 1013 760 901.763837257783 506.5 380.0 -0.14710662461279592 0.052657235654847624
299 RADIAL 1013 767 1158.7559241881206 506.5 383.2972972972973 -0.09443380575043953 -0.10440802142382176
364 RADIAL 1348 752 1163.3769899018905 674.0 376.18604651162786 0.003935510843717438 0.4941552374964029
524 RADIAL 1013 767 983.078629828561 506.5 383.2972972972973 0.14570669295397748 0.03405519363580833
103 RADIAL 760 1013 781.0198144195613 380.0 506.5 0.13510108607583737 -0.4713748368860677
213 RADIAL 760 921 1240.9358250485839 380.0 460.5 -0.048531433317010465 -0.3804857246309094
306 RADIAL 1152 768 1012.6957634364218 576.0 384.0 -0.012791325808047878 0.02989305956472576
248 RADIAL 760 1140 819.6458845768939 380.0 570.0 0.01733946478351413 0.017900441491135753
196 RADIAL 1140 760 1001.3937112576814 570.0 380.0 -0.12519733708008163 0.0644427563431875
197 RADIAL 1140 760 1004.4204361772928 570.0 380.0 -0.1283834500269828 0.07561319729762717
198 RADIAL 1140 760 1003.9704654525738 570.0 380.0 -0.13106362663375537 0.07776186508796627
199 RADIAL 1140 760 884.6226791376392 570.0 380.0 -0.014147483811335172 0.021176491118824435
21 RADIAL 760 1013 1164.454811458844 380.0 506.5 -1.0191288970632488 16.334468084131863
108 RADIAL 760 1013 1216.207338574891 380.0 506.5 -0.043109998635780356 -0.00844584922644189
376 RADIAL 1013 767 759.4987315653766 506.5 383.2972972972973 0.05762668669080454 -0.031024059444555094
377 RADIAL 1013 767 758.1419317536942 506.5 383.2972972972973 0.05611981504699023 -0.030355083509094355
452 RADIAL 1351 754 1097.100409054953 675.5 377.0232558139535 0.06989127749383384 -0.08372221108153066
455 RADIAL 760 1351 1620.0882773302571 380.0 675.5 0.1930870186805262 0.013669189999651494
378 RADIAL 760 1013 1216.1408549901973 380.00000000000006 506.49999999999994 0.0057092503508521025 0.0001816249997005338
380 RADIAL 1013 767 756.6737533580442 506.5 383.2972972972973 0.0540502909472247 -0.057294844965746536
472 RADIAL 1079 760 1293.5595326963075 539.5 380.0 0.0010860346227859043 -0.4709310930201065
516 RADIAL 760 1013 1216.0 380.0 506.5 0.0 0.0
4 RADIAL 1140 760 902.4551410745162 570.0 380.0 -0.05815489295095335 -0.023433972979351413
418 RADIAL 760 842 1049.2823941929648 380.0 421.00000000000006 -0.12268997732378358 -0.06123570535922198
42 RADIAL 760 1013 407.3804528874219 380.00000000000006 506.49999999999994 -0.007220088045892426 0.01863786854315237
93 RADIAL 1013 767 972.85534460617 506.5 383.2972972972973 0.01656268998232942 -0.06630764788509586
338 RADIAL 1267 773 1203.963264488671 633.5 386.280487804878 0.026630179681866203 -0.05473872817912957
316 RADIAL 1140 760 1027.0412794496262 570.0 380.0 -0.1317656064441207 -0.09165968906107785
70 RADIAL 1013 760 1125.6903994244526 506.5 380.0 -0.17955517373782545 0.22873982633222154
419 RADIAL 760 879 1108.3137560942885 380.0 439.5 -0.21475975597921862 0.6094796387825934
441 RADIAL 760 1647 1325.8352983007755 380.0 823.5 0.15147221252801546 -0.395840150962608
317 RADIAL 1013 760 793.8827470768672 506.5 380.0 0.009193705562810111 0.03684282549762815
295 RADIAL 1139 760 1238.7476478251033 569.5 380.0 0.0738191181721619 -0.038850565826984096
442 RADIAL 1647 760 1327.960487266426 823.5 380.0 0.06749198054790136 -0.1235373427888548
379 RADIAL 760 1013 1216.0368504508676 380.00000000000006 506.49999999999994 -0.05197068011944193 -0.0042419659198452775
402 RADIAL 760 1351 1621.5619112904321 380.00000000000006 675.5000000000001 -0.003137227632840927 -3.1404274011535344e-05
335 RADIAL 1016 760 2000.0976876565126 508.0 380.0 0.0069361011924126935 0.00012085039110228573
