# Image list with two lines of data per image:
#   IMAGE_ID, QW, QX, QY, QZ, TX, TY, TZ, CAMERA_ID, NAME
#   POINTS2D[] as (X, Y, POINT3D_ID)
# Number of images: 35, mean observations per image: 452.743
46 0.9999570465784432 -0.00251576064193714 0.007411298179253212 -0.0049655968547326935 -0.008932489096448564 0.0002596399936382 0.006762258617741483 46 IMG_2377.JPG

47 0.99912949261206 0.002002679904811725 0.03810336892277795 -0.016863462612527812 -0.07319300242471287 0.005293980793836991 0.006647465636930295 47 IMG_2378.JPG

48 0.9984711406153229 0.007935428227086955 0.05184221571579433 -0.01745843395376791 -0.1352287775987422 0.010660985917778289 0.010627168303197482 48 IMG_2379.JPG

49 0.998104873361193 0.025620164919859224 0.05273503729028287 -0.01868937763347534 -0.19446759642311018 0.012150836224989409 0.0003349945651485303 49 IMG_2380.JPG

50 0.9970381585345631 0.009842778692102844 0.07042064488313728 -0.029308361975815392 -0.25166887564348117 0.01607873733883098 -0.013695681476025116 50 IMG_2381.JPG

51 0.9930466199453759 0.015892503744599953 0.11270144450660535 -0.030070386341751094 -0.3119817518896129 0.016917478789226656 -0.005590773481671016 51 IMG_2382.JPG

52 0.9940697921421634 0.023760183546238423 0.10454624177415824 -0.018187904834355725 -0.36137444897008375 0.0030030990796394152 -0.04610106695625624 52 IMG_2383.JPG

53 0.9895254307531886 0.04089257315021382 0.13594335481497313 -0.026203547837884346 -0.42003592507346893 -0.0007518240061483647 -0.07347007463014611 53 IMG_2384.JPG

54 0.9788560215994305 0.0740592356809353 0.18940893730863112 -0.02191720839400662 -0.5123236528307749 0.0018869027686737525 -0.04626757220227928 54 IMG_2385.JPG

57 0.9510355696071491 0.04761491857765081 0.30098646478132457 -0.05168482595604684 -0.6828440856950538 0.03622892988106944 0.12018534529258723 57 IMG_2388.JPG

58 0.9159156588812146 0.05646595102364976 0.3911633132470312 -0.07000976602087951 -0.730373242531511 0.058875717108939275 0.26172493996350366 58 IMG_2389.JPG

60 0.8723957749853162 -0.036689417294571994 0.46595838242561055 -0.14304648947465615 -0.8071610906136681 0.19625012779624518 0.40556013410129244 60 IMG_2391.JPG

62 0.8355845637779852 0.07241126013356404 0.5371086682763576 -0.08982935361190542 -0.8358787846998561 0.08720602611032983 0.5838662476730753 62 IMG_2393.JPG

63 0.8473785667529281 0.04355364273250806 0.5186780252954755 -0.10500374712380581 -0.9569822852024172 0.1274143061194581 0.5603908345700208 63 IMG_2394.JPG

64 0.8211057097824325 0.04975785036958142 0.5588532965517072 -0.10484556247069139 -0.9627858990328525 0.12143343220397573 0.6434233382748382 64 IMG_2395.JPG

65 0.7945133766259953 0.04132073029033617 0.594131826853423 -0.11852646938648172 -0.9719495275407762 0.14308582394234073 0.7098623227825206 65 IMG_2396.JPG

66 0.7632272306462521 0.055927724925678025 0.6313760774281729 -0.12538166001348489 -0.9915305113535977 0.16288315256075783 0.8345478778720922 66 IMG_2397.JPG

67 0.7371295345347351 0.03982801039156054 0.6598468851658219 -0.14019966146465532 -0.977332963394619 0.20018003817745458 0.9260698212205758 67 IMG_2398.JPG

68 0.7217969112272656 0.05794688408034208 0.6765684732993161 -0.133815242786475 -1.0150295206666207 0.17915448669523448 0.9697629208776481 68 IMG_2399.JPG

69 0.7435332733984802 0.0716845586174192 0.6541466311696751 -0.11879304273581852 -1.1652552162722307 0.14571822628773723 0.9133143432456673 69 IMG_2400.JPG

70 0.7039500573965822 0.07884093658213065 0.696211007285466 -0.11631294931281029 -1.130006554676666 0.12907466385912375 1.0505040793450575 70 IMG_2401.JPG

71 0.6760894390625943 0.05797683439460964 0.7217126031074204 -0.13664794821529333 -1.1173236283684012 0.1873280850174405 1.1425717386791037 71 IMG_2402.JPG

59 0.9407241622829823 0.07725470715108368 0.3282243479145627 -0.03658627185652895 -0.8309426343694599 0.015448331468721661 0.13978005605699645 59 IMG_2390.JPG

61 0.9662377756796965 -0.01812283502816936 0.24799044301897513 -0.06750456791789242 -0.9313399632060283 0.051030559996075704 -0.007218735165133661 61 IMG_2392.JPG

72 0.6532975420897918 0.048759063702628176 0.7412489696463884 -0.14620138482588002 -1.136176022593989 0.210625018127365 1.1930792887844839 72 IMG_2403.JPG

74 0.5821289648441907 0.05302101017582104 0.7947344607294994 -0.16343708559173975 -1.0824215679833813 0.25514409589478404 1.325558416123497 74 IMG_2405.JPG

73 0.6442971822562572 0.052644148379808575 0.7486468268928115 -0.14709744818130221 -1.203406722673246 0.21374631712958775 1.1915706753881847 73 IMG_2404.JPG

75 0.5711586351709492 0.06193820486102157 0.8025411698307459 -0.16083936124146944 -1.131390557541742 0.2466067831947255 1.3281646653689059 75 IMG_2406.JPG

76 0.545907973576004 0.060091345392340616 0.8206622896503589 -0.15775581411263995 -1.1245582114173862 0.22995635093590572 1.3726896226925085 76 IMG_2407.JPG

77 0.512540847890081 0.05671477413802878 0.8373420083924764 -0.18150478995035293 -1.0804311827803446 0.3048637973210522 1.4208153646680728 77 IMG_2408.JPG

78 0.5460405649364232 0.054337381982552974 0.8195608012505061 -0.16494653470550688 -1.289870092687262 0.24457884661547064 1.304146237534897 78 IMG_2409.JPG

79 0.5277253755198291 0.05380198689256601 0.8285129634861355 -0.17938107870088366 -1.3116301830445705 0.29608646495370966 1.315837718586416 79 IMG_2410.JPG

81 0.4433848828027849 0.03528707048142807 0.8751746255729571 -0.1903524461691482 -1.2286676288353773 0.3259805522591336 1.521991708275667 81 IMG_2412.JPG

80 0.4935704731758148 0.049443524932943815 0.8470307474527116 -0.1910036732906379 -1.2959593223648762 0.33802250352301433 1.396853057306513 80 IMG_2411.JPG

84 0.44293173198928104 0.03199474055962779 0.8670172051629527 -0.22598448383839514 -1.2961818236048226 0.4348066483623249 1.4598408698466272 84 IMG_2415.JPG

