# Image list with two lines of data per image:
#   IMAGE_ID, QW, QX, QY, QZ, TX, TY, TZ, CAMERA_ID, NAME
#   POINTS2D[] as (X, Y, POINT3D_ID)
# Number of images: 58, mean observations per image: 55.724
217 0.9894516734062827 0.13324449886111117 0.055843476645930645 -0.010620757909147663 -0.08019660551755355 0.01103213948318621 0.35237337219431214 217 image_000217.jpg

114 0.9999614030920234 0.0003768484046397822 0.008676890895023232 -0.0013241769468796617 -0.024121216158709123 0.003664834017115158 0.006700891447498331 114 image_000114.jpg

235 0.9843717524419756 0.010263576636648123 -0.17367631562449407 0.027266097312218966 -0.05221994965673695 -0.04626901776914183 -0.1754829635561777 235 image_000235.jpg

232 0.9973944542886298 0.06871431133236854 -0.021784983778361366 -0.002838033129173048 0.09417908727035135 0.00923727265771327 0.2679585467466444 232 image_000232.jpg

221 0.9953544488617044 0.07872678598332139 0.05231428225049113 -0.018298451366523333 0.05247789767195889 -0.0017738553578643713 0.16826822949714945 221 image_000221.jpg

96 0.989672563444072 0.02871087137690993 0.134341234295159 -0.04094307142886239 0.086210807699894 0.00498443848606576 0.11649882707263065 96 image_000096.jpg

1 0.9763836485274469 -0.06900891028899024 0.18404771250523247 -0.08966156380257989 0.2820522287860124 0.09852058040527051 0.3335585230305151 1 image_000001.jpg

164 0.9916452412333449 0.0608670851067603 0.11268638758304002 -0.015384762812623276 -0.12480131561301218 -0.006181314940495815 -0.05653946065993663 164 image_000164.jpg

71 0.98515387817843 0.08084776985827673 0.1483933769494257 -0.03024702961335795 -0.003995296325892073 0.016612808025646332 0.3707078610928372 71 image_000071.jpg

73 0.9779479521811553 0.03797079059555769 0.20102203847467165 -0.04202568382845561 -0.05015366136327527 0.010020408639503738 0.15349731842788167 73 image_000073.jpg

43 0.9910655444929775 0.11194252432012472 0.06994396426434464 -0.019125862118455808 0.015033449410451781 -0.009151285826985628 0.36831996851600246 43 image_000043.jpg

111 0.9971315901667177 0.060449891748718454 0.04370542272337867 -0.012815776260807692 -0.04082880693048621 0.03401808571619447 0.37400793215818473 111 image_000111.jpg

113 0.9750540725349596 0.12673478749907346 0.1809158947366843 -0.021847070823201493 0.012616583188232666 -0.01576938227399864 0.37069091885933597 113 image_000113.jpg

209 0.9191974694812078 -0.036163506769876015 0.3700762280265303 -0.12966032801592248 -0.06951722613921534 -0.08646353848622874 -0.21869727130975003 209 image_000209.jpg

118 0.9991059121812392 0.040094629603718526 -0.007384233598690114 -0.011192455718046435 0.11571792126413652 0.03209744119268522 0.1879809236308496 118 image_000118.jpg

25 0.980261576309641 0.06890440119314416 0.18018262732488075 -0.04328559588255597 0.030859131656490457 0.0345838216832437 0.4436999977194917 25 image_000025.jpg

92 0.9980467180852982 0.03200062752821406 0.052385935108418206 -0.01159400556823026 -0.01607512134237445 -0.07124133577546957 -0.3285817039923506 92 image_000092.jpg

190 0.9983987119636558 0.04169389230645689 -0.03647057861919176 0.011469403987247707 0.10379480660014917 0.08061460106031945 0.41790883632826303 190 image_000190.jpg

65 0.9991269761907985 -0.013386082080087172 0.03849187656781788 -0.009190608860529683 0.029786422002568737 0.11470202544378034 0.34620409032127764 65 image_000065.jpg

103 0.9984620114007717 0.04967988261250771 0.019967777629446997 -0.014380236045841498 0.046691473036687525 0.010881128268458579 0.183962695387295 103 image_000103.jpg

81 0.9849455806409099 0.1726829319902039 0.007575439110744025 -0.0023303291186475773 0.006056744517746454 -0.05385019283214751 0.3868284260070681 81 image_000081.jpg

126 0.9786479827987121 0.07565211402262592 0.19110571800027293 -0.0018659322259682882 -0.27898876571752823 -0.008920803425868089 0.3179435536647104 126 image_000126.jpg

127 0.9881381097552759 0.04473760604839858 0.14630975509296532 -0.013232285696316263 -0.21663229327448957 0.04860258705565333 0.4814410309571666 127 image_000127.jpg

128 0.9984821027799579 -0.04208470411213934 -0.03507056519237451 -0.005693735611703902 0.1935262899232189 0.013222618857906803 0.03130545642739737 128 image_000128.jpg

148 0.9768296790307355 0.0636526589688654 0.20231288411574014 -0.028663695822397993 -0.2823546215873962 0.010420898587036893 0.3393377849377375 148 image_000148.jpg

21 0.8979593164549239 0.017267790910731034 0.4240335684237055 -0.11647501564697332 -0.19313048947888845 -0.022073518981117615 -0.06453535075048725 21 image_000021.jpg

44 0.9972767014565308 0.04479063948177936 0.05719315524579147 -0.012724874430944567 -0.0334367961788178 -0.06579705750199694 -0.3490253057560897 44 image_000044.jpg

176 0.9961948072298275 0.0755036139642468 -0.04346476254807531 -0.0024329777420026687 0.2218980068775458 -0.02916652767984488 -0.12794347864179378 176 image_000176.jpg

53 0.9985820324943607 0.006337520741237456 -0.051820437909315446 0.010411722651479037 0.13790266888833586 0.04706268743588423 0.2637852532053684 53 image_000053.jpg

196 0.9626414793497278 0.058596609343779325 0.25695267417721307 -0.06215419678328494 -0.4174562903369149 0.0008498292555266102 0.11090787708004579 196 image_000196.jpg

77 0.9966095719465301 0.04829465269453521 0.06620810223485891 -0.007312603781626126 -0.0720760469669735 -0.0422633800700777 -0.23211452398958402 77 image_000077.jpg

219 0.9925924648239551 0.10825940749252957 -0.05488739569821425 -0.005241215063833173 0.10678267714112515 -0.006772092125536894 0.24617823007675554 219 image_000219.jpg

224 0.9203131072748577 -0.02322256324933479 0.37098711228832554 -0.12187312139050603 -0.21414876625824247 0.06336491927434484 0.24765360246686513 224 image_000224.jpg

157 0.9985347661411125 0.052859444486300845 -0.011129161853085651 0.003215040229838923 0.2229539902455482 0.0062827118183737185 0.07369501085378134 157 image_000157.jpg

50 0.9970710303561935 0.06974759263454834 -0.03004278469865259 0.009057883252341825 0.1614723474879034 -0.0010742658658858314 -0.021470528423164412 50 image_000050.jpg

227 0.9888974389314095 0.10977831910962978 -0.10012469376698746 0.002372163710256003 0.15352887108539676 0.029845988267851543 0.27212876708327643 227 image_000227.jpg

172 0.9964235515607703 0.0700700823339888 -0.04713828727141068 0.0028764212561385337 0.2142384639619972 0.01113900770880499 0.14638647423736748 172 image_000172.jpg

213 0.9979690914313472 0.06279992170731044 0.002431959793010968 -0.010389687393942403 0.09814448427592977 0.03457230887955182 0.39731127722270493 213 image_000213.jpg

162 0.9947067725079348 0.06655163902825567 0.0773133915986491 -0.012327469814743018 -0.16154678936639558 -0.01231686752545323 0.09299873321680327 162 image_000162.jpg

204 0.9923259329247446 0.10413573377427819 -0.06607159475848279 0.008917578934238881 0.22385439339531454 0.012737080255862301 0.2632863099547374 204 image_000204.jpg

179 0.9990156330825155 0.03672277725076021 -0.02399100666970324 0.006605519437184273 0.15049360404078124 0.06176175046641603 0.32525347011539313 179 image_000179.jpg

61 0.9973846511637995 0.04546376799277384 -0.055417394072081176 0.009264004500551055 0.21916510330835684 0.020244231191272857 0.1680505891985365 61 image_000061.jpg

199 0.970610203081926 0.12065708892027949 0.20659666042882274 -0.025990805406791554 -0.10042785538071486 -0.02419776758317671 0.3500534049879936 199 image_000199.jpg

198 0.9780268887370792 0.11881461487695093 0.17016595238740836 -0.019749510459661026 -0.04932491021636301 -0.011866969023151125 0.3707920585689747 198 image_000198.jpg

158 0.9948001091971698 -0.002270750500265214 -0.10159988226408374 0.006711877454381492 0.2914395567944965 -0.03146460613341538 0.039854767997249956 158 image_000158.jpg

