# Image list with two lines of data per image:
#   IMAGE_ID, QW, QX, QY, QZ, TX, TY, TZ, CAMERA_ID, NAME
#   POINTS2D[] as (X, Y, POINT3D_ID)
# Number of images: 529, mean observations per image: 41.009
392 0.9964735600626545 0.025204013287475225 -0.05673867117110839 0.05644394335941363 0.15795983446094244 0.12726121856079442 0.09638309053218054 392 image_000392.jpg

202 0.8090778865935405 -0.06585628617923447 0.057978635546012715 0.5811147777915412 -0.1258234638439554 -0.03578830677695537 0.19772734045259174 202 image_000202.jpg

267 0.9963494504458261 -0.07910518171237113 -0.022323006318862162 -0.023061329709070374 0.12913304229805392 0.03378761207981282 0.0558587438643319 267 image_000267.jpg

97 0.9919630916257733 -0.043320406812673865 0.11062944642817024 -0.04351653456715969 -0.0012290917664057699 -0.00667323676776544 -0.013541263534902506 97 image_000097.jpg

467 0.9996542478203574 0.008774229628567401 -0.014775107047325431 0.019902149657632873 0.04579051056875498 0.09726465401206226 0.17561400691187226 467 image_000467.jpg

69 0.9992716603566327 -0.006403225505442187 -0.029142626278599103 0.02378773485282155 0.08280370193326826 0.028377560215408746 0.08339259951711638 69 image_000069.jpg

150 0.9979209681330738 -0.02175794810387431 -0.04848042095544207 0.0364687942136118 0.01747269876132219 0.10013111716832532 0.15457161775894396 150 image_000150.jpg

120 0.9987549546307082 -0.036625086401370334 0.016639644077546638 -0.029500380766824326 0.012280300483860996 -0.0454331574688078 -0.05475009889557426 120 image_000120.jpg

480 0.9879910090142316 0.03242927946413541 0.13956493796655886 -0.05782496730724861 -0.21471176840304665 0.13001710976941797 0.3044146900493068 480 image_000480.jpg

389 0.9960138412955544 -0.011651646918855908 0.08408815645688135 -0.02738346502889005 -0.19752269725958593 0.06984193364689634 0.12309222734198647 389 image_000389.jpg

240 0.9918704476105654 0.038573917992477905 0.10383715019583455 -0.06263319261666529 -0.08177786783362193 0.10481002482475714 0.27887612441933435 240 image_000240.jpg

149 0.9970583816365318 0.05157362686788513 0.05462994704136673 0.015176201184634924 -0.16334194956966558 0.14533155788680957 0.4352540772580897 149 image_000149.jpg

445 0.9981416047749979 0.03308201139571941 0.046803662608828615 -0.02069632003601817 -0.07195711086243053 0.11081831820087391 0.3128570356593717 445 image_000445.jpg

324 0.9945794448030263 -0.04554472577379601 0.07982062200450024 -0.04864247226442792 -0.14767915955425384 0.2581713981641144 0.39415560149890594 324 image_000324.jpg

138 0.7372864393191717 -0.0573201333701819 0.07910763779830914 0.6684796896166025 -0.24669407167381122 -0.13421067373291456 0.5174268459537735 138 image_000138.jpg

187 0.9800926379198104 0.02022796189622535 0.18478205637324185 -0.0697483783450999 -0.1415737076454093 0.15724578533743758 0.36218841362326093 187 image_000187.jpg

519 0.9898127667546303 0.0718379363933572 0.12159833323613845 -0.01799546710171435 -0.1415683446902174 0.17455130945998387 0.573193335708578 519 image_000519.jpg

68 0.9938556148905401 -0.04065076530765856 0.08637366337166809 -0.056019000971739605 -0.17212746789806177 0.19380855769087188 0.29377034044434897 68 image_000068.jpg

525 0.9982901917819754 -0.0373418467751798 -0.022748905115502118 -0.038791422636449656 0.18263767375451506 0.11219773837420387 0.22393373730162566 525 image_000525.jpg

35 0.9949302506362866 0.014979781329718032 0.08763525141569793 -0.04700495125987019 -0.1364616303449822 0.23729145277524133 1.0198834064597546 35 image_000035.jpg

308 0.9960788189983744 -0.01282512465220889 0.07496639867306112 -0.0451945326734706 -0.06969150830867868 0.07298400222185103 0.021935175892420368 308 image_000308.jpg

430 0.6688440119617358 0.1383246114445328 -0.03524077801440194 -0.7295697417163097 0.1762335521231176 0.17881636384616642 0.6407163688282125 430 image_000430.jpg

328 0.9283677226821361 0.011491894631732846 -0.33253874440709214 0.165587675115823 0.6974518927756377 0.22792880968709572 0.4897761417843295 328 image_000328.jpg

107 0.9961506714594658 0.035042990149350986 0.076738468945921 -0.023812513254567087 -0.08655727070094958 0.16206485392275988 0.45996532603577006 107 image_000107.jpg

129 0.999216480797174 0.025158181117298492 0.02723311261253895 -0.01385101548712784 -0.036020567346357515 0.11461716046321381 0.3610227507229766 129 image_000129.jpg

390 0.9922920712158505 -0.037935326659447634 0.09664723210567637 -0.06765104134652643 -0.1874467888179019 0.0448866657965423 0.3277112271293447 390 image_000390.jpg

16 0.9999743933368298 -0.003469083127489451 -0.005935131010605321 -0.001987574404542209 0.01577363544714326 -0.01258453100831092 0.23312478945663573 16 image_000016.jpg

283 0.9990928426971836 0.021703801668730142 0.02826277333334432 -0.023316414714283917 -0.060786853377899734 0.016795004875665324 0.32956789064431247 283 image_000283.jpg

352 0.9363059464088392 0.06999244169367824 0.3264767861708899 -0.10883537960869463 0.2213142325111461 0.2085712798601408 0.6149631156169342 352 image_000352.jpg

358 0.9598071814669942 0.05124682750243164 0.2509153018043653 -0.11482787657952724 -0.17379801990155197 0.28431488299323665 0.2384357367023725 358 image_000358.jpg

218 0.9524499269149515 0.08470958383171406 0.2725527178887748 -0.10666982470091531 -0.07913452534677556 0.3262851436713785 1.1937118249375342 218 image_000218.jpg

92 0.9442585989399206 0.10038311550925337 -0.2920773007926252 0.11397270873403774 0.6880568545859796 0.15092170405087255 0.5204610759732864 92 image_000092.jpg

454 0.9965687610241738 -0.041407501511395696 0.06177212565013837 -0.03633625094797818 -0.07608348321814142 -0.10731151537059178 -0.19219658376747326 454 image_000454.jpg

518 0.9910535715647247 -0.13144096941209188 -0.012525597422027602 0.01947326980170117 0.11863511008619629 0.10119134016816823 0.08701159214699354 518 image_000518.jpg

