# Image list with two lines of data per image:
#   IMAGE_ID, QW, QX, QY, QZ, TX, TY, TZ, CAMERA_ID, NAME
#   POINTS2D[] as (X, Y, POINT3D_ID)
# Number of images: 84, mean observations per image: 356.512
159 0.9448413022219214 -0.039479920355012195 0.3088436897102048 -0.10164552215811067 -1.0327087087014517 -0.2050482078641955 -0.6264042444775983 159 image_000159.jpg

161 0.9292870499932273 0.01902441958501501 0.36554636423343806 -0.04939128497667129 -0.7465092411147255 -0.04991897867048621 -0.03890120116865514 161 image_000161.jpg

351 0.9614061382309775 0.021996464295537012 0.2644057874695603 -0.0728283389713542 -0.5913730580287042 -0.027956606028299802 -0.1842762314189987 351 image_000351.jpg

487 0.9882175103683148 -0.0069933594124890475 -0.149287012349549 0.033024532921838365 0.6146966036491981 -0.012556685706564784 -0.16861319601492877 487 image_000487.jpg

141 0.933777326664912 -0.007603474949620603 0.3457167263999077 -0.09209789155834495 -0.7268398372985765 -0.025713612169966652 -0.063428901621565 141 image_000141.jpg

142 0.9327682562199896 0.009421576491363362 0.35229686575807007 -0.07577286825855684 -0.7233811313248365 -0.007946625342191982 0.0027796200582833053 142 image_000142.jpg

175 0.932423399329852 -0.03875680531467665 0.3424337408411366 -0.10873666392860536 -0.7038734574704089 -0.09782511114043824 -0.2774404352946336 175 image_000175.jpg

493 0.9474386160937538 0.007257754780283986 0.3081984840935286 -0.08556342269149562 -0.5696008218589963 -0.043319333197041565 -0.20759060460524212 493 image_000493.jpg

274 0.9428774760338388 0.005578544168301243 0.32404832844377596 -0.0770949815291525 -0.6455736953790119 -0.029215718521785537 -0.07526319091134182 274 image_000274.jpg

339 0.6465761504084575 0.14529408170795377 0.1402889234771735 -0.7356275213227029 -0.21791549588297382 0.5713339292414145 -0.8994551846350414 339 image_000339.jpg

84 0.9752027353839495 0.008049346898476441 0.2138390913343129 -0.05645951776976415 -0.45591274149800687 -0.08781957831826394 -0.3737621916689451 84 image_000084.jpg

498 0.9831697595299708 -0.09381146480649658 0.1442291421397078 -0.0614376536124826 -0.2586909178233754 -0.22511519452128154 -0.49462628876634335 498 image_000498.jpg

439 0.9228833353308206 -0.012145376926354366 0.36897084743455505 -0.10954162983598394 -0.8832232142494272 -0.05972865459341719 -0.24866718915487868 439 image_000439.jpg

447 0.9866743664658917 -0.015791871462505325 0.15955445014965608 -0.027689226980185343 -0.5187781969139464 -0.12634374508775006 -0.39772677934619194 447 image_000447.jpg

96 0.9907937506072656 -0.03175227315413835 0.12623854585325528 -0.03719366051466245 -0.2658348370381187 -0.27641539874564125 -0.8404486836124562 96 image_000096.jpg

384 0.9499532661197739 -0.02689013626498839 0.2964401669692864 -0.09481000002428823 -0.5988848401002134 -0.19421318994611222 -0.6382365795304578 384 image_000384.jpg

146 0.9515774737212416 0.013451055479372613 0.3021007894738635 -0.05526761475204138 -0.5361217011774595 -0.1043778992838985 -0.4193853126744936 146 image_000146.jpg

83 0.9468329891334322 0.028525034316184774 0.3102771734554208 -0.08013546209262216 -0.9015745443179506 -0.02956018149409169 -0.3246160920197695 83 image_000083.jpg

278 0.9745428381594489 -0.0077233465645717755 0.21239577299422654 -0.07137671263244871 -0.44918233398887597 -0.12137288449974484 -0.49209223562896637 278 image_000278.jpg

313 0.9640349527959454 -0.01598846773646602 0.25489960568430664 -0.07353346797767135 -0.5920652817509615 -0.1880685602513209 -0.6397578579946701 313 image_000313.jpg

443 0.9364625622987507 -0.004732938900394744 0.33847681420151515 -0.09191790760073547 -0.5739884416477613 -0.05677083812875848 -0.24737540927061466 443 image_000443.jpg

62 0.9792307488613526 -0.024601146488388768 0.1966151139757145 -0.04294663618352249 -0.5521756584908584 -0.09962280757709457 -0.2754610094950381 62 image_000062.jpg

448 0.955529276175936 0.020791199029736144 0.28060034390388944 -0.08828918900253466 -0.7712397548925692 -0.028598985990348984 -0.2562841666623986 448 image_000448.jpg

345 0.9765857542663957 -0.020194001694612003 0.20499794132464857 -0.062034825186359936 -0.6798286510152449 -0.12379435640185502 -0.4438193418356833 345 image_000345.jpg

113 0.8968116181714311 -0.04142582420144599 0.4224534837004433 -0.12468315771905411 -1.0739674660737064 -0.04941865348709641 -0.1457721815172469 113 image_000113.jpg

112 0.9352686004432158 0.029251468369279495 0.34342197849344086 -0.080488215162262 -0.7170002030401748 0.004490060888328873 -0.055297041165255634 112 image_000112.jpg

145 0.9449024900541639 -0.06893997263126626 0.280007610834192 -0.15492677169829722 -0.9206877126240252 -0.09340527992210872 -0.4317245957657877 145 image_000145.jpg

147 0.9248124127561684 -0.037014593879792786 0.36252528802664974 -0.10921235685954768 -0.9344179763707126 -0.13607931198210166 -0.40467867041889793 147 image_000147.jpg

63 0.9330109242673785 0.01714434976125518 0.3497344602162118 -0.08296087408992239 -0.9470455616379191 -0.04573305351909329 -0.27600257866269867 63 image_000063.jpg

110 0.9491562056948857 0.009522154246358137 0.3040049981485359 -0.08119606970905638 -0.5851606653420101 -0.06250881093014993 -0.3184519840754334 110 image_000110.jpg

494 0.9545902873808806 -0.002232009068215055 0.2856456744384331 -0.0846105429532357 -0.7020123818974132 -0.010173889227486074 -0.14793267007994065 494 image_000494.jpg

55 0.9549893098509794 -0.011267921790338718 0.28661334180921433 -0.07563884238540017 -0.5313664095333158 -0.09694697116283726 -0.3509760923365719 55 image_000055.jpg

221 0.9616431371679515 0.022068279557758527 0.26444942177521413 -0.0694404723538779 -0.7492790264458946 -0.013478829244107655 -0.4148045178231739 221 image_000221.jpg

205 0.9709097993084181 -0.05758480511442201 0.20142122749698976 -0.11596391214774479 -0.3841823518774354 -0.27553708386052367 -0.8245261581215377 205 image_000205.jpg

151 0.9334450985528583 0.031012843990483225 0.3522138281546818 -0.06052986422092726 -0.8116317514334133 -0.04072406119949511 -0.14368635433724103 151 image_000151.jpg

327 0.9319777909960215 -0.044123729196078515 0.3472633580872766 -0.0942265922563686 -0.8943301388408111 -0.07740589093024665 -0.20518268056875538 327 image_000327.jpg

268 0.99672184694141 0.07966240283039085 0.014112836771030021 -0.0005462592633601034 0.2389054967778548 0.010680642915169222 -0.24958820366584458 268 image_000268.jpg

114 0.9525491613971511 -0.0019771368281620402 0.2969045119443457 -0.06703658716870901 -0.5630040083762035 -0.09044542912761082 -0.31842341896420606 114 image_000114.jpg

401 0.9416484050817308 0.025513541065729402 0.3261616197526473 -0.0791576433359299 -0.7609119804264266 -0.013616595461006117 -0.14119964727360224 401 image_000401.jpg

474 0.9591562023875967 -0.03638621006579465 0.26933822881634095 -0.07843695511235237 -0.7440456150552137 -0.09677316186141065 -0.26099020056608624 474 image_000474.jpg

100 0.9376629949079646 0.05347470994020445 0.34298689747279515 -0.016986478346760803 -0.7116525932670459 -0.06776829107487835 -0.05126522025360081 100 image_000100.jpg

363 0.9885866163109946 0.0657740408631303 0.13231583004587597 -0.029373520002363568 -0.6142256140723779 -0.02522316814278862 -0.39258066041373063 363 image_000363.jpg

74 0.9794236306974656 0.019635409710438607 0.18701872647403497 -0.0732652122648232 -0.5877479954929579 -0.06600395521185465 -0.29453407914721375 74 image_000074.jpg

456 0.9710381488202878 -0.0832097900876172 0.19134414783897552 -0.11639784126143926 -0.45487184617549703 -0.3818826779103279 -0.9115152234579609 456 image_000456.jpg

67 0.9446247593651034 0.004456031155513248 0.3205572334342066 -0.07005178541334067 -0.785342713481054 -0.0746554328000184 -0.26828476721118377 67 image_000067.jpg

288 0.6657195757546689 0.09379573653824791 0.11316790944675233 -0.7315824846731261 -0.20823868981700927 0.431710045590439 -0.6955487852182359 288 image_000288.jpg

396 0.9309806982490787 -0.06320285576369238 0.3347715848342293 -0.13118056636764722 -1.150748781808001 -0.16461907677198223 -0.6910544025064245 396 image_000396.jpg

397 0.9520254706233242 0.06536438560899262 0.29466962848760886 -0.050445998807856995 -0.9241737333220846 -0.09095166496588947 -0.045087342659907326 397 image_000397.jpg

173 0.9343558572279045 0.02793680566203085 0.3451420932408547 -0.08411667329423206 -0.710598919194227 0.01419949819817442 -0.04738316666027148 173 image_000173.jpg

163 0.952632597957542 -0.005226921826884349 0.28989178115884257 -0.09179624447734974 -0.7723621737000881 -0.0878476435884942 -0.46404896324055356 163 image_000163.jpg

333 0.9708605572348622 0.10198772877515684 0.21079726554743566 -0.05091947462274653 -0.576118762156296 -0.0007077128924005416 -0.5421933411287577 333 image_000333.jpg

75 0.9497017860184873 -0.014741128113666986 0.30118416800919495 -0.08448266662057952 -1.031225858399563 -0.11134961856283199 -0.5987348855551143 75 image_000075.jpg

22 0.9827000550658648 -0.12135197451907405 0.13226694680462933 -0.04560415347934296 -0.26130645680392806 -0.49278623684228573 -0.8600130213991094 22 image_000022.jpg

346 0.7680331291038107 -0.12044739482689959 0.5845130212454706 -0.23229741573640056 -1.7963285830242468 -0.01795269837673194 0.14252423054602692 346 image_000346.jpg

281 0.9954873694468974 0.03366665792669721 -0.08856228619348148 0.005308479524937555 0.6216707851061913 0.17542939452123768 0.5725548857246046 281 image_000281.jpg

