# Image list with two lines of data per image:
#   IMAGE_ID, QW, QX, QY, QZ, TX, TY, TZ, CAMERA_ID, NAME
#   POINTS2D[] as (X, Y, POINT3D_ID)
# Number of images: 529, mean observations per image: 6.955
314 0.9985432613627909 -0.028521747277505154 -0.028193228887840482 0.036097182427269246 0.041708122639002435 0.021257407208515933 0.03352653210968022 314 image_000314.jpg

330 0.9913987878470921 -0.00012558846126414124 -0.12304069323542434 0.04460286583656344 0.23047820528420165 -0.08290167968001702 -0.5253682100739709 330 image_000330.jpg

479 0.9959084076541315 -0.05918071187630747 -0.06585618723445913 0.01808423908877024 0.11398529453814205 -0.09348129530899785 -0.3284648247252203 479 image_000479.jpg

449 0.981979010452162 -0.02989225341907602 -0.17913375339085544 0.052295042297484225 0.16471607258964274 -0.029578722839437653 -0.15450000440529288 449 image_000449.jpg

362 0.9677311673462403 -0.045812618081455606 -0.24224382621917018 0.05211065216747985 0.4126544666954764 -0.1120091781447185 -0.4951577847760107 362 image_000362.jpg

342 0.993248800293971 -0.04801388068205392 -0.09260559259130159 0.05075124148601004 0.11507355711757664 -0.082938210086686 -0.3255372346457941 342 image_000342.jpg

311 0.9827561015982541 -0.09237056219327408 -0.1499409954957569 0.0563543561841208 0.2402236585410209 -0.12012932821074739 -0.37577425909102113 311 image_000311.jpg

497 0.999514792466084 0.010139801667133195 -0.005430451366096568 0.02894608127515211 0.015763131535716044 0.060485444294405236 0.3364517053928017 497 image_000497.jpg

460 0.9961673851417392 -0.017451675186342698 -0.07700314477901883 0.03763619256230627 0.09416461050694411 -0.02832445852439642 -0.15792837654155809 460 image_000460.jpg

461 0.9984846601914364 -0.03954259490626819 -0.029742382672601868 0.024086456722576834 0.05930621608558659 0.027641850198692773 0.12620244544063475 461 image_000461.jpg

386 0.9995329202174504 0.0053602058925941295 -0.01401759750597983 0.02662192277649691 -0.05842794215748121 0.06626937168821273 0.38152515219760114 386 image_000386.jpg

521 0.9818364263477044 -0.024594094833012455 -0.17917248646334324 0.05735508240090166 -0.023772640537542716 0.038166809872914736 0.07180166011806292 521 image_000521.jpg

434 0.9883754616684574 -0.0016984661185044506 -0.1447803239729537 0.0463649941615672 0.17315642895774436 -0.040148066909760784 -0.27951211158797035 434 image_000434.jpg

506 0.9980257154703392 -0.02450677812791395 -0.04806460926028684 0.032154148580668084 -0.017251474360498016 -0.020218078442751423 -0.10770775741760413 506 image_000506.jpg

457 0.9879430307116214 -0.007844965209922405 -0.1466348194450607 0.049043383510423325 0.20965187473858843 -0.05190788567486048 -0.32016493347135033 457 image_000457.jpg

523 0.9686974536256253 -0.06988087868403423 -0.23816946249854104 -0.004148041739352045 0.264681883418596 -0.0845109289568464 -0.1360255376863504 523 image_000523.jpg

409 0.9879528689289386 -0.007838349258863328 -0.1466149453268326 0.04890538742981022 0.20954263847602306 -0.051958367085108856 -0.3197856952792662 409 image_000409.jpg

514 0.9992279756054228 0.004402317419950682 0.02149545544320335 0.032588533794190314 -0.04707468858729012 -0.013722549604638035 -0.056418323663383674 514 image_000514.jpg

322 0.7184361938933123 -0.18907232393685708 0.10012653471406956 -0.661872987558695 -0.43423181513215886 -0.14352872331833355 -0.6773854232576919 322 image_000322.jpg

382 0.9919882300171635 -0.0936639045267463 -0.07268238492760433 0.043631439103715315 0.18825294841277923 -0.1720763445468078 -0.48175190090740894 382 image_000382.jpg

354 0.9564374570245132 -0.0829853883700585 -0.259039881119678 0.10601491039486524 0.6360797907588651 -0.09944286324455774 -0.3451610287059959 354 image_000354.jpg

485 0.9982893574862899 -0.04539754654789936 0.03639252618603198 0.0057441352797575505 -0.18632634884489857 0.02649401246561017 0.08851589817870273 485 image_000485.jpg

423 0.9892645015878525 -0.003522339759972541 -0.1382240571998839 0.04730160302818325 -0.0817575800545936 0.04096573149965076 0.24000703895020253 423 image_000423.jpg

303 0.9957749435863014 -0.07483569962036718 -0.036512205314716877 0.03871359356196321 0.24991749104268215 -0.23608615613094835 -0.7279003288894952 303 image_000303.jpg

400 0.9978901903252627 0.02453756061588034 -0.052802760003513985 0.028721743970812137 0.18726646246306206 0.012084918042231984 0.25559476628516387 400 image_000400.jpg

329 0.982298518857987 -0.04835889211884617 -0.16543646921364655 0.07336088733525256 0.3999258577663753 -0.08128435138555339 -0.383675979799294 329 image_000329.jpg

520 0.9915641875442902 -0.01566958798090918 -0.07747384951342363 0.10272645367163874 0.14302935306422182 -0.09443762431962702 -0.566225022462909 520 image_000520.jpg

348 0.9434341330736776 0.0028328160795867297 -0.3261903223483769 0.059362372842631024 0.6664103673641526 -0.05207935371313359 -0.2599245783433288 348 image_000348.jpg

422 0.9993105240015636 0.004973427787573404 -0.025289919798823397 0.02672391778777308 -0.023302386261115138 -0.01502570781676177 -0.10378519835337201 422 image_000422.jpg

359 0.9676589359176566 -0.19197924266016275 -0.13763345489741452 0.08852788160365443 0.4016981738194096 -0.38914992517086666 -0.6682760995122852 359 image_000359.jpg

424 0.9928629070689997 -0.0026753956818746957 -0.1158137606600553 0.028342028300389042 -0.024862074659253382 0.02396909104142691 0.1311212623618172 424 image_000424.jpg

394 0.7555658425995488 -0.11942084608795996 0.008774564617190365 -0.644035666960022 -0.2231391891656803 -0.22475036228115636 -0.6945073245749316 394 image_000394.jpg

428 0.9869036817580356 -0.11047647458167238 -0.09511665681013987 0.06905725182858682 0.27835712805420626 -0.2904387265609126 -0.7596888423722037 428 image_000428.jpg

302 0.999999850988377 0.00014415906445631015 -0.00017061274043334696 -0.0004989835304090481 0.0001204647171386886 8.542463236327123e-05 -0.00017936713296733231 302 image_000302.jpg

471 0.9964096241678957 -0.05651789364003111 -0.05304675782343912 0.03405331277816642 0.14811978589909258 -0.09694926904949867 -0.37035839756359246 471 image_000471.jpg

383 0.9979354512524582 0.025895326922003827 -0.046459849773906006 0.03599668590118769 -0.01823274691344417 -0.011835070243972281 -0.11247718811507938 383 image_000383.jpg

