# 3D point list with one line of data per point:
#   POINT3D_ID, X, Y, Z, R, G, B, ERROR, TRACK[] as (IMAGE_ID, POINT2D_IDX)
# Number of points: 883, mean track length: 4.17
0 -0.0107833065432178 0.04898619849604892 0.8432861787498342 97 56 37 0.45 314 0 330 0 479 0
1 0.3584851640101258 0.09733396587091493 0.388959721671791 116 83 53 0.25 311 0 342 0 362 0 449 0
2 0.4736966566881635 0.1092758512870123 0.3649487819337956 14 8 7 0.6 449 1 460 0 461 0 497 0
3 0.2604942039498934 0.09193905598731208 0.4498789827358289 123 108 88 1.98 362 1 386 0
4 0.2735675303159497 0.09780577847134618 0.4480492591036615 79 55 39 0.77 362 2 434 0 449 2 506 0 521 0
5 0.4212776659129977 0.1342328010315434 0.3723797758638954 96 73 57 0.36 434 1 449 3 457 0 460 1 461 1 523 0
6 0.4714415059044957 0.1360442918772513 0.339914984740259 78 54 27 0.43 330 1 409 0 514 0
7 0.4705240330445177 0.1396195929457205 0.3372229098423158 55 40 26 0.32 342 1 409 1 449 4 457 1
8 0.08678346033072348 -0.2609052450958478 1.117592070784759 84 65 66 1.15 314 1 322 0 342 2 382 0 409 2 461 2 506 1 523 1
9 0.05767462126329537 -0.2020901197276465 1.03583511214736 90 58 41 0.56 303 0 314 2 322 1 330 2 342 3 354 0 382 1 386 1 400 0 423 0 460 2 461 3 485 0 497 1 521 1
10 0.1167699159282324 -0.187732952618332 1.080247979714458 194 200 202 0.52 329 0 330 3 434 2 449 5
11 0.04055289813585206 -0.1862779592043596 1.015662168643045 77 52 45 0.49 303 1 314 3 322 2 342 4 386 2 400 1 497 2
12 0.1125008529327919 -0.1495968711912608 0.9447118051709398 81 60 57 1.25 342 5 460 3 520 0
13 0.04620046470745753 -0.1649072887791786 1.012669366886397 88 65 51 0.39 386 3 423 1 497 3
14 0.1332217439276537 -0.1234937790920932 1.059564099818542 115 92 84 0.54 311 1 314 4 449 6 461 4 497 4
15 0.1372137471984901 -0.1020700398619301 1.061036642128308 122 102 88 0.52 311 2 314 5 386 4 449 7 461 5 497 5
16 0.127544591021904 -0.03363488296045768 0.9780333671923114 204 171 124 0.17 386 5 449 8 497 6
17 0.1664948848334107 0.02786465727984646 0.8755296063314362 97 48 22 0.4 329 1 330 4 382 2 386 6 409 3
18 -0.03664131687969951 0.02849435608820639 0.8768030622358969 156 95 51 0.34 303 2 330 5 342 6 382 3 457 2
19 0.1069405933249526 0.04807647616331175 0.8394726149179397 135 92 52 0.38 342 7 382 4 386 7 400 2 461 6 497 7 521 2
20 0.0951082496794956 0.05040270514310406 0.8232006356755854 104 59 40 0.43 342 8 382 5 386 8 400 3 423 2 460 4 497 8
21 0.2619495936587881 0.08862484543326812 0.4629507670277244 148 120 84 0.62 362 3 434 3 449 9 523 2
22 0.2605228541243801 0.08920042967896197 0.4682916446841813 215 154 86 0.37 330 6 409 4 449 10 457 3
23 0.3507666898222181 0.09478246721454324 0.3814941275883874 106 72 51 0.34 342 9 386 9 434 4 449 11 460 5 461 7 479 1 497 9 506 2 521 3 523 3
24 0.3571237083838758 0.09609747548154422 0.3893932718135013 41 28 20 0.53 329 2 342 10 434 5 449 12
25 -0.02699435266667383 0.1245132458516231 0.8226658388642076 78 56 41 0.48 330 7 386 10 400 4 409 5 423 3 457 4 460 6 497 10 514 1 521 4
26 -0.01155895216573077 0.1268667893236528 0.8086996587573483 170 139 103 0.43 382 6 409 6 423 4 497 11 521 5
27 0.1401404596222597 0.1225528736520682 0.6156009709262993 66 35 24 0.32 330 8 460 7 461 8 506 3 520 1
28 0.2252129469612442 0.1192349427185985 0.5108474470381825 80 47 26 0.3 330 9 342 11 386 11 409 7 460 8 461 9 520 2
29 0.4508228192288287 0.1292170347185829 0.3468429614364592 160 131 98 0.79 342 12 434 6 449 13 457 5 479 2 523 4
30 0.09644884977411916 0.1572894882450494 0.6642899772233866 96 51 35 0.47 329 3 382 7 423 5 457 6 460 9
31 0.1658931941408566 0.1433274060495949 0.5639967313500589 217 159 94 0.18 330 10 409 8 457 7
32 0.0186877614724329 0.1913707414793239 0.7516490675733078 100 69 46 0.71 303 3 330 11 386 12 457 8 460 10 521 6
33 0.06765491848454186 0.2018482319702348 0.6690414447768886 72 50 33 1.23 330 12 354 1 409 9 423 6 514 2
34 0.09409658891146633 -0.2494676918585565 1.100940894286016 199 204 208 0.76 322 3 386 13 460 11 461 10 506 4
35 0.08981739694542623 -0.1739583849431921 1.049725284167405 91 55 37 0.82 314 6 342 13 382 8 386 14 409 10 460 12 485 1
36 0.04759517752455833 -0.1441791731678053 0.9975686017973613 71 42 29 0.43 303 4 314 7 322 4 342 14 354 2 382 9 386 15 423 7 485 2 506 5
37 0.04579408729150247 -0.124453207100465 0.9859996464786016 83 44 30 0.55 303 5 314 8 322 5 354 3 382 10 386 16 460 13 497 12 514 3
38 0.1552564901994832 -0.04008278511063257 1.04818819264381 123 116 122 0.61 314 9 400 5 449 14 460 14 497 13
39 0.15539395138015 -0.03987383700132668 1.047249989053224 120 108 114 0.28 314 10 342 15 449 15 460 15 461 11 497 14
40 0.1613429548388236 -0.02867241513619971 1.038119676242966 196 209 220 0.4 329 4 330 13 342 16 348 0 409 11 434 7 449 16 461 12 523 5
41 0.04925741759012203 -0.01172785793323036 0.8685283279300919 153 103 65 0.57 330 14 386 17 423 8 460 16 497 15
42 0.4847631840204532 0.08825500902701862 0.3698625693473723 127 104 76 0.25 386 18 400 6 434 8 449 17 506 6
43 -0.01619035528639745 0.06859728791406358 0.8445109725801239 161 126 82 0.19 342 17 434 9 449 18
44 0.3515611248763988 0.08132699028064484 0.384421053840901 81 46 34 0.92 434 10 449 19 460 17 497 16
45 0.3972897818134644 0.08393551866452768 0.362803045276656 99 80 64 0.65 386 19 449 20 497 17 506 7
46 0.3403405571089609 0.08127115357354558 0.3732467782009278 108 74 62 0.25 330 15 362 4 449 21
47 0.3481176781797946 0.08706352811663888 0.3830204726713243 86 57 36 0.32 342 18 434 11 449 22 461 13 479 3 497 18 523 6
48 0.3558383623303799 0.08933922823377358 0.3874671543316412 95 65 47 0.17 386 20 434 12 449 23 460 18 497 19 521 7
49 0.1795846247527753 0.1156682275220637 0.5745856997746983 44 29 21 0.55 322 6 342 19 386 21 409 12 423 9 457 9 460 19 461 14 497 20 521 8 523 7
50 0.3699150270300948 0.112988379496244 0.3973777975836451 27 22 17 0.46 342 20 423 10 449 24 457 10 461 15 497 21 506 8 521 9
51 0.07210080136494668 0.1336828580211971 0.7058194436252532 168 119 70 0.25 382 11 409 13 423 11 457 11 460 20 461 16 497 22
52 0.4512367387426301 0.1269188559734221 0.3481588269277715 149 116 79 0.44 342 21 409 14 434 13 449 25 457 12 460 21 523 8
53 -0.05047780504633326 0.1590220605647402 0.8492001679798558 113 88 69 0.69 330 16 342 22 460 22 497 23 520 3
54 0.0706084544686153 0.1967661718281494 0.6600466950930337 118 87 68 0.47 330 17 423 12 460 23
55 0.0519677052615013 -0.2221377185924006 1.041631299788452 72 49 43 0.68 314 11 342 23 354 4 382 12 386 22 423 13 497 24
56 0.1422817044105957 -0.088047110161216 1.056282253408084 184 201 220 0.47 314 12 342 24 386 23 449 26 460 24 461 17 497 25 521 10 523 9
57 0.3481589205640284 0.08050152653166247 0.3835542573683642 48 31 22 0.3 330 18 342 25 362 5 449 27 457 13 521 11
58 0.3619766736888054 0.07699123297438792 0.391295688054948 110 80 56 0.34 342 26 386 24 449 28 457 14 460 25 497 26
59 -0.1818585891296139 0.1054996005037622 1.055574634638961 71 52 42 0.87 330 19 348 1 386 25 423 14
60 0.1559347769876118 0.1630912462863586 0.5607088428739546 139 108 78 0.49 386 26 423 15 434 14 449 29 521 12
61 0.1810924191476661 0.1574523468761007 0.5469833912888076 48 30 21 0.36 330 20 354 5 423 16 461 18 514 4 521 13
62 0.1007620336358616 -0.2313199912450641 1.088949157501068 94 78 78 0.89 314 13 342 27 382 13 386 27 423 17 460 26 461 19 497 27 521 14 523 10
63 0.4760397171380473 0.09150446527245736 0.3569398787771627 161 134 90 0.34 386 28 434 15 449 30 461 20 506 9
64 0.4926117520827089 0.09541153652077006 0.368550074521964 189 156 96 0.27 400 7 449 31 457 15
65 0.4280321236481677 0.1177755325385926 0.373838883287357 31 23 18 0.78 342 28 423 18 449 32 460 27 461 21 523 11
66 0.297007638248531 0.1140602360316202 0.4073673608621974 167 109 57 0.16 382 14 434 16 449 33
67 0.317853767495056 0.1123602080747766 0.3821311046055834 162 114 76 0.44 330 21 342 29 460 28 520 4
68 0.1538210611319105 0.1636278943581948 0.5464928702955267 51 29 22 0.53 386 29 423 19 434 17 449 34 497 28 521 15
69 0.1813825344241485 0.1644265782871446 0.5682718294583451 173 129 85 2.0 342 30 434 18 449 35 514 5 520 5
70 0.2027126927359468 0.1563073977278216 0.512964693058906 151 121 91 0.67 342 31 348 2 354 6 434 19 457 16 520 6 523 12
71 0.3756753228760147 0.07742030012579763 0.3974530147309566 45 23 14 0.55 330 22 386 30 434 20 449 36 457 17 514 6
72 0.3806097567742691 0.07947502113418164 0.3963421103014379 201 157 89 0.84 330 23 409 15 434 21 449 37 514 7 521 16
73 0.1668416898651666 0.1162935536081043 0.5842136445720929 57 34 23 0.39 329 5 342 32 382 15 409 16 423 20 457 18 460 29 497 29 506 10 521 17
74 0.4703689318939549 0.08371498214884573 0.3394787722913185 78 56 33 0.69 342 33 449 38 514 8
75 0.4889862543028174 0.08975225055512059 0.3701277407006501 114 92 67 0.65 400 8 434 22 449 39 497 30 506 11 514 9 521 18
76 0.5010788882253163 0.09316325741928905 0.3805831590545362 133 107 85 0.73 400 9 449 40 460 30 497 31
77 0.4111729559798049 0.08366408918778774 0.369231495772069 104 84 49 0.46 342 34 386 31 449 41 514 10
78 0.4687860628647111 0.08945488350649701 0.3525087593968617 162 132 90 0.43 386 32 409 17 434 23 449 42 457 19 461 22 506 12 514 11 521 19 523 13
79 0.4851005358232978 0.09323353575945478 0.3648415730624801 158 129 89 1.01 386 33 400 10 409 18 449 43 460 31 461 23 506 13
80 0.2377068736584392 0.1000290484394365 0.4970355185168644 166 132 92 0.89 330 24 342 35 382 16 409 19 457 20 460 32 479 4 506 14 520 7 521 20
81 0.2106541054033414 0.1475750205307129 0.521745121072954 180 139 89 0.62 386 34 434 24 449 44
82 0.1082068464200677 -0.2046273269478875 1.078232484259295 139 107 82 0.95 314 14 330 25 386 35 461 24 485 3 497 32 506 15 521 21
83 0.0629199349495686 -0.09138651633482056 0.9770750506929393 81 57 42 0.53 303 6 329 6 497 33
84 0.1296633717551966 -0.02791496957109498 0.963494447032244 203 171 119 0.53 386 36 449 45 497 34
85 0.01558216412671298 -0.04309323093316751 0.9181746287411727 185 150 86 0.46 329 7 330 26 386 37 514 12
86 0.3581437893248218 0.1010225899587956 0.3882234641668735 81 61 46 0.25 449 46 506 16 521 22
87 0.1698854663555978 0.1678337055808312 0.528727104653544 143 97 57 0.6 449 47 479 5 521 23
88 0.1699410208202666 0.1679922735829956 0.5284710275473203 212 139 77 0.55 434 25 449 48 514 13
89 0.1158640890844405 -0.162833884058729 1.074026018030725 135 95 68 0.58 314 15 330 27 382 17 386 38 409 20 461 25 485 4 497 35 521 24
90 0.1225484264329019 -0.1407823080157642 1.064189014206852 105 69 54 0.88 314 16 330 28 386 39 423 21 460 33 461 26 485 5 497 36
91 0.1288438944197899 -0.1259826262515969 1.068438198157478 145 114 116 2.0 348 3 506 17
92 0.06138830467491552 -0.07843944031024708 0.966038925424936 180 141 91 1.0 330 29 386 40 497 37 514 14 521 25
93 0.4275782612187807 0.08445087138715922 0.3659139205618523 194 162 117 0.45 434 26 449 49 497 38
94 0.3692025837107153 0.0383734354175853 0.3903643960292709 101 73 56 0.41 354 7 434 27 449 50 523 14
95 0.08210821210805519 0.1047570371901418 0.7108901266398528 98 60 33 0.47 303 7 434 28 449 51
96 0.331675175450569 0.06804202565647696 0.3680184192619053 34 25 21 0.39 342 36 386 41 434 29 449 52
97 0.03841315746602647 -0.2063003875999188 1.022917901135974 94 58 42 0.54 303 8 314 17 330 30 354 8 386 42 461 27 485 6 497 39
98 -0.008009063046096832 -0.04027594329000349 0.9138531033338095 71 34 25 0.34 303 9 314 18 342 37 382 18 506 18
99 0.1895320072320074 0.1153997653145134 0.5574214353304576 148 112 72 1.4 434 30 449 53 506 19 523 15
100 0.1161780097722094 0.1407915472497011 0.6197753051449317 66 29 16 0.34 303 10 434 31 449 54
101 -0.06859569920328212 0.113005787896298 0.9031937373825429 171 124 83 0.47 348 4 434 32 449 55
102 0.07605518263891287 -0.3032174511845841 1.097046517280173 178 162 142 1.14 303 11 354 9 497 40
103 0.05778063562904379 -0.221514110328529 1.04581375537254 74 43 32 0.65 303 12 314 19 322 7 342 38 382 19 386 43 409 21 460 34 485 7 514 15 523 16
104 0.07835671858537274 -0.2352999913252916 1.069666565860855 95 57 32 0.59 303 13 330 31 354 10 382 20 386 44 409 22 514 16
105 -0.03022002467676776 -0.06460423484075623 0.9653051233624397 59 38 27 0.71 329 8 434 33 449 56 523 17
106 0.01721101423337512 -0.05107709536795396 0.9220602028620295 194 147 95 0.48 330 32 354 11 382 21 386 45 423 22 497 41
107 -0.013805328705496 0.03737662054907856 0.855998849439364 184 128 69 0.37 330 33 348 5 382 22 386 46
108 -0.0263296233056296 0.05885761469750216 0.858370209024192 91 40 20 0.35 303 14 434 34 449 57
109 0.1815528855992067 0.1006870192426236 0.5647946286248446 91 67 49 1.83 386 47 423 23 497 42
110 -0.02345412282190051 0.1324289010053505 0.7968900874260094 110 78 50 0.9 303 15 434 35 449 58 523 18
111 -0.02751051297002804 0.160071178448272 0.8240630542307106 166 130 88 0.18 329 9 434 36 449 59
112 -0.02889853774703 0.1625545634664708 0.8221179593478278 58 39 33 0.37 329 10 342 39 434 37 449 60 520 8
113 0.2594652266817553 0.1521778949057739 0.4252918168039326 177 122 71 1.15 311 3 329 11 449 61
114 0.0527585551250157 -0.2402700291259069 1.050379305505148 71 42 31 0.7 303 16 322 8 330 34 354 12 423 24 514 17
115 0.04312427111553596 -0.1827930582464724 1.014944748771674 161 111 66 0.3 303 17 354 13 485 8 514 18
116 -0.03826806109613601 -0.05578675908573145 0.9737508357215909 161 89 42 1.32 303 18 330 35 348 6
117 -0.07798825578509716 0.09637346129358366 0.8942979155667821 53 28 20 0.44 303 19 342 40 382 23 479 6
118 -0.02304850678983827 0.09630261205349795 0.8363302989143648 66 46 38 0.67 329 12 342 41 348 7 434 38 449 62 520 9
119 0.1243680052745251 0.1106019035135431 0.6397650435082596 88 55 33 0.89 303 20 330 36 342 42
120 -0.03519623579967335 0.1827875620634584 0.8308465218502423 148 121 88 0.28 342 43 386 48 434 39 449 63
121 0.1230622126548183 0.1869227950453997 0.594711440827226 134 92 62 0.8 303 21 330 37 409 23
122 0.05091040376572298 -0.2023924297280536 1.030295913710814 59 36 35 0.61 303 22 314 20 322 9 354 14 423 25 460 35 485 9
123 0.05064689413994816 -0.2022163481944732 1.030339641380101 70 40 35 0.45 303 23 423 26 460 36 485 10
124 0.04762670007191649 -0.1829997263641191 1.017165006320454 60 23 10 0.31 303 24 485 11 514 19
125 0.1590348459636304 0.1048583802102451 0.5965298602300104 91 65 38 0.37 329 13 342 44 382 24 386 49 409 24 457 21 461 28 479 7 521 26
126 -0.02582644507397769 0.08725348970612708 0.8406380222055938 57 31 24 0.48 303 25 330 38 342 45
127 0.1375575774076493 0.1137607261745572 0.624397774405653 157 93 46 0.33 303 26 330 39 386 50
128 -0.09936982562921548 0.1105187654512003 0.9193805720261838 80 37 22 0.3 303 27 342 46 382 25 409 25 457 22 479 8
129 -0.07228493748001141 0.1121585939487703 0.8863782352804668 118 59 36 0.39 303 28 330 40 400 11
130 -0.05323745540681513 0.1737939017675807 0.8598715812517015 126 73 44 0.5 330 41 348 8 457 23 460 37
131 -0.05586324989020974 0.1798954061048842 0.8597525528860521 94 63 46 0.42 342 47 434 40 449 64
132 -0.04752530281341105 0.1769462048417702 0.842630438010346 92 57 40 0.51 354 15 434 41 449 65
133 0.3800837966026787 0.1116615402741296 0.3933883097112326 85 71 49 0.45 311 4 362 6 449 66
134 0.311786340041999 0.1302572732142965 0.3745040220951175 143 115 90 1.46 322 10 342 48 386 51 423 27 434 42 520 10 523 19
135 0.0412720898198663 -0.08254614633601448 0.9526433965940206 75 40 28 0.3 303 29 330 42 386 52 423 28 506 20
136 -0.006207661042066603 -0.04016531328230261 0.9177527761781765 89 45 27 0.89 303 30 330 43 354 16 386 53 497 43
137 -0.0222374429180574 0.1669062285761441 0.812808148906534 107 67 44 0.82 303 31 330 44 460 38
138 -0.02208200226826496 0.1739950305278652 0.8089056569688238 175 121 76 0.58 303 32 330 45 386 54 409 26 457 24 460 39
139 0.4238728814330057 0.1439586233760612 0.3647970638462034 119 90 74 0.32 348 9 386 55 460 40
140 0.1821121681599913 0.176807497997697 0.5123741087101519 74 41 21 1.33 303 33 409 27 457 25
141 -0.01036992053313091 0.04653668903664071 0.8397903657767822 78 32 14 0.47 303 34 434 43 449 67
142 -0.0404387574279893 0.07711411571130564 0.8374624092541867 164 108 66 1.87 303 35 330 46 400 12 457 26
143 0.04046472492575004 0.08568866990364912 0.766317501067143 111 56 30 0.35 303 36 330 47 400 13 409 28 457 27
144 -0.03736544780998119 0.09133699270943134 0.8574797886057652 70 43 31 0.86 303 37 330 48 400 14 460 41 461 29
145 0.1300299524824665 0.1333143350888278 0.6254955722571238 39 26 21 0.29 329 14 342 49 382 26 460 42 506 21 521 27
146 0.05921567937966821 0.1551831877005253 0.7499308797946038 188 145 86 0.55 386 56 434 44 449 68
147 0.4033520182005588 0.09869027687663509 0.3760464731468761 10 6 4 0.24 409 29 449 69 457 28
148 0.3439790215087439 0.1098658319916431 0.3779313593915667 142 100 66 0.89 386 57 423 29 457 29
149 0.04000091933434546 0.1559796784794106 0.7420520114014704 149 113 75 0.68 329 15 434 45 449 70
150 0.03949776314984077 0.15644443001216 0.7439251660737158 143 109 65 0.63 311 5 329 16 449 71
151 0.1160564609442909 0.157023067493375 0.6305658686304783 87 52 27 0.12 382 27 434 46 449 72
152 0.1145387030346382 0.157338435599157 0.6348305573789208 82 58 41 0.62 348 10 434 47 449 73 523 20
153 0.01670505361221997 -0.04245631566402969 0.9154475734997416 182 134 78 0.98 303 38 330 49 354 17 386 58 497 44 514 20
154 0.03273436694885667 0.1025758232268171 0.7685525630318191 156 118 74 0.64 329 17 354 18 434 48 449 74
155 0.1561228995479531 0.1280534017952563 0.5926496514583799 46 29 21 0.58 329 18 342 50 382 28 386 59 460 43 497 45 506 22
156 0.06149894268569134 0.1335800499463682 0.7188897361843631 78 40 21 0.65 303 39 330 50 409 30 423 30 457 30 460 44 461 30
157 0.1348297691720687 0.1311137283975193 0.6206318215789117 154 120 80 0.42 329 19 342 51 348 11 382 29 409 31 423 31 457 31 460 45 461 31
158 -0.07595623402774765 0.140820598185138 0.8724134924641396 68 45 34 0.92 303 40 386 60 497 46
159 0.1328249886191295 0.154012870014412 0.6129770388865965 130 94 54 0.13 330 51 409 32 457 32 461 32 523 21
160 -0.01450501513640889 0.07322142637217965 0.830846578103235 70 49 37 0.61 303 41 330 52 400 15 460 46 497 47
161 0.1404950815953845 0.1193696863756591 0.6158519603416812 54 33 24 0.5 329 20 342 52 382 30 460 47 497 48 521 28
162 0.09674365000113994 0.129126600283649 0.6734364185168 144 106 64 0.59 382 31 409 33 423 32 457 33 460 48 461 33 497 49 521 29 523 22
163 0.06000732544883602 0.1353862194099268 0.7454598526873555 62 36 26 2.39 348 12 457 34 460 49 497 50 521 30
164 0.086805257799623 0.1286561214114251 0.6829372398744118 46 20 10 0.96 303 42 434 49 449 75
165 -0.07162056088737268 0.08715342868873389 0.904195050887709 43 22 18 0.17 303 43 460 50 497 51
166 0.1240647858381778 0.1360654403973013 0.6328531155073445 55 37 28 0.65 329 21 342 53 382 32 460 51 461 34 497 52 523 23
167 0.06889340448871861 -0.2415770356233703 1.063239376237964 157 143 109 0.3 330 53 386 61 423 33 521 31
168 0.08104491932435798 -0.2605077657168486 1.091036048302393 45 31 30 0.88 314 21 322 11 461 35 485 12
169 0.09851534620027613 -0.2472665620673675 1.079898675513374 147 172 200 1.27 311 6 434 50 449 76 523 24
170 0.09942109713836023 -0.2261981158072407 1.090400784776033 112 84 69 0.28 314 22 382 33 497 53
171 0.1454870751544345 -0.07856903827146199 1.049094308992237 110 90 76 0.46 311 7 449 77 461 36 523 25
172 0.1494499630550108 -0.0563296137923035 1.043951122253172 90 64 51 0.46 311 8 314 23 449 78 461 37 497 54 521 32 523 26
173 0.158480842255966 -0.03202237175373016 1.043288116171577 102 104 112 0.29 311 9 449 79 497 55
174 0.05592274541927322 -0.004944897179897021 0.8538091213499663 82 51 27 0.64 311 10 434 51 449 80 523 27
175 -0.06774211747033554 -0.009121426237568498 0.9827898192015345 166 137 86 0.58 311 11 342 54 434 52 449 81
176 0.02483303117040647 0.0220336018151195 0.8005981801459057 79 55 36 1.34 329 22 434 53 449 82 523 28
177 0.08818731512824285 0.05419881964474062 0.8115693797548487 121 58 32 0.68 314 24 342 55 382 34 460 52 461 38
178 0.1637252275328069 0.06625600973183357 0.8610539010172764 95 46 19 0.64 330 54 348 13 354 19 409 34 449 83
179 -0.1571809402217742 0.06581429151349197 1.036034894594547 196 141 88 0.17 409 35 423 34 457 35
180 0.110455175962699 0.08521579765665284 0.8232313967571152 125 72 37 0.39 329 23 342 56 382 35 400 16 460 53 461 39
181 0.1091933986811331 0.08775422562124714 0.8239633857567146 84 47 29 0.29 329 24 342 57 382 36 460 54 461 40 523 29
182 0.07316114195755652 0.1000652431232097 0.795440160892497 107 68 37 0.45 382 37 386 62 409 36 461 41 523 30
183 0.06833334310474748 0.1011981009815181 0.8048515656981203 98 67 39 0.72 311 12 386 63 423 35 449 84
184 0.2478036921052859 0.08821420668668438 0.4836471765155325 73 43 25 1.42 311 13 434 54 449 85 514 21
185 0.02673600468001092 0.1051549357400997 0.7781321271881569 94 78 62 1.22 329 25 342 58 354 20 520 11
186 0.3499653731670778 0.1072401012445912 0.3840369872391629 88 47 20 0.34 311 14 449 86 461 42
187 0.3978312938307332 0.104914970996093 0.3743748596540784 62 41 27 0.97 342 59 434 55 449 87 479 9
188 0.4326780332257087 0.1075121067702747 0.3717351725155966 51 39 24 0.69 311 15 434 56 449 88
189 -0.1622765529963998 0.1509575388368795 0.9819397722859586 85 54 56 0.85 314 25 382 38 520 12
190 -0.1649141706767356 0.1545271048858405 0.9976744567724523 166 119 75 0.63 311 16 314 26 449 89 479 10
191 0.1345643397776227 0.1257947560839932 0.6052822947738179 136 96 58 0.29 409 37 434 57 449 90 457 36
192 0.1703968802876198 0.1380419092285471 0.5805783411093419 147 107 74 1.4 348 14 460 55 497 56
193 0.3423417751289809 0.1138455443620028 0.3766757510200238 129 95 56 0.34 311 17 362 7 449 91
194 -0.06943009556330137 0.1581853659170106 0.8822969478699088 51 33 26 0.31 311 18 314 27 449 92
195 0.05442959396769642 0.1478698670077412 0.7229320584813099 56 36 25 0.23 342 60 434 58 449 93 520 13
196 -0.02324743968173326 0.1696677029719803 0.8131440165531889 137 108 76 0.5 330 55 342 61 409 38 460 56 506 23
197 -0.06891059515721187 0.1941576471196851 0.8695575180224797 135 86 52 0.63 330 56 354 21 400 17 457 37
198 0.05421375224184855 0.1980721424981036 0.67531783212493 133 107 82 0.52 434 59 449 94 523 31
199 0.09776050811732429 -0.1689227329866058 1.050824655183937 112 82 59 0.37 329 26 330 57 342 62 449 95
200 0.1353642286250868 -0.1017054328619013 1.053079047887836 81 53 35 0.46 311 19 314 28 449 96
201 -0.04049773944486301 -0.04264571242109058 0.9718675598735262 80 50 30 0.4 311 20 342 63 434 60 449 97
202 0.06168586220278471 -0.006853781923990991 0.8548136810944826 83 48 32 0.75 322 12 342 64 382 39 386 64 400 18 460 57
203 0.143154725625981 -0.000744380625673835 0.880126360074017 118 81 47 0.16 311 21 449 98 461 43
204 -0.02027612667568701 0.03967773379423468 0.8606651779287025 134 88 50 0.63 311 22 386 65 449 99 479 11
205 0.069310451292658 0.03931972070823783 0.805089786959736 118 54 19 0.27 382 40 461 44 497 57
206 0.08954893591018009 0.04913246133526503 0.8209602733008678 100 58 39 0.19 329 27 342 65 348 15 400 19 460 58 461 45
207 0.1365534501895017 0.05324184515403844 0.8728506491120027 12 8 7 0.81 311 23 434 61 449 100
208 0.1558192233699588 0.04490826934742384 0.8615600330829005 122 79 48 0.5 329 28 330 58 342 66 348 16 354 22 382 41 386 66 497 58
209 0.154954703858786 0.05180352518213496 0.870085130934295 132 93 52 0.96 311 24 386 67 449 101 461 46 497 59
210 0.1272050593778764 0.0696378582075081 0.854661722926455 122 61 27 0.45 311 25 314 29 449 102
211 0.1283845097288014 0.0718658703632739 0.8593159292530503 171 109 58 0.97 311 26 342 67 449 103
212 0.03805921668527312 0.08021100025306649 0.7711557456185654 123 85 64 0.61 314 30 382 42 506 24 523 32
213 0.2585278933731849 0.08181275327414955 0.4672504945123628 94 66 37 0.71 311 27 362 8 449 104 479 12
214 0.4541851640627454 0.09573431181688843 0.3507954221496115 75 39 23 0.27 330 59 409 39 434 62 449 105
215 -0.03150724262668614 0.09456919936268457 0.8530908506673178 144 104 73 0.55 330 60 354 23 400 20 409 40 457 38 460 59 461 47 497 60
216 -0.02997171406750931 0.0941160865852383 0.8497209916380137 161 118 82 0.67 330 61 348 17 354 24 409 41 423 36 457 39 460 60
217 0.254845767726855 0.08654159203242895 0.4758174637550327 83 42 22 0.36 329 29 382 43 409 42 434 63 449 106 457 40 479 13
218 0.3192435412662049 0.09381308032516961 0.3844593297046751 186 153 114 0.37 329 30 342 68 382 44 434 64 449 107
219 0.3622162619461348 0.09366027085678413 0.3933334612719708 21 11 9 0.06 311 28 423 37 449 108
220 0.4032435372081406 0.1000458531778784 0.3752486089508422 59 39 27 0.24 330 62 409 43 434 65 449 109 457 41
221 0.4429880305298962 0.09667103416931999 0.3571597334289076 32 21 15 0.75 434 66 449 110 479 14
222 0.4546065873464334 0.09763242225163103 0.3520660741067 21 9 6 0.25 330 63 409 44 434 67 449 111 457 42
223 0.4540702227953134 0.09895104491254303 0.350900025285575 56 32 21 0.15 330 64 449 112 457 43 523 33
224 0.4542453982470152 0.09899757371965145 0.3517317499253798 50 29 19 0.35 330 65 449 113 457 44 461 48 523 34
225 -0.09903491518717389 0.1238304856276568 0.9228032854598838 75 34 29 0.6 314 31 330 66 342 69
226 0.2028782270193101 0.1042023901205886 0.5464495850648128 152 120 79 0.78 382 45 457 45 479 15 506 25 520 14
227 0.3407973524721047 0.09828040337602097 0.374044382640058 39 23 13 0.42 311 29 386 68 449 114 479 16 514 22
228 0.3660205116638783 0.1045771825113034 0.3913473630139926 44 29 19 0.39 342 70 386 69 409 45 434 68 449 115 457 46 461 49 506 26 523 35
229 0.3671624062242749 0.1036516149573603 0.3916068360857437 88 67 50 0.74 311 30 362 9 449 116
230 0.3672044251502276 0.110238132933785 0.3933339398249711 36 27 18 0.31 311 31 362 10 449 117
231 0.3734604532451727 0.1058737324169341 0.399520470451848 77 56 38 0.43 342 71 449 118 457 47 460 61 461 50 497 61
232 0.397320942195344 0.1071627601557819 0.3738331780877746 101 67 36 0.26 311 32 434 69 449 119
233 0.4320463619968731 0.1114032143766883 0.3731892012543498 17 12 9 0.2 342 72 449 120 461 51 506 27
234 -0.1335914354244355 0.1379837817717402 0.9607281345962215 121 61 38 0.28 314 32 330 67 457 48
235 0.2550059936741064 0.1146026702689096 0.4710590953960378 142 109 60 0.35 311 33 342 73 449 121
236 0.3787966479591754 0.1222167875891997 0.3942229367892968 81 73 56 0.64 342 74 449 122 457 49 461 52 523 36
237 0.3990899670565408 0.1188622948438947 0.3762016495627475 106 94 68 0.57 311 34 362 11 449 123
238 -0.1397536861279609 0.1552763992568255 0.9504158988982268 135 96 72 0.76 314 33 342 75 382 46 479 17
239 -0.08621402881275597 0.1589305984871551 0.8568611076644042 79 39 19 0.27 409 46 434 70 457 50
240 -0.08010090405992165 0.1605174203509463 0.8948287879419321 21 11 13 0.27 311 35 314 34 449 124
241 -0.05616962636246281 0.1559340907909812 0.8663688781235466 20 9 12 0.23 311 36 314 35 449 125
242 0.08436717255576442 0.1424891669975749 0.6829147272797571 200 130 72 0.61 330 68 409 47 457 51 460 62
243 0.1027512397487081 0.1484952803576946 0.6575719513263725 168 126 78 0.33 322 13 434 71 449 126
244 0.3823389185755253 0.08393009919543185 0.3894360355459935 214 180 129 2.0 434 72 449 127 497 62
245 0.3026775276033613 0.1219649013415318 0.3953800758462759 56 27 16 0.99 322 14 342 76 382 47 386 70 461 53 506 28
246 0.07034517834161402 0.1619452195812529 0.6969321129446744 91 53 34 0.41 329 31 434 73 449 128
247 0.06035956741087523 0.1711682763227951 0.7101855829891874 156 122 82 0.28 342 77 386 71 434 74 449 129
248 0.1760210883581669 0.1486977965489459 0.5675730204517691 62 32 17 0.35 382 48 386 72 409 48 457 52 461 54 506 29
249 0.1551144468482795 0.1684430021287805 0.5571791633300669 140 104 69 0.93 311 37 314 36 449 130 497 63 521 33
250 0.1523000373445049 0.1677925299049621 0.5662486976938648 77 46 31 0.95 409 49 423 38 457 53 460 63
251 0.05082855347938564 0.1987188728390492 0.7069338338040805 181 146 100 0.3 311 38 314 37 449 131
252 0.1919349633620325 0.1715090086729007 0.5065851721220553 123 90 56 0.25 330 69 409 50 434 75 457 54
253 0.1987454362513348 0.1698066096399979 0.5131001305912077 166 126 84 0.33 434 76 449 132 523 37
254 0.2360131921451546 0.1614194626736854 0.4623853941337856 192 148 98 0.48 311 39 329 32 449 133
255 0.1489478307749536 0.06596695509632665 0.8627956974574738 93 63 43 0.55 342 78 354 25 382 49 449 134 460 64
256 0.3125884833355954 0.06471321687012342 0.3888771674993315 125 81 45 0.19 330 70 409 51 434 77 449 135 457 55
257 -0.1362593110688349 0.06684933616941556 1.007541938831595 70 45 29 0.6 311 40 342 79 449 136 479 18
258 -0.1203576160180611 0.06611370348576547 0.9773760700639436 93 54 37 0.68 314 38 330 71 342 80 457 56 479 19
259 0.1030243806640543 0.0945926467581106 0.8345251914036123 64 33 21 0.54 311 41 314 39 449 137 497 64 521 34
260 0.2618559842343627 0.08302688346921142 0.4681700076817657 188 145 96 0.42 342 81 434 78 449 138 479 20 514 23
261 0.3248333066677818 0.09083684822467818 0.3777649388866817 69 42 25 0.21 342 82 382 50 386 73 434 79 449 139 506 30
262 0.4434540624464023 0.09799902926796651 0.3532533097705545 75 49 32 0.33 330 72 342 83 434 80 449 140 457 57
263 0.4512996979945356 0.09973394237799832 0.3517621030990011 65 32 15 0.46 330 73 409 52 434 81 449 141 457 58
264 0.03898457198939953 0.1123267792570446 0.745197869544703 153 106 66 0.57 330 74 400 21 409 53
265 0.139029973065136 0.1086940602372015 0.6215896474485048 86 64 42 0.45 322 15 342 84 423 39 457 59 479 21 523 38
266 0.227143520767725 0.1104213321517141 0.511888131602966 182 132 82 0.55 311 42 314 40 362 12 449 142
267 0.1708256843379653 0.1185788465827284 0.5875885215050858 190 155 107 0.76 311 43 314 41 449 143 497 65
268 0.1607744517094165 0.1296238601880865 0.5884239263240247 153 117 84 0.76 348 18 354 26 382 51 386 74 460 65
269 -0.01785965362193831 0.1513069996052882 0.8290998327881551 25 20 19 0.78 329 33 342 85 348 19 382 52 423 40 460 66 523 39
270 0.2124715623878037 0.1350906223586702 0.5195737436194661 131 99 73 0.54 342 86 409 54 457 60 460 67 520 15 523 40
271 0.4769005347376156 0.1304541930049848 0.3328950032319071 68 46 27 0.4 342 87 409 55 449 144 457 61
272 -0.05323745540681513 0.1737939017675807 0.8598715812517015 126 73 44 0.5 330 75 348 20 457 62 460 68
273 0.1367219138332355 0.1527427177404973 0.6023953847180092 162 118 69 0.16 330 76 409 56 434 82 457 63
274 0.1145824911415708 0.1611546547527587 0.6379811247694698 151 114 69 0.32 342 88 382 53 409 57 457 64 520 16 521 35
275 0.1525992999206739 0.1455485718123454 0.5866826816975026 108 56 28 0.41 330 77 434 83 449 145
276 0.4705240330445177 0.1396195929457205 0.3372229098423158 55 40 26 0.32 342 89 409 58 449 146 457 65
277 0.4834084990262535 0.133813325728282 0.3240731382957396 195 155 100 0.82 348 21 409 59 457 66
278 -0.06230087472003831 0.2040569557537639 0.8413565399021532 215 153 105 0.36 409 60 434 84 457 67
279 0.09480516587332621 0.1729254132611769 0.6482648734491638 111 63 36 0.28 330 78 434 85 457 68
280 0.153178954992673 0.1581099804331975 0.5366165612944203 210 160 112 0.23 409 61 434 86 457 69
281 0.5032492827628288 0.1413244390276089 0.2990397915539875 162 119 66 1.06 342 90 449 147 514 24
282 0.03818208711125437 0.2021106319202776 0.6994775653424217 133 107 80 0.34 330 79 423 41 457 70 521 36
283 0.04661226182334888 0.1971297553901538 0.7124137970922744 148 98 62 0.55 311 44 314 42 449 148
284 0.1108998278304602 0.1887436979858698 0.6089392797079409 140 102 74 0.23 330 80 409 62 457 71 460 69 523 41
285 0.2767212495297031 0.1547603243500824 0.4119660817968726 162 142 114 0.86 342 91 386 75 434 87 497 66 520 17
286 0.099096497397411 0.2029480415754316 0.6224471712926818 170 136 95 0.36 311 45 449 149 523 42
287 0.1396023395963739 0.0747663465036917 0.8740888648432548 17 19 15 1.29 311 46 342 92 449 150
288 -0.03060004701629693 0.09025588781470033 0.855668349398977 197 155 101 0.36 311 47 386 76 449 151 479 22
289 0.5401703279199049 0.1209605943378215 0.4749578094412357 191 192 188 1.27 342 93 434 88 449 152
290 0.5448601628692343 0.1101878018019706 0.4006781027770102 41 39 38 0.23 342 94 409 63 434 89 449 153 457 72
291 0.5448601628692343 0.1101878018019706 0.4006781027770102 41 39 38 0.23 342 95 409 64 434 90 449 154 457 73
292 0.1257935811737763 0.1173037778876706 0.6356683356886335 174 129 77 0.35 382 54 409 65 457 74 461 55 523 43
293 0.2619008652702828 0.1049102564959152 0.4676986839434883 144 109 78 0.39 342 96 434 91 449 155 460 70
294 -0.1140604837587829 0.1321283206780874 0.9460509606478962 73 49 31 0.3 311 48 342 97 449 156
295 0.3696189947066647 0.1189896886952463 0.3953774360391747 27 20 16 0.62 342 98 423 42 449 157 460 71 461 56 497 67 506 31 521 37 523 44
296 0.1164440864345879 0.1414190506862129 0.6426847780037899 139 106 66 0.43 342 99 382 55 409 66 479 23 520 18
297 0.09684053362476064 0.1533046497367733 0.6641768329765667 61 36 18 0.31 311 49 322 16 449 158 479 24 506 32
298 0.1224654549578295 0.160145024767568 0.627481566226525 111 64 33 0.33 330 81 409 67 423 43 457 75 461 57 521 38
299 0.1907262368955243 0.1540002247329174 0.5364694597143891 182 146 96 0.65 311 50 314 43 449 159 479 25
300 0.2405501077470099 0.1474957855176754 0.474784254672983 94 59 32 0.51 330 82 348 22 409 68 457 76
301 0.3913871637937645 0.1435624270559624 0.361341907018473 119 87 61 0.31 342 100 386 77 409 69 449 160 457 77 460 72 523 45
302 0.2537915471698396 0.1599243171591582 0.4458917657238095 176 131 85 0.45 322 17 434 92 449 161 457 78
303 -0.09247558430037195 -0.01423313848726994 0.9930559470157265 178 196 209 1.09 386 78 409 70 423 44 497 68
304 -0.04485301158419852 -0.02845663033310021 0.9582189330480506 190 143 87 0.8 382 56 409 71 423 45 457 79
305 0.3478130339562454 0.09774430757738133 0.3842790197110564 30 19 15 0.36 329 34 342 101 362 13 386 79 449 162 460 73
306 0.3719885920353904 0.1009640917439222 0.3965619911133675 76 59 41 0.41 311 51 449 163 461 58 497 69 506 33
307 0.2804552014597822 0.1051412860601786 0.4385091796789957 109 78 50 0.39 342 102 382 57 409 72 434 93 457 80 461 59 520 19
308 0.3715099807747023 0.1230373709719548 0.3967264254843042 89 66 48 0.37 342 103 409 73 449 164 457 81 460 74 461 60 497 70
309 0.2243794521668185 0.1329644842916799 0.5045701386579426 82 39 17 0.23 330 83 409 74 434 94 449 165
310 0.06112912081794986 0.167930602768581 0.699601474287604 53 41 38 1.01 314 44 342 104 520 20
311 0.08125270420037167 0.1680680155587734 0.6796820945632638 196 139 79 0.18 330 84 409 75 457 82
312 0.09322684477384435 0.1626542249204325 0.6677630009465529 66 41 24 0.25 342 105 434 95 449 166 520 21
313 0.2317645619733993 0.1487575369389456 0.4847985205617975 86 57 37 0.48 342 106 409 76 434 96 457 83 460 75 497 71 520 22
314 0.286091211305481 0.1379469322602208 0.4121825496956029 40 16 10 0.58 311 52 322 18 449 167
315 0.4932363922766453 0.137336231431602 0.3058297021413902 184 138 78 0.54 342 107 409 77 449 168 457 84
316 -0.06891641898132661 0.1959349167940788 0.870435887271692 122 80 55 1.16 330 85 354 27 400 22 423 46
317 0.3174066889577803 0.0522668373679701 0.3991998515955817 141 80 41 0.53 330 86 342 108 449 169 457 85 479 26
318 0.3178714732417172 0.05225877501209995 0.3972732400165435 110 70 42 0.5 311 53 342 109 449 170 479 27
319 0.08044426336895216 0.04561754018354484 0.8617735456929279 155 94 45 0.47 311 54 449 171 460 76
320 0.3171022009737863 0.06438043059386896 0.3829269608017646 169 139 103 0.65 342 110 362 14 409 78 434 97 449 172 457 86 461 61 479 28 523 46
321 0.4271311212340434 0.08023370840103973 0.3725609034971729 173 154 103 1.15 311 55 342 111 449 173
322 -0.06422104974567511 0.082792197216685 0.9123743608829435 35 14 11 0.44 311 56 449 174 460 77
323 0.1982547824930443 0.1112559698994781 0.5475855937733707 42 24 19 0.26 322 19 342 112 382 58 386 80 460 78 514 25 521 39
324 0.3811483433092865 0.1056097189032421 0.3792198445150863 16 7 6 1.16 449 175 460 79 479 29
325 -0.09149858368529018 0.1412613068211939 0.8853125130971522 156 120 81 0.51 330 87 400 23 409 79 423 47
326 0.0734011897395429 0.1334024164460462 0.7026373783582307 177 121 70 0.46 330 88 409 80 457 87 460 80 523 47
327 0.1750773547030237 0.1394084289528005 0.5770696916476308 56 33 21 0.94 311 57 314 45 449 176 497 72
328 0.07426279052705975 0.1651807656156336 0.6882258762475162 145 75 36 0.67 330 89 409 81 457 88
329 0.06631555380267973 0.1682846276662646 0.7041163892197644 81 45 27 0.39 311 58 314 46 449 177
330 0.4967164485317616 0.137879471329238 0.3101835397402761 59 40 22 1.02 386 81 449 178 514 26
331 0.469521569374928 0.1452474027311546 0.3415857422555492 44 29 23 1.36 386 82 449 179 460 81
332 0.09895409460920002 -0.2260639076517558 1.093099417298152 105 83 68 0.97 314 47 330 90 342 113 382 59 460 82 461 62 485 13 497 73 506 34
333 0.1062317279738789 -0.1842579300343939 1.087456300975823 85 62 48 1.27 423 48 449 180 461 63 485 14 506 35 521 40
334 0.1543478978343197 -0.04559331133587659 1.070391238646934 194 208 222 0.84 330 91 342 114 409 82 449 181 460 83 461 64 523 48
335 0.5104456840287437 0.09990144548097381 0.3871559704759026 141 111 68 0.74 342 115 400 24 449 182 461 65 514 27 521 41
336 -0.1799908934460418 0.1473423698987442 1.04531801702973 112 83 54 0.53 311 59 386 83 449 183 479 30
337 0.1185405710347088 0.1586814964126836 0.6360486405425492 91 53 30 0.1 434 98 449 184 520 23
338 0.1434276111788549 -0.07169723284864622 1.037136426623999 98 63 39 1.43 311 60 354 28 434 99 449 185
339 0.1440087583692489 -0.05304482503649111 1.05526888357459 128 92 69 1.85 311 61 314 48 382 60 386 84 449 186 460 84
340 0.1492978200416941 -0.01817908596591297 1.0563861692027 125 85 56 0.9 311 62 434 100 449 187 461 66
341 0.3022567352602179 0.102778010645326 0.4051388384665577 79 51 32 1.22 311 63 322 20 329 35 449 188 479 31
342 0.2895102925871199 0.1078034604051914 0.4224972233583121 162 116 74 0.37 342 116 434 101 449 189 460 85
343 0.03165127958584146 0.166167970183324 0.7573239206234144 139 101 62 0.53 311 64 314 49 449 190
344 0.4348617567945087 0.1332939129964189 0.5442043615144225 91 55 30 0.99 409 83 449 191 457 89
345 0.07608386690011482 -0.3049648276107569 1.135499156648055 152 172 203 1.63 314 50 449 192 521 42 523 49
346 0.3891332724909387 0.0445982713738301 0.4285144567169111 125 72 31 2.26 330 92 449 193 506 36
347 0.32854027394996 0.05080855322520632 0.3875745324780758 115 73 42 0.32 342 117 382 61 434 102 449 194 460 86 479 32 523 50
348 0.2545705923128222 0.09210480218423055 0.4785577394590034 80 62 48 0.48 329 36 460 87 506 37 520 24
349 0.2071959098208193 0.1055494370828605 0.539881886966044 148 100 61 0.45 322 21 342 118 382 62 409 84 457 90 460 88 479 33
350 0.3208076924914456 0.0915194649234969 0.3809514529488164 88 62 45 0.32 342 119 449 195 506 38
351 0.1292459870568008 0.1359861277224373 0.6265198980364468 67 50 37 0.29 342 120 434 103 449 196 506 39 520 25
352 -0.06919925638466828 -0.07942684177473461 1.008899682272732 185 203 220 1.52 330 93 409 85 423 49 457 91 520 26
353 0.08602676991163993 -0.1902869083287893 1.051769800183308 85 64 55 0.4 314 51 342 121 449 197 497 74
354 0.08094529293625785 -0.1159482820630901 1.002897487320622 139 94 58 0.44 314 52 342 122 382 63 386 85 460 89 497 75 514 28
355 0.1385191307317488 -0.05607680660119436 1.011149103663318 201 162 113 0.34 314 53 449 198 514 29
356 -0.04052417840530886 -0.06421061718845056 0.9670854952963481 148 118 100 0.55 314 54 400 25 461 67
357 -0.07496915909532775 0.06232031234128065 0.9093110983020538 113 69 52 0.36 314 55 330 94 342 123
358 0.3757467822305583 0.07547282643678586 0.3930849930465097 78 47 20 0.3 330 95 342 124 386 86 409 86 449 199 457 92
359 0.2614496443943078 0.08522437951414681 0.467166662650046 58 34 21 0.19 342 125 434 104 449 200 506 40
360 0.3614691930853766 0.08200440491108552 0.3917794701869687 95 69 50 0.21 342 126 449 201 520 27
361 0.2406281707451665 0.09419175391978522 0.4795586503057318 72 49 33 0.51 434 105 449 202 523 51
362 0.3458139958146074 0.08599169776310775 0.3793479876220052 127 76 35 0.21 342 127 449 203 461 68 479 34 514 30
363 -0.07567081678190857 0.1337697120365584 0.8801362209698376 114 73 48 0.25 386 87 400 26 409 87 457 93
364 -0.05818150818693346 0.1311641133495353 0.853382157433719 107 76 49 0.29 314 56 342 128 409 88 457 94 479 35
365 -0.03678577526144267 0.1267954597429854 0.8320580181169477 121 81 55 0.16 330 96 400 27 409 89 457 95 460 90
366 0.1572111134595519 0.1096123498800207 0.5985051465498317 79 54 34 0.65 342 129 386 88 434 106 449 204 506 41
367 0.03809665395516304 0.1362087404216325 0.7588442889087501 105 82 45 0.38 449 205 460 91 461 69
368 0.1147386132240867 0.1196789007109314 0.6462883025660804 147 118 80 0.25 434 107 449 206 520 28 523 52
369 0.1451572716309101 0.1237835271341517 0.6073052769281342 156 129 89 0.47 322 22 342 130 434 108 449 207 479 36
370 0.2120144682956477 0.1118825021802507 0.5287024073800697 112 82 58 0.34 342 131 362 15 434 109 449 208 461 70
371 0.3366088628108377 0.1012533537497849 0.3740257500328636 110 78 51 0.44 329 37 342 132 460 92 461 71 479 37 506 42 514 31 521 43
372 -0.08521289380605246 0.153114621274169 0.8826256224827576 79 52 39 1.13 354 29 400 28 457 96 460 93 523 53
373 -0.07606873768684708 0.156898839320511 0.8683111740630947 28 16 18 0.89 314 57 342 133 382 64 523 54
374 -0.04188319426570974 0.1491903477155362 0.835921478329233 128 106 76 0.15 434 110 449 209 520 29
375 -0.01646501077670237 0.1545613470759922 0.8290586302506888 70 46 36 0.17 329 38 434 111 449 210
376 0.3536972483391851 0.1107284539549254 0.3865824777281304 89 56 35 0.38 342 134 449 211 460 94 461 72
377 0.07571628644619111 0.1516181017047741 0.6939406471257688 123 94 65 0.2 342 135 434 112 449 212 520 30
378 0.07490998216125833 0.1554948079680831 0.6943398269906944 145 103 67 0.73 329 39 434 113 449 213 523 55
379 0.380431369788137 0.123878798581413 0.3910759780969483 73 53 30 0.64 330 97 409 90 449 214
380 0.08701308630857352 -0.2535324720389852 1.093850471257328 108 96 81 0.72 330 98 449 215 506 43 521 44 523 56
381 0.05768388677989444 -0.2216075329321042 1.046115020449059 79 42 32 0.51 314 58 354 30 382 65 460 95 485 15
382 0.09607870162700693 -0.1727310337945702 1.056568640134452 105 67 47 0.47 314 59 330 99 382 66 460 96 485 16
383 0.0962202217024144 -0.1727292623168209 1.056295452293309 98 64 46 0.47 314 60 330 100 342 136 382 67 460 97 485 17
384 0.07720999614399648 -0.1025873442114288 0.9964258048356729 146 85 43 0.56 314 61 330 101 382 68 386 89 514 32
385 0.1078204350944347 -0.05959575178835812 0.9803817973710434 168 106 76 0.28 314 62 342 137 460 98
386 0.1341228744659481 0.06109266467347757 0.8479124323278402 156 98 58 0.37 342 138 382 69 400 29 460 99 523 57
387 0.1135271140657984 0.08331490970262534 0.8230332816419172 117 66 30 0.63 342 139 348 23 382 70 461 73 521 45
388 0.4055667832417149 0.06800730557500093 0.4275059630636661 115 77 50 0.41 449 216 461 74 523 58
389 -0.01780263378659441 0.09507952004710511 0.8573411006825127 66 38 36 0.38 314 63 449 217 497 76
390 0.3331413552492463 0.06611074815058041 0.3674427181221834 129 102 72 0.45 330 102 362 16 386 90 434 114 457 97 520 31
391 0.4112186147699711 0.07994545800152827 0.378340934757399 83 59 38 0.26 386 91 449 218 479 38 506 44 514 33
392 -0.1427692485670843 0.1142622011896601 0.9824748798748522 166 108 76 0.41 314 64 330 103 457 98
393 0.3355686652220358 0.07738025710301692 0.3718362847198839 97 75 55 0.36 342 140 386 92 423 50 449 219 461 75 479 39
394 -0.03062425482280762 0.1136141980687741 0.8361787181578673 92 43 30 0.21 314 65 330 104 342 141
395 -0.02880083815646739 0.1219098721048895 0.8343727248184791 162 129 87 1.31 329 40 348 24 434 115 449 220
396 0.04279408443469668 0.1143993853336189 0.7322167352798687 125 93 72 0.66 314 66 330 105 342 142
397 0.3961265760250615 0.09467099349223985 0.3741321469581404 93 53 31 0.55 434 116 449 221 460 100 497 77
398 -0.05094111265380175 0.1295354558307675 0.8492854238877598 112 76 51 0.26 330 106 400 30 497 78
399 0.07843419598668433 0.1224341430903733 0.691608055212551 112 91 77 0.21 314 67 342 143 520 32
400 0.1452919230501279 0.1079608243797262 0.6150392739762629 62 48 32 0.63 322 23 342 144 423 51 449 222 479 40 523 59
401 0.3349679198282235 0.09317484330093578 0.3732973142843798 109 54 25 0.4 382 71 460 101 461 76
402 0.3480253331733767 0.09472920105235796 0.3753374634724245 125 81 51 1.15 314 68 449 223 497 79
403 -0.01806245843216137 0.1476065657536375 0.8258434580809311 65 44 30 1.0 329 41 348 25 382 72 386 93 409 91 460 102
404 -0.01990556325691806 0.1480039130190466 0.8289944807301135 55 36 25 0.52 329 42 382 73 386 94 460 103 497 80
405 0.01444918303515785 0.1346551531387767 0.7915692117460382 33 22 22 0.22 314 69 449 224 479 41
406 0.2810806018252959 0.1050554834479858 0.4365506749942441 85 63 44 0.45 342 145 449 225 461 77
407 0.3552869219776583 0.104084188958323 0.3889574487784386 164 101 50 0.28 449 226 497 81 514 34
408 0.1045298530637897 0.1373195666021987 0.6558071150832723 47 29 19 0.35 342 146 434 117 449 227 520 33 523 60
409 0.3428856437950686 0.1098568315052963 0.3743958269945999 61 39 24 0.99 329 43 342 147 348 26 386 95 479 42 506 45 514 35 521 46
410 0.3531128987257345 0.1132124838311147 0.3836681658923487 122 80 43 0.27 342 148 386 96 409 92 449 228 457 99 460 104 461 78 514 36
411 0.3685793458027981 0.1162897034475793 0.3920157637240418 53 44 37 0.29 342 149 449 229 461 79 506 46 521 47
412 0.3679327994928048 0.1209292236729498 0.3950781731669268 75 64 50 0.47 342 150 423 52 449 230 461 80 521 48
413 0.4258358522541627 0.117470038084327 0.3664065100283523 206 155 84 0.08 330 107 409 93 457 100
414 -0.128489444090354 0.1838384400391609 0.9487488535090909 140 104 76 0.43 342 151 386 97 434 118 449 231
415 0.09975513199663177 0.1619672544919866 0.645612287640638 174 122 75 0.23 330 108 434 119 457 101
416 0.1115816066168157 0.1709332918932895 0.6339105453023459 114 72 44 0.23 409 94 434 120 457 102
417 0.1349828688944559 0.1615340196317571 0.5738540943596091 115 70 42 0.13 409 95 449 232 457 103
418 0.03578012711813172 -0.1266135596011323 0.9770370385014049 80 51 40 0.42 314 70 329 44 330 109 354 31 386 98 506 47
419 0.09122993594619899 -0.09238409296111116 1.010422181557161 77 50 44 0.55 314 71 322 24 460 105 461 81 514 37
420 0.09557012752131155 -0.08298417049822615 0.9974043093653997 95 47 34 0.44 314 72 342 152 382 74 460 106 514 38
421 0.3336525366004156 0.06819853624571363 0.3694595437478863 35 22 17 0.32 330 110 342 153 362 17 386 99 434 121 449 233
422 0.3403405571089609 0.08127115357354558 0.3732467782009279 108 74 62 0.25 330 111 362 18 449 234
423 -0.1822828339718121 0.1267142249179956 1.050904342345408 80 48 33 0.29 386 100 434 122 449 235
424 0.04001707043573099 0.1212479425559043 0.7389874559266534 120 96 72 0.26 342 154 386 101 434 123 449 236 479 43
425 0.1641494315088412 0.1062699810784358 0.5883624022068799 135 107 73 0.68 342 155 348 27 354 32 382 75 386 102 497 82
426 0.3063027053754129 0.09427309151672203 0.4027633934085232 70 38 22 0.31 342 156 434 124 449 237 461 82
427 0.3379295873369997 0.09772737797065818 0.3738671866763755 57 32 21 0.45 329 45 460 107 461 83 514 39 520 34
428 0.3560001008730439 0.0937486371937805 0.3883724674480264 140 89 58 0.55 330 112 342 157 409 96 423 53 434 125 449 238 457 104 460 108
429 0.3561914075455261 0.1013434888072702 0.3881775538753005 100 74 55 0.36 342 158 386 103 434 126 449 239 461 84 497 83 506 48 521 49
430 0.3984399462831226 0.1021722751693832 0.3748076571731064 83 52 31 1.09 409 97 449 240 497 84
431 0.1703325572804326 0.1180332565458246 0.5870752969389963 192 163 107 0.5 386 104 434 127 449 241
432 0.3004014343621345 0.1040700801735164 0.4064648299959135 83 45 28 0.5 329 46 342 159 382 76 409 98 434 128 457 105 460 109 461 85
433 0.1529413164261249 0.1600914860190677 0.5479275206578049 179 137 99 0.56 330 113 409 99 423 54 457 106 497 85
434 0.3804773801448599 0.1457643712059934 0.3476191905980117 159 105 69 2.3 314 73 449 242 497 86
435 0.386007672172084 0.1479391704112835 0.356512129466178 91 54 33 0.52 449 243 461 86 521 50 523 61
436 0.1397499572246049 -0.09344630913477736 1.059190340961734 110 80 76 0.82 314 74 449 244 460 110 497 87
437 0.1507419293195181 -0.02244415000442452 1.035891313564762 71 43 40 0.61 314 75 449 245 497 88
438 0.1168553784304968 0.05965183677079536 0.8366841527905737 145 95 64 0.18 329 47 342 160 348 28 460 111 497 89
439 0.4096614902168484 0.07437993160917214 0.4330273485649468 131 107 96 0.81 449 246 460 112 461 87
440 -0.1599751976278373 0.0971535997722098 1.016767750063509 124 101 68 0.3 382 77 386 105 423 55 521 51 523 62
441 0.4304324109973616 0.08699316154116557 0.360750729151786 164 140 100 0.7 330 114 342 161 434 129 449 247 461 88 523 63
442 -0.07740866830185134 0.1266371382346041 0.8993390729184039 79 43 26 1.04 330 115 348 29 521 52
443 0.3365700375144238 0.08655483148334815 0.3736663102721443 67 31 18 0.26 330 116 342 162 449 248 460 113
444 -0.08672507710212529 0.1309498483751056 0.9017814372164483 137 114 82 0.5 342 163 423 56 434 130 449 249
445 0.1725891639831486 0.1099511424978042 0.5666692392079276 109 89 74 1.1 314 76 342 164 520 35
446 0.3719311830266644 0.1008604259212957 0.3971584632147686 60 44 33 0.35 342 165 386 106 449 250 460 114 461 89 497 90 506 49
447 0.3136444714873088 0.1120319907454601 0.3214963121272345 188 129 70 1.43 382 78 434 131 449 251
448 0.1994014764421767 0.1508703419816424 0.5235312705274859 122 89 59 0.24 354 33 449 252 523 64
449 0.3520679703788917 0.132604196821826 0.3762628110660454 77 61 46 0.12 342 166 449 253 506 50 521 53
450 0.1356600471773504 0.163691460177059 0.5640973593311571 127 94 68 1.82 330 117 342 167 457 107
451 0.1651750316259235 0.1667105372873945 0.5847612510920444 129 101 65 1.21 342 168 449 254 523 65
452 0.1708788675573137 0.1023923450390211 0.5791996768652661 106 67 39 0.98 330 118 409 100 449 255 457 108
453 0.4289585616873659 0.08975003935638347 0.3523555492964535 20 12 11 0.68 423 57 449 256 457 109
454 -0.02133679321792792 0.150388763461363 0.8226207212240844 53 33 21 0.23 330 119 348 30 460 115
455 0.101059403025068 0.1600245951940786 0.649377450496986 82 37 17 0.16 382 79 434 132 449 257
456 0.1854382916261588 0.1466839316954378 0.5551717789665298 163 120 70 0.99 382 80 409 101 461 90 497 91
457 0.4027982085679134 0.1407841436394545 0.3759042970426054 42 28 20 0.69 342 169 449 258 460 116 461 91
458 0.1346148256015701 0.138824996398663 0.6212162440123423 153 112 67 0.67 342 170 382 81 409 102 457 110 520 36
459 0.1335704576538972 0.1504561352382395 0.6185321014151799 105 85 55 0.39 342 171 386 107 449 259 506 51
460 -0.05071227987903404 -0.1806173652195591 1.093412566788042 160 190 213 1.35 314 77 423 58 497 92 521 54
461 0.2078520848785333 0.01293742701407722 0.9227674500229495 97 67 57 1.15 348 31 354 34 449 260 460 117 461 92 521 55 523 66
462 0.4208252720620025 0.07803425319165022 0.3976784404105749 66 42 30 0.8 409 103 434 133 449 261
463 0.3701679064722901 0.1056398637225465 0.3920205132812641 36 20 13 0.2 449 262 460 118 497 93
464 0.3550743825261158 0.1185784328173922 0.3821134450097192 120 80 50 1.02 449 263 460 119 461 93 497 94
465 0.07456887020478165 -0.2572065442529192 1.072360072803811 101 70 41 0.84 322 25 485 18 514 40
466 0.4569879438940107 0.08794964789680053 0.3348957133755256 93 64 33 0.28 330 120 434 134 449 264
467 0.0606415199552458 -0.2636042112581549 1.073649167638417 81 66 55 0.99 322 26 329 48 354 35 497 95
468 0.04209404529554039 -0.07738871657538464 0.9649487667606151 122 76 33 0.52 322 27 386 108 514 41
469 0.122484235405653 0.1291591604827121 0.6358761960382686 81 56 39 0.32 322 28 434 135 449 265
470 -0.1719742432073023 0.1132487908966877 1.03237029158236 112 103 103 0.3 330 121 386 109 460 120
471 -0.03576049569221695 0.07068551894692762 0.8210912837441364 98 60 39 1.26 354 36 434 136 449 266
472 0.06877893306640126 0.06574083624723524 0.7394459182237052 102 55 33 0.41 330 122 348 32 354 37 382 82 386 110 400 31 423 59 457 111 460 121
473 0.2546880375929961 0.1149868470176946 0.4725310284483427 122 91 56 0.47 322 29 342 172 382 83 479 44
474 0.2237298518223187 0.1173163280894658 0.5121024215891525 110 80 54 0.65 329 49 342 173 382 84 460 122 506 52 520 37
475 0.1034345012197473 0.1377091938679017 0.659398646742041 64 36 22 0.4 342 174 382 85 409 104 457 112 461 94 497 96 521 56 523 67
476 0.2496958035596528 0.1168866982650319 0.4776283847736293 59 28 17 0.68 330 123 342 175 520 38
477 0.2184074012787537 0.1079605880523346 0.5196390512332794 138 108 75 0.85 330 124 342 176 382 86 460 123 506 53 520 39
478 0.1978992671818764 0.146646620481188 0.5403869594593966 166 127 84 0.22 409 105 434 137 449 267 457 113
479 0.1519047590269067 0.1198357760581457 0.594152000407141 229 162 90 0.35 330 125 409 106 434 138 449 268 457 114
480 0.3194550520666751 0.04887373490396815 0.3964900731503612 166 128 76 0.75 330 126 342 177 386 111 423 60 449 269 521 57
481 0.2671193241117361 0.09404091752924253 0.4618163830098718 128 88 51 0.75 322 30 382 87 479 45
482 0.1196901866892627 -0.179825624898945 1.069063435842603 96 83 90 0.45 386 112 449 270 521 58
483 0.2251479622464542 0.1106931074074616 0.5143715715892729 146 108 74 0.39 322 31 342 178 382 88 423 61 457 115 460 124 497 97 521 59
484 0.2985953878798437 0.1218872881053258 0.3991727696816407 96 51 28 0.23 342 179 382 89 409 107 434 139 449 271 457 116
485 0.2963765511478659 0.1107315082888118 0.4125171508050806 151 97 58 0.58 330 127 342 180 434 140 460 125 520 40
486 0.2627114636911064 0.1121488993798104 0.4609297520644026 61 39 28 0.56 330 128 342 181 460 126 461 95 506 54 520 41
487 0.2567373977802513 0.1260060639131994 0.4642659912909162 139 111 79 1.14 322 32 329 50 423 62 460 127 497 98
488 0.1300453260110732 -0.1380495911787469 1.059016900293386 82 61 53 0.9 329 51 434 141 449 272
489 0.3183658250084409 0.1072661115332473 0.383643117950501 224 155 91 0.31 330 129 434 142 449 273
490 0.3039691655644186 0.1223537375751986 0.3944851213825571 86 48 28 0.34 322 33 434 143 449 274 523 68
491 0.2614216200638448 0.1268603119459096 0.4590499218421141 83 48 31 0.52 342 182 434 144 449 275 460 128
492 0.2664468711460303 0.1348135108631239 0.4334218400065096 184 118 62 0.9 382 90 434 145 449 276
493 0.1307214094970472 0.05564518422959619 0.8345326867740259 165 93 38 0.2 330 130 409 108 449 277
494 0.09738304907254625 -0.2655891444395221 0.9336365293134636 113 96 85 1.67 329 52 434 146 449 278
495 0.04762401121408044 -0.06563787924424146 0.9415336035381594 70 42 28 0.53 329 53 354 38 449 279
496 0.02872516589951801 -0.2106046646965626 1.014767946230878 77 51 36 0.44 329 54 434 147 449 280
497 0.04622669101315791 -0.1854587107857661 1.017403306566142 72 48 35 0.8 329 55 330 131 449 281 457 117 521 60 523 69
498 -0.01286413180842749 0.09783393197781683 0.8417871771467373 40 31 22 0.52 329 56 342 183 479 46 523 70
499 0.3684772918162875 0.1001415039938131 0.3951719044815908 55 28 21 0.14 329 57 449 282 460 129
500 0.07672625674925193 -0.2664611039149588 1.085191674664104 147 125 93 0.68 386 113 409 109 423 63 497 99 514 42
501 0.0512862721034355 -0.217359401293296 1.038366232942692 74 48 42 0.46 386 114 423 64 460 130 514 43
502 0.00902502934847571 -0.1365790725701214 0.9746121165235295 158 129 88 0.45 329 58 434 148 449 283
503 0.0161806558724229 -0.1326515860465053 0.9661205406199074 72 46 32 0.77 329 59 354 39 434 149 449 284
504 -0.016968316492322 0.03983437304843442 0.8521089251763188 115 78 53 0.31 329 60 348 33 434 150 449 285
505 -0.0164773909673398 0.0269240703652243 0.8687140106567883 189 150 101 0.46 329 61 434 151 449 286
506 0.08750347981295803 0.06263519773957128 0.8153828671155734 82 38 26 0.31 329 62 342 184 354 40 382 91 460 131 497 100
507 0.2618041810394631 0.09076858484028454 0.466409068503802 81 56 39 0.56 342 185 434 152 449 287 514 44 523 71
508 0.3554033271112476 0.09727702965328235 0.387937544001253 94 54 34 0.2 329 63 330 132 434 153 449 288
509 0.1124907074163038 0.1350699773803981 0.6956011875877937 63 46 30 0.84 329 64 434 154 449 289
510 0.08291598419180013 -0.2702669480124688 1.085036461262436 46 38 36 0.37 329 65 434 155 449 290
511 0.006050209390645045 -0.158811883824892 1.001131506517944 110 91 74 0.42 386 115 400 32 497 101
512 -0.01818977953148693 -0.05149919460441225 0.9453776892888979 155 121 80 1.19 329 66 354 41 434 156 449 291
513 0.3362357423594934 0.09387532019315113 0.3742404805787558 129 91 60 0.35 342 186 386 116 423 65 449 292 457 118 460 132 497 102 506 55
514 0.1669172108901533 0.1084483431277909 0.5799025700191833 200 149 85 0.25 330 133 409 110 434 157 449 293
515 0.3740477517645927 0.1056970682403434 0.3978482843728087 59 39 29 0.18 329 67 434 158 449 294
516 0.336497272730062 0.1046355135888774 0.3740538539193988 126 92 63 0.43 342 187 449 295 460 133 461 96 497 103
517 0.4314496399232112 0.1400228637397489 0.3107073910279918 135 98 61 1.5 386 117 449 296 460 134
518 -0.01845866264781626 -0.09706077139619487 0.9754396225195743 76 51 38 0.27 329 68 434 159 449 297
519 0.05288638342147367 0.1033594485728556 0.7369200189091565 104 68 43 0.34 329 69 434 160 449 298
520 0.3258430848179272 0.1076600866140936 0.373289014909208 193 152 106 0.35 329 70 342 188 434 161 449 299 457 119
521 0.4131327656617285 0.1328429189464373 0.3775673516138519 33 27 21 0.51 386 118 409 111 449 300 460 135
522 0.05278910122179925 -0.3466061081583401 1.122964161868913 109 86 100 1.42 329 71 330 134 497 104
523 -0.007210129465694548 -0.05526682727725336 0.9294283889376009 85 63 44 0.22 329 72 386 119 497 105
524 -0.08678833509306538 0.1954509491322949 0.8908838140736819 87 44 24 0.85 386 120 434 162 449 301
525 -0.01258910029796934 -0.02410130778048975 0.9108852722198768 95 62 41 0.54 329 73 348 34 434 163 449 302
526 0.3075081746315756 0.1187560451090229 0.3919357250309405 191 123 69 0.76 329 74 434 164 449 303
527 0.319676781414313 0.1334718672237244 0.3605217020969223 181 145 106 0.98 329 75 342 189 449 304
528 0.3205120411218576 0.1335064082416086 0.3574822859466292 165 126 92 0.59 342 190 386 121 449 305 460 136
529 0.03820611371302218 -0.2391342228521597 1.036388526109238 93 71 58 0.78 423 66 485 19 497 106
530 0.3276691227854078 0.1024522199853966 0.3718115030814396 210 146 86 0.52 329 76 330 135 434 165 449 306
531 -0.03077032153945913 0.1108376382584951 0.8488226854298915 173 128 86 1.0 329 77 434 166 449 307
532 0.408271798724925 0.05195258086427477 0.4426578018674114 92 65 45 1.77 329 78 423 67 449 308
533 0.07797097425354671 -0.1970520445937391 1.050588613060983 64 41 38 0.51 330 136 386 122 460 137 485 20 497 107 521 61
534 0.1122607885857351 -0.191097538585376 1.086968926770435 133 103 101 0.38 330 137 434 167 449 309
535 0.02107058147509799 -0.1503303531637477 0.9770913619755757 143 87 51 0.53 330 138 460 138 485 21
536 0.07675958274746186 -0.111916461972951 0.9980517578925885 95 60 38 0.19 330 139 386 123 423 68 497 108 514 45
537 0.1370472283959658 -0.1029452191748689 1.063027692336836 127 102 105 0.2 330 140 449 310 523 72
538 0.04296169799166316 -0.08094984066446666 0.9597660868964655 160 120 85 0.27 330 141 354 42 386 124 497 109
539 0.06460337079185541 -0.07541709575464053 0.9618569069607728 203 180 135 0.25 330 142 386 125 497 110 514 46
540 -0.0433290944897291 -0.006424862579376033 0.9399640266871128 77 47 25 0.27 342 191 434 168 449 311
541 -0.02233038503910423 -0.008291876161682813 0.9149698794785095 124 75 44 0.2 330 143 382 92 386 126 457 120
542 -0.01989270539110954 0.04359628357812242 0.8531692196734881 152 111 72 0.32 330 144 342 192 400 33 409 112 460 139
543 -0.09533484312581098 0.07054247391305829 0.9344993419537677 191 144 88 0.38 330 145 342 193 457 121
544 0.1216550414556058 0.1370107474929104 0.6277712210228807 199 144 84 0.17 330 146 434 169 457 122
545 -0.1256367714787505 0.1801532554908169 0.9346320403765263 106 51 32 0.12 330 147 423 69 457 123
546 -0.08011025052895893 0.1943924225968443 0.8846918643998001 92 57 40 0.45 342 194 386 127 434 170 449 312
547 0.112660286027784 0.1683788061302036 0.628292854537903 178 130 78 0.44 382 93 434 171 449 313
548 0.05023693331402934 -0.3028329392923912 1.078762118722684 130 90 58 0.66 330 148 434 172 449 314 485 22
549 0.06768147785944834 -0.1144025535010926 1.00402655000833 92 40 21 0.56 330 149 434 173 449 315
550 0.03692829736324899 -0.08227038122468808 0.9493688087124734 149 109 63 0.48 382 94 386 128 506 56 514 47 521 62
551 0.05468796211895988 -0.07855101049329162 0.9603776504310573 188 158 116 0.41 330 150 386 129 423 70 497 111
552 -0.03317808018508461 -0.04990607038532793 0.9589541179351226 114 68 39 0.56 330 151 348 35 506 57
553 0.168927238578796 0.003691562488418553 0.8917615138243302 145 89 47 0.3 330 152 386 130 497 112 514 48
554 0.199715287374874 0.004577341124378296 0.9561721929945168 198 185 177 0.46 330 153 434 174 449 316
555 -0.0660761135073753 0.002242330747790627 0.96567282167214 161 135 95 0.42 342 195 434 175 449 317
556 0.3992189217281124 0.08272719508314844 0.3646319880331637 197 139 66 0.33 330 154 449 318 514 49
557 0.3551244242466661 0.09125560832413061 0.3860608965502583 114 60 34 0.27 409 113 434 176 449 319 514 50
558 0.06729574998020893 0.08140618041660891 0.7223477994302052 116 65 38 0.51 330 155 342 196 409 114 520 42
559 0.2988747828488948 0.1001496635247766 0.4076624020315483 109 60 35 0.37 330 156 434 177 449 320
560 0.04326478293721969 0.1046928500517236 0.7526545720838278 142 84 50 0.52 330 157 342 197 400 34 409 115 457 124
561 0.04665112755407252 0.1183293300048409 0.7332833693635346 43 30 21 0.15 386 131 434 178 449 321
562 0.1100068984258039 0.1209346752314237 0.6500456965626913 136 116 85 0.26 342 198 434 179 449 322 520 43
563 0.1237171323808355 0.1294471171304698 0.6262251487100383 203 155 98 0.16 330 158 409 116 434 180 457 125
564 -0.09204937502867028 0.1381021873024023 0.856279769065869 112 78 49 0.04 409 117 434 181 457 126
565 -0.02881425102871915 0.1496661648092318 0.8200996020749571 36 31 24 0.5 342 199 382 95 479 47 520 44
566 0.09784651984618142 0.1373504575214348 0.6594222883194945 79 44 20 0.24 382 96 434 182 449 323
567 0.09784651984618142 0.1373504575214348 0.6594222883194945 79 44 20 0.24 382 97 434 183 449 324
569 -0.05004395929648309 0.1828214596663519 0.8453897698921156 113 71 50 0.42 434 184 449 326 520 45
570 0.09004235264065152 0.1530645690226819 0.6743109238670841 174 123 72 0.24 342 201 382 98 409 118 457 127
571 0.09991028890852349 0.1630917878708223 0.6523892199528025 95 49 23 0.34 382 99 434 185 449 327
572 -0.1472351786987732 0.1970751289888938 0.9272104711998501 85 52 34 0.02 342 202 449 328 479 48
573 0.08613149021847588 -0.03693998374947959 0.9420646432115249 216 149 80 0.47 330 159 434 186 449 329
574 0.348762433273774 0.0614480367305483 0.3842701400840325 84 55 30 0.33 386 133 449 330 521 63
575 0.3654753885905653 0.07771847977633736 0.3916886193045355 78 50 34 0.36 342 203 423 71 434 187 449 331 457 128 460 140 479 49 497 113
576 0.3654687052725277 0.0776856626879187 0.3916096443670246 76 48 33 0.32 342 204 423 72 434 188 449 332 460 141 497 114
577 0.2918405165096693 0.08816702165293172 0.4174350453836499 82 40 19 0.46 330 160 434 189 449 333
578 0.3264529577812333 0.09215199221003217 0.3758272657982402 162 129 79 0.39 342 205 386 134 449 334
579 0.4030284024473594 0.1004764453176949 0.3795495651924236 66 45 33 0.48 409 119 423 73 434 190 449 335 457 129
580 0.263198284931589 0.09756174684941871 0.4656231687984555 123 79 40 0.37 330 161 434 191 449 336
581 0.2696068755367503 0.09696208895944119 0.4546083671006569 191 129 70 0.32 330 162 434 192 449 337
582 0.2461899622782057 0.1126851551855183 0.4802954557849347 120 60 26 0.22 330 163 434 193 449 338
583 0.3160130022015902 0.1117621355708685 0.384533567038443 99 46 18 0.28 330 164 342 206 434 194 460 142 520 46
584 0.3429122579135829 0.1119674563795643 0.3761588224995718 180 102 49 0.48 330 165 457 130 460 143 514 51
585 -0.03923911617991727 0.1202550131942203 0.8509433707505902 119 70 49 0.58 330 166 400 35 423 74 457 131 460 144
586 0.1183585157262428 0.1448541183640894 0.6368060188508762 123 99 63 0.45 330 167 342 207 520 47
587 0.07008408033993363 0.1708993769506868 0.6934393613150125 106 69 44 0.74 434 195 449 339 497 115
588 0.0005388618953743318 0.2155276909321884 0.7552240847540264 65 38 26 0.7 386 135 434 196 449 340
589 0.2574830550362666 0.1596138774784881 0.4224812142311851 99 72 47 0.42 409 120 457 132 460 145 523 73
590 -0.006911954010703658 -0.2175537038748797 1.066151206456602 108 66 44 0.36 330 168 434 197 449 341 457 133
591 -0.08175639158583092 -0.08004737109745678 1.045603423541613 185 194 192 1.25 330 169 506 58 521 64
592 -0.06289829785365375 -0.04736582114819186 0.9789217794587441 140 81 48 0.98 330 170 457 134 479 50
593 -0.009551641819924184 -0.007134471536543934 0.8945734360352195 136 79 44 0.41 330 171 400 36 497 116
594 0.3264292699095135 0.06208261416834182 0.3708476971981083 83 56 38 0.28 330 172 362 19 409 121 434 198 449 342 457 135
595 0.3489816021465306 0.07313744439629369 0.3773526859275859 40 26 18 0.57 342 208 449 343 460 146 520 48
596 0.3882357862093946 0.07779236306147104 0.3832893803798154 216 167 98 0.58 330 173 449 344 457 136
597 0.4044494352432836 0.08410544096095504 0.3670361000767543 149 117 67 0.18 330 174 342 209 449 345
598 -0.007747055304976103 0.0346007696007415 0.8537247307852251 154 99 51 0.51 330 175 386 136 423 75
599 0.4434796278188561 0.09803229515085912 0.3533637490852088 84 52 32 0.37 330 176 434 199 449 346 457 137
600 0.3301812634986209 0.09302286643571187 0.3711003319315041 227 151 71 0.24 330 177 434 200 449 347
601 0.4352661153792076 0.1042944368305416 0.3749799865471001 49 21 7 0.4 330 178 449 348 460 147
602 0.2476222825544365 0.1021836578395631 0.4809253996745916 96 68 48 0.45 342 210 362 20 434 201 449 349
603 0.3397922507132283 0.1226988377987224 0.3721555285177687 48 26 20 0.41 342 211 449 350 460 148 497 117
604 0.3888968091051458 0.1300915958779448 0.3749298271215308 36 33 24 0.42 342 212 434 202 449 351 520 49
605 0.03730208897351406 0.1421210769294762 0.7487610514305545 125 83 46 0.52 382 100 479 51 506 59
606 0.390003500709481 0.1315992710896273 0.3755482535170648 166 142 107 0.24 434 203 449 352 520 50
607 -0.1000032767913052 0.1821969211769164 0.9099268348291369 163 120 85 0.91 342 213 434 204 449 353
608 0.2228747136847353 0.1689020218751813 0.4679102972740766 184 136 85 0.38 330 179 409 122 434 205 457 138
609 0.1752270732818287 -5.664678782212398e-05 0.9140244145400254 193 144 91 0.77 330 180 409 123 434 206 449 354
610 -0.07636560423975769 -0.001291121745133357 0.9776617986595544 115 66 31 0.36 434 207 449 355 514 52
611 -0.1091455979193151 0.08275123213257499 0.9472316449470206 169 132 90 0.43 434 208 449 356 523 74
612 0.3247828491047981 0.1007722834162489 0.3758964892365678 81 39 22 0.36 342 214 382 101 386 137 434 209 449 357
613 0.3443125653334313 0.1053848033528445 0.3793847395756226 148 97 64 0.83 449 358 457 139 460 149 497 118
614 0.2439046269185546 0.1054597642366737 0.4836576801435924 171 127 90 1.08 330 181 460 150 520 51
615 0.1098824912736011 0.1247176075170424 0.6566741279170585 34 22 16 0.47 342 215 386 138 434 210 449 359
616 0.2923466939135719 0.1225462901337772 0.4139297796624582 219 140 78 0.65 330 182 409 124 434 211 449 360 457 140
617 0.3064682018950142 0.1172770401550746 0.3965745254824535 160 110 62 0.5 342 216 434 212 449 361 461 97
618 0.3047071400628796 0.1179189926764943 0.4029508665014565 186 133 75 0.08 342 217 434 213 449 362
619 0.3632071626589198 0.1219613086510484 0.3919324405483606 144 110 72 0.33 409 125 423 76 449 363 457 141 523 75
620 -0.06158236394186489 0.1598471737239792 0.859322192115231 94 50 34 0.36 330 183 457 142 497 119
621 0.1739552038992081 0.1418482904169315 0.5633545502935646 169 106 60 0.59 330 184 434 214 449 364
622 -0.06078541793578762 0.1634016371978744 0.8033902879954793 126 71 41 0.18 409 126 434 215 457 143
623 0.163766341884223 0.162708403078045 0.5582537651660329 171 107 61 0.74 330 185 409 127 423 77 457 144 514 53
624 0.1479112863319288 0.1726991727860095 0.5449271673848923 196 155 111 0.64 434 216 449 365 479 52
625 0.1686667887470926 0.1711276228823635 0.5284052361735663 169 121 75 0.83 342 218 449 366 514 54
626 0.06720330871139357 -0.06243746330137186 0.9589817389550619 124 78 39 0.29 330 186 354 43 386 139
627 0.1083952374936442 -0.06960719126463688 1.006242503050524 180 133 82 0.59 330 187 348 36 423 78 514 55
628 0.4087601644077302 0.05039960040259721 0.4295296477680734 157 109 74 0.86 330 188 449 367 461 98
629 0.3228962244318241 0.05084882475535157 0.3931507612730064 128 76 43 0.41 330 189 342 219 434 217 449 368 479 53
630 0.3256618697662401 0.05357455481712652 0.3550770595219119 126 62 20 1.25 330 190 382 102 506 60
631 0.333027879268954 0.05604106805276782 0.3745331151208356 163 92 41 0.25 330 191 434 218 449 369
632 0.4813800396263036 0.08840870269020654 0.3650654949579794 111 85 60 0.71 330 192 386 140 400 37 434 219 449 370 460 151
633 0.2411777026971511 0.09012390745977147 0.489588679869684 107 58 24 0.26 330 193 449 371 457 145
634 0.3254675883625734 0.09717195066633226 0.3751688382496547 84 36 17 0.16 330 194 434 220 449 372
635 0.3422060862945983 0.1048154889879399 0.3757322688780412 101 48 28 0.34 330 195 409 128 423 79 457 146
636 0.3418480071081099 0.1052772600269623 0.3774174589691351 95 47 30 0.99 330 196 348 37 409 129 423 80 457 147 460 152
637 -0.1016577072789878 0.1702264102023124 0.9175713938711103 146 102 66 0.22 386 141 434 221 449 373
638 0.1345028164411666 0.1498130594520755 0.6164517197854835 125 103 71 0.51 342 220 386 142 423 81 434 222 449 374 521 65
639 0.2829881702852832 0.1477595569169651 0.4090165451377163 182 155 118 0.39 409 130 434 223 457 148 497 120 520 52 523 76
640 0.3201953834771911 0.1492677217524046 0.3364148939174642 154 132 98 0.63 342 221 434 224 449 375 479 54 506 61
641 0.1740177781095779 -0.01065719682860375 0.9983467538707798 184 204 225 0.51 330 197 409 131 449 376
642 0.4192883672074221 0.08413244298708979 0.3758501980039351 146 112 73 0.28 330 198 409 132 434 225 449 377
643 0.4924520680781489 0.1261336666058168 0.3836442179380444 69 59 48 0.48 342 222 449 378 497 121
644 0.3469162985442615 0.1118490998691986 0.3779755962734451 76 40 23 0.35 330 199 386 143 423 82 460 153
645 0.1566322653257268 0.1283382957532625 0.5821948537522765 144 99 60 0.82 330 200 409 133 434 226 449 379
646 0.3291538251904916 0.1163766465826833 0.3539709664542779 117 66 30 0.45 330 201 434 227 449 380
647 0.3290457133801952 0.1543229087486908 0.3435251171318797 46 32 25 0.4 434 228 449 381 497 122
648 0.3187530606397789 0.06915531780292554 0.3797937315998319 57 25 14 0.67 330 202 434 229 449 382
649 0.04976886925341351 0.1237150734650358 0.7316969553716306 42 24 18 0.84 342 223 386 144 434 230 449 383
650 0.05442611578256429 0.1232083700801896 0.7204182437976192 50 28 21 0.62 423 83 434 231 449 384
651 0.03382284327442087 -0.207776733557668 1.019310439386953 73 49 41 1.0 342 224 423 84 485 23
652 0.05479020707994398 -0.2036335971261521 1.034194465271916 73 49 39 0.72 342 225 354 44 449 385
653 0.07675651617428247 0.04377617636545103 0.8159669360918811 155 83 38 0.33 342 226 382 103 460 154 514 56
654 0.3128510731096721 0.05434081062220519 0.4027570569292907 140 102 65 1.08 342 227 434 232 457 149 520 53
655 0.2936229803067325 0.1220083688183924 0.4138617637208764 144 104 73 0.25 342 228 434 233 449 386
656 0.1140098644477328 -0.1663647653248493 1.076524766882327 54 29 16 1.83 449 387 485 24
657 -0.03265198081572296 -0.05536176281250213 0.9696978227958268 65 43 28 0.54 342 229 434 234 449 388
658 0.3135730034337015 0.08072516124088899 0.396887821616574 90 70 52 0.29 342 230 449 389 520 54
659 0.4890635048832683 0.0932333640975699 0.3684224402590749 163 132 95 0.24 342 231 434 235 449 390 506 62
660 0.491818149527419 0.1263724827913432 0.4056596201200349 20 15 15 1.17 386 145 434 236 449 391
661 -0.014919776672075 0.09183898076109522 0.8578689215865092 74 49 38 0.18 342 232 434 237 449 392
662 0.2113120135489076 0.09656512378149086 0.5310213034731939 77 56 45 0.29 342 233 460 155 506 63 520 55
663 0.2158194053963425 0.09705346786407659 0.5682411514758374 102 62 35 2.01 434 238 449 393
664 0.2885477127525533 0.09383952680168638 0.4491518699349483 86 64 46 1.05 342 234 386 146 449 394
665 0.3233697289724136 0.08916024897841381 0.3815723229361542 224 188 139 0.31 342 235 382 104 409 134 434 239 449 395 457 150 479 55
666 0.06869142513214932 0.1375218528831376 0.7066370946702383 135 101 65 0.44 342 236 449 396 520 56
667 0.07643528941783417 0.1436961707228321 0.6945052538469607 51 31 20 0.39 342 237 434 240 449 397 520 57
668 0.1382328856661404 0.1260595212378213 0.6153258431120998 107 87 67 0.39 342 238 460 156 520 58
669 0.03588881044648062 0.1518996231203051 0.7492815406605708 47 27 18 0.14 342 239 434 241 449 398
670 0.420622479843217 0.1607342268438582 0.3463653848460788 81 61 50 0.43 342 240 449 399 523 77
671 0.1046231861974904 -0.06946381935053557 0.982109439506248 59 40 30 0.26 342 241 449 400 521 66
672 0.04163316911121473 0.0767301472437579 0.7574331715882918 52 32 33 0.62 342 242 460 157 520 59
673 0.4517031827635636 0.08718332119296712 0.3373639196819809 30 17 13 0.08 342 243 434 242 449 401
674 0.5040591586640528 0.1008583097136688 0.3826174529028579 46 31 20 1.36 342 244 386 147 449 402 461 99 506 64
675 0.512924965384949 0.102875419872039 0.3873343181850801 20 13 11 0.82 342 245 386 148 449 403
676 0.4008981828714273 0.1067303536499871 0.374018938470609 73 59 44 0.37 342 246 449 404 479 56
677 0.4714965786069166 0.1124207698483063 0.3689759342079023 60 45 30 0.32 342 247 449 405 461 100 514 57
678 0.3108876775372657 0.1179761117633079 0.392835520843811 175 114 69 0.13 342 248 434 243 449 406
679 0.1340999313312099 0.1546362933634898 0.6182388286349814 90 70 54 0.29 342 249 434 244 449 407
680 0.4868053588043854 0.1437481651503552 0.3138740563007745 176 144 102 0.51 342 250 434 245 449 408 457 151
681 0.4348655227230807 0.1516279255907334 0.2979127387408745 146 110 71 0.59 342 251 449 409 457 152
682 0.3326546463062102 0.06190374830123442 0.3676841636676039 100 81 64 0.37 342 252 386 149 409 135 423 85 434 246 449 410 457 153
683 0.3854688775468531 0.08609924877372627 0.3669811150702715 161 137 96 1.17 342 253 409 136 423 86 449 411 457 154
684 0.5023830176027876 0.09789048007480709 0.3685924561446974 161 135 91 0.34 342 254 449 412 457 155
685 0.5406465510184049 0.1401646352950084 0.5212967636317534 206 204 194 0.69 342 255 400 38 449 413
686 0.4882473779449649 0.09992566396074445 0.3723697015478203 48 38 29 0.26 386 150 400 39 449 414 457 156 460 158 523 78
687 0.495820628676639 0.1260178717458913 0.3796515111057908 59 53 46 0.65 342 256 449 415 523 79
688 0.04182550730781087 0.138665522104875 0.7471063670151008 26 17 15 0.48 342 257 386 151 449 416
689 0.3397922507132283 0.1226988377987224 0.3721555285177687 48 26 20 0.41 342 258 449 417 460 159 497 123
690 0.4858715832168488 0.1334239998387763 0.322441169117445 173 138 90 0.77 342 259 409 137 449 418 457 157 506 65 514 58
691 0.4178129944520961 0.1416555576490269 0.3746288191736947 32 24 19 0.29 342 260 449 419 497 124
692 0.3265077826700023 0.05393223622825934 0.3660749600371937 248 181 95 0.21 409 138 449 420 457 158
693 0.4613491775741377 0.07860660067368766 0.3577762698775742 138 114 79 0.39 342 261 386 152 400 40 449 421 506 66
694 0.4791074357158902 0.08286110061808721 0.3697412622978454 173 135 89 0.93 342 262 409 139 449 422 457 159 461 101 497 125
695 0.1020763882075481 0.06242755441021446 0.8364765573293045 156 91 48 0.61 342 263 382 105 460 160 497 126
696 0.3376760065898805 0.07851584727503177 0.372200864256297 52 34 28 0.68 342 264 386 153 409 140 423 87 449 423 460 161 461 102 479 57 514 59 521 67
697 0.2303452755756336 0.1074017597718163 0.5074085649986451 101 77 54 0.56 342 265 386 154 423 88 449 424 506 67
698 0.3067737177268031 0.1001604283127765 0.3982284405832324 44 22 13 0.31 342 266 434 247 449 425
699 0.1137561958440395 0.1238012755111328 0.6480686050264617 26 21 20 0.64 342 267 449 426 520 60
700 0.3833707624615703 0.1153543536132999 0.3967062532860158 57 45 38 0.19 342 268 434 248 449 427
701 0.4925760764452453 0.1233966801433918 0.3853266286674141 75 62 47 0.7 342 269 449 428 497 127 506 68 523 80
702 -0.03885676214747125 0.1571438984659228 0.8450927901776493 142 113 74 0.28 342 270 386 155 449 429
703 0.1860004999077746 0.1547123980127032 0.5476890606241931 117 99 70 0.96 342 271 386 156 423 89 449 430
704 0.1380798974270323 0.1667178659792094 0.5632288069055267 69 44 27 1.59 342 272 434 249 449 431 479 58 497 128
705 -0.05037532680145507 -0.005840357971222721 0.8869217594520806 142 108 72 0.61 342 273 409 141 457 160
706 0.3809940578603574 0.07956458604326293 0.3824086157346638 133 112 78 0.61 342 274 423 90 449 432 521 68
707 0.2760227966497411 0.08344946131760082 0.4459326582315928 75 47 28 0.34 342 275 434 250 449 433
708 -0.0100162136369959 0.1232566082347568 0.8122471801799569 25 21 22 0.49 342 276 386 157 449 434
709 0.4892290400071935 0.1334986570208969 0.3209907317459966 103 82 61 0.72 342 277 423 91 434 251 449 435 514 60
710 0.4640720437879849 0.1435864396105784 0.3476899734741558 13 4 3 0.35 342 278 449 436 460 162
711 0.3063453255584146 0.06965968099498812 0.3710310285121418 197 164 119 2.12 423 92 434 252 449 437
712 0.3139035872021481 0.08619962764732758 0.3904818363989185 38 26 22 1.01 342 279 434 253 449 438 520 61
713 -0.008510133581861701 0.1165476163551085 0.8194013492499697 43 28 24 0.45 342 280 386 158 449 439
714 0.026658484138391 0.1204933265075088 0.7582770805971704 117 95 74 0.67 342 281 386 159 434 254 449 440
715 0.2956898410510162 0.07794998195961765 0.4199246256842491 46 26 17 1.1 342 282 409 142 434 255 449 441 457 161
716 0.3989093663631069 0.1387888141890831 0.3676346602672553 38 24 18 0.2 386 160 434 256 449 442
717 0.4015878417110622 0.07817173372757713 0.3925255249756197 211 169 101 1.19 348 38 449 443 457 162
718 0.3903554579020793 0.09300164628357263 0.3816264805652348 18 11 7 0.49 348 39 409 143 434 257 449 444
719 0.1950919788469075 0.1036789390178784 0.5516758878008277 200 162 108 0.72 348 40 434 258 449 445
720 0.3263959288578899 0.1183940617956813 0.369665663378219 85 52 31 1.18 348 41 382 106 386 161 423 93 434 259
721 0.04413128628016572 -0.07242384349211806 0.950467278108345 154 137 106 0.7 386 162 423 94 497 129 506 69 523 81
722 0.3085655895985577 0.09741825004169662 0.3991601862321254 203 128 64 0.52 348 42 434 260 449 446
723 0.04298170369747356 -0.09368133341926682 1.140192369578721 81 48 29 1.86 354 45 434 261 449 447
724 0.1060029090062228 -0.01854309853405286 0.8467678928374724 164 131 100 0.26 354 46 400 41 497 130
725 0.3157875188252096 0.06019724006637442 0.3542763797386333 185 130 74 1.07 354 47 434 262 449 448
726 0.02156193095451486 -0.1722291884965504 0.9940957171545206 69 40 25 0.97 354 48 434 263 449 449
727 0.1468865209366542 -0.07095352110252984 1.053176874624705 128 97 88 0.84 382 107 449 450 460 163 497 131 521 69
728 0.1314477722186438 -0.0347528657136091 0.986097384313513 97 48 29 0.38 449 451 460 164 514 61
729 0.2006026755432943 0.1023254802624242 0.5475289296895545 83 55 40 0.53 354 49 434 264 449 452
730 0.04556723111560834 -0.07699938440822862 0.9576782272567352 106 79 55 0.22 354 50 386 163 497 132
731 0.1863808293470691 0.007462947503230762 0.8995911044497942 77 41 33 1.13 354 51 449 453 460 165
732 0.05188982368341122 -0.2217257016499089 1.041793320095993 64 44 40 0.71 354 52 423 95 497 133 514 62
733 -0.1024922101672878 -0.02343202341711004 1.014718294934573 163 186 208 1.42 354 53 423 96 497 134
734 0.1635147289096323 0.1739546281482853 0.5783319518410055 197 143 94 0.53 434 265 449 454 497 135
735 0.02445082858475378 -0.143629076152554 0.9766146279538939 64 39 27 1.38 354 54 434 266 449 455
736 0.512548335716964 0.0828850630645251 0.3916972019917043 112 86 62 1.93 386 164 460 166
737 0.1818507189259919 0.002513450995196592 0.9024657512313534 96 69 42 0.56 386 165 449 456 521 70
738 0.1067220430214235 -0.01659444892463926 0.8681962840330837 182 144 101 0.71 449 457 461 103 497 136
739 0.1604924879489459 -0.02377175719120442 1.040097049662358 152 121 79 0.2 382 108 409 144 497 137
740 0.1199482207305311 0.158889583030505 0.6240410383401536 229 177 113 0.17 409 145 434 267 457 163
741 -0.03349093905933131 0.1894864447694482 0.822501142530236 170 127 89 0.6 386 166 434 268 449 458
742 0.3750174864579252 0.08773384672013308 0.3917105870858782 137 122 99 0.76 362 21 386 167 497 138 506 70
743 0.2437182851485875 0.09521945091750564 0.4929028246026226 172 131 86 0.78 434 269 449 459 523 82
744 0.0753351197014458 0.09429802213933156 0.7071197434357914 197 125 64 0.52 409 146 449 460 457 164
745 0.3285704796625042 0.05083653070151137 0.3873535831442137 125 73 31 0.35 382 109 434 270 449 461 479 59
746 -0.08398114363523246 0.05641277557132206 0.9307202311126823 81 38 23 0.29 382 110 386 168 457 165
747 0.2520986886762844 0.08307278199485139 0.4783154549500802 93 55 24 0.23 382 111 461 104 479 60 514 63
748 0.1271235617496934 0.1313672022146497 0.6185161821360701 57 34 24 0.27 382 112 434 271 449 462
749 0.4403302303381764 0.07882136171665551 0.3749854011447644 215 177 128 0.89 409 147 434 272 457 166
750 0.1236031013244511 0.1100230010366077 0.6162608412285786 247 183 103 0.27 409 148 449 463 457 167
751 0.4980301330270523 0.08331654711629993 0.3755818859529337 79 53 43 1.17 400 42 434 273 449 464
752 0.4680853759502266 0.1072618758932676 0.372131289558299 53 33 22 0.13 434 274 449 465 460 167
753 -0.1359677839756338 0.1817008835971458 0.9428761804820298 66 39 26 0.38 434 275 449 466 521 71
754 0.5420046049614909 0.08350121779446597 0.5177977653283161 89 66 51 0.94 386 169 449 467 521 72
755 0.339272927317037 0.06255193414828399 0.3682003487219211 53 35 26 0.27 386 170 423 97 434 276 449 468 497 139
756 0.4470803218425021 0.0787419523924896 0.3581615759843035 200 157 83 0.93 449 469 461 105 514 64
757 0.5087902038277136 0.09725954556146399 0.3865387547116287 120 98 70 0.51 386 171 400 43 434 277 449 470 506 71 521 73
758 0.4681341249421376 0.1104349284210631 0.368207917620152 68 46 30 0.77 449 471 460 168 461 106 497 140
759 0.4727132362847822 0.08186481948082407 0.3679615285829258 134 111 79 0.69 386 172 400 44 434 278 449 472 461 107 506 72 521 74
760 0.4214115876256229 0.1311116750516873 0.3724672209214672 18 14 12 0.63 386 173 449 473 460 169 461 108
761 -0.1457305053233979 0.1021919389366367 0.9850738688829086 70 47 42 0.02 409 149 434 279 457 168
762 -0.1415165327163814 0.1119371181823781 0.9835846814451346 60 39 32 0.22 434 280 449 474 523 83
763 0.3230270646414134 0.1492787720470467 0.3358209479744023 86 68 52 0.65 386 174 434 281 449 475
764 0.02060042689436403 -0.08873592387159987 0.9548566851743157 50 29 20 0.55 386 175 449 476 506 73 514 65
765 0.3614058626169777 0.07882160772032384 0.3911319304678108 59 30 22 0.24 386 176 449 477 460 170
766 0.1992587126873102 0.1028279396487812 0.5513971948711578 75 52 38 0.42 386 177 434 282 449 478 506 74
767 0.3389181187281946 0.09466227322307752 0.3766206052908758 78 48 34 0.27 386 178 423 98 449 479 460 171
768 0.04860406175694543 -0.337540335153337 1.123878000358729 226 220 169 0.73 386 179 409 150 423 99 457 169
769 0.1232531694358997 -0.06362578679732761 1.019237265826968 92 59 40 0.24 386 180 449 480 461 109
770 -0.0663077440639025 -0.01748552161325913 0.9826540552169181 50 32 25 0.5 386 181 449 481 521 75
771 0.3554445421032821 0.06594990327807572 0.3911802844117107 84 57 36 0.21 386 182 449 482 521 76
772 0.4431771924096459 0.07911231547370537 0.3501030184735133 148 110 67 0.37 386 183 409 151 449 483 506 75 514 66
773 0.4714596867023436 0.0814326520471628 0.3857190878857206 54 39 26 1.37 386 184 434 283 449 484 506 76
774 0.4712134785545256 0.1155784630208356 0.3687352125499566 71 49 38 0.08 386 185 449 485 460 172
775 0.06992554464180589 -0.1206964779331151 1.003163995684348 184 151 109 0.38 386 186 409 152 485 25
776 0.01497105989280245 0.1204999678265263 0.7765464089354759 148 122 90 0.47 386 187 449 486 497 141 521 77
777 0.461490422449063 0.1378187374151891 0.3538345056302237 47 30 21 0.42 386 188 449 487 460 173
778 0.1432728202049482 0.03374672539930573 0.8557971609185318 161 122 81 0.39 386 189 434 284 449 488
779 0.3328166375868048 0.05610177904988958 0.375511759758016 118 85 55 0.31 386 190 423 100 434 285 449 489
780 0.519003893551504 0.09709862148224302 0.3951872753771943 86 68 43 0.53 386 191 449 490 506 77
781 0.5232135531613842 0.09793360580833305 0.3945080014395982 121 98 69 0.7 400 45 449 491 497 142 506 78
782 0.3948392375207299 0.09564692702079335 0.3745982652317456 64 42 26 0.95 386 192 434 286 449 492
783 0.1576348424882031 0.1625444791542462 0.5563758198658044 156 110 71 0.61 386 193 434 287 449 493 506 79 514 67
784 0.1714911845386209 0.1630106817850392 0.5590117862492503 141 99 62 0.38 386 194 409 153 423 101 457 170 514 68 521 78 523 84
785 0.05111835377110574 -0.07022168250792758 0.9513863112034293 182 152 110 0.32 386 195 409 154 423 102
786 0.06629159039742905 -0.01832543854188275 0.8404986258271996 226 175 109 0.62 434 288 449 494 457 171
787 0.3365970200614721 0.06104072831557507 0.3673239278647841 191 147 95 0.19 386 196 434 289 449 495
788 0.4000817331898625 0.07716269094726969 0.3764606508657625 191 156 105 0.33 386 197 434 290 449 496
789 0.5069701912036551 0.09464205289612708 0.3870485432005297 110 87 56 0.2 386 198 400 46 449 497
790 0.4126889777839455 0.08870203629108807 0.3723282571103664 184 142 78 0.34 386 199 449 498 457 172
791 0.4021636108993182 0.131746618485849 0.3707458486008723 20 14 14 0.69 386 200 434 291 449 499 460 174
792 0.469194311876604 0.1640445685524442 0.3328578190624823 20 13 10 0.93 386 201 434 292 449 500 514 69
793 0.345192896641473 0.06660311641413728 0.3721740302553553 88 63 48 0.84 386 202 434 293 449 501 497 143
794 0.3744351199841965 0.07267619934061714 0.3965452489287727 155 124 89 0.37 386 203 449 502 497 144 506 80
795 0.4659764958938425 0.0839497368790945 0.3532028630284631 110 88 70 0.92 434 294 449 503 497 145 506 81
796 0.3345986966420019 0.08704584216909249 0.3753161156966222 61 37 23 1.07 386 204 434 295 449 504
797 0.3869593888193393 0.09281018246455358 0.3786227786571698 24 15 14 0.81 386 205 449 505 497 146
798 0.249161174869285 0.08844983373139839 0.4810107362332195 118 71 43 0.44 434 296 449 506 457 173
799 0.5343951473742206 0.1454338597352431 0.5131465047324304 91 70 53 0.38 449 507 497 147 506 82
800 -0.09836376701086047 0.08496800279610987 0.9148164961458247 172 142 101 1.07 400 47 409 155 457 174
801 0.5139489630348358 0.09113935052723221 0.38770199271878 148 122 79 1.54 400 48 434 297 449 508 461 110
802 0.1992270212732486 -0.002596810706936587 0.9221346904716001 86 71 66 0.27 409 156 434 298 449 509
803 0.363386162899774 0.06968272478870335 0.2920112572024953 72 46 30 2.04 409 157 449 510
804 0.392283823050523 0.09206254816753347 0.3781887480016782 69 43 30 0.24 409 158 434 299 449 511 457 175 460 175
805 0.4544114499778591 0.1008816099207251 0.3560930145191779 22 7 4 0.26 409 159 449 512 457 176
806 0.4368087165741157 0.08070242376864904 0.3576242738063879 221 175 105 0.19 409 160 449 513 457 177
807 0.789804479414921 0.2496060252092051 0.8548603678960611 237 194 128 1.35 409 161 449 514 457 178
808 0.2158507305067405 0.1441070050199589 0.5120335385407599 226 174 102 0.04 409 162 449 515 457 179
809 0.167107045768996 0.165273877841951 0.5494054274663822 40 23 15 0.59 449 516 479 61 521 79
810 0.05002353893898115 -0.3361493810667655 1.120702648054952 229 227 174 0.21 409 163 423 103 457 180
811 0.3830704812602451 0.1039722618151566 0.3941116403306877 30 16 11 1.03 409 164 434 300 449 517 460 176
812 0.4233350522871184 0.1349799121564442 0.3705202148948376 54 39 28 0.47 409 165 434 301 449 518 457 181 460 177
813 0.7139985899225736 0.2808860267150913 1.094030124133659 157 120 78 0.04 409 166 449 519 457 182
815 0.05196187752373727 -0.343856531606505 1.124742279849947 90 62 61 0.06 409 168 423 105 457 184
816 0.7476294779290343 0.2612018943263205 1.266051372866251 93 94 48 0.72 409 169 449 520 457 185
817 0.1601717501586887 0.371027838165065 1.202042915237368 147 99 58 1.32 409 170 457 186 514 70
818 0.1714327474506112 0.1629674852695119 0.558825018513162 186 126 72 0.21 409 171 423 106 457 187 514 71
819 0.1646908898611963 0.1680557810006824 0.5663012447718374 58 36 23 1.43 423 107 434 302 449 521 479 62 497 148
820 0.09661707508867001 -0.1052460913829939 0.9938277721128383 77 52 35 0.67 409 172 434 303 449 522
821 0.03066646093617165 0.1770365726113768 0.7363896269272976 224 153 90 0.31 409 173 449 523 457 188
822 0.3489967394520099 0.1451313266404415 0.2350084535901933 199 164 118 1.2 409 174 434 304 457 189 523 85
823 0.3797224418755943 0.1365565686136508 0.1923476848935985 177 144 99 1.11 409 175 434 305 457 190
824 0.1643199991455885 0.09524701343010758 0.6004162361765963 233 190 147 1.89 409 176 460 178 497 149
825 0.5837539621225596 0.165926592359134 0.3291419328500211 41 26 19 0.71 409 177 434 306 457 191
826 0.4120880984494775 0.1399599820161999 0.3811011900422187 83 68 54 0.24 423 108 449 524 461 111
827 0.3545759715849179 0.09187984426434373 0.3883299343556239 84 48 33 0.3 423 109 449 525 460 179
828 -0.1771435107002763 0.07437931403982966 1.069148110022368 92 64 41 0.36 423 110 449 526 497 150
829 0.05573792015251233 0.2009417385119682 0.6750528781409388 68 46 34 0.5 434 307 449 527 523 86
830 0.2924223651357654 0.1246116217684049 0.4111611207814655 74 47 31 0.55 423 111 434 308 449 528 461 112 506 83 521 81 523 87
831 0.5409819763924451 0.08298901976795504 0.5155394785794762 102 74 53 0.66 434 309 449 529 461 113
832 0.468700816336406 0.1191278947296078 0.3675630247459197 64 52 40 0.51 434 310 449 530 521 82 523 88
833 0.4569592894813889 0.1026793295196474 0.03000634479786002 45 30 21 0.39 434 311 449 531 523 89
834 0.4691107129148397 0.07574924696056244 0.4232395194006349 158 148 138 0.75 449 532 461 114 521 83
835 -0.1374942123279494 0.1157825672431417 0.9819873927859755 141 103 71 0.15 434 312 449 533 523 90
836 0.159581009915598 0.1091369791920356 0.5928307625881626 101 64 42 0.59 434 313 449 534 520 62
837 0.4290437487488031 0.1020978402940504 0.3749902362590292 56 29 19 0.47 434 314 449 535 460 180
838 0.3084543901417353 0.1008926311808991 0.4001417098999244 184 116 61 0.41 434 315 449 536 460 181
839 0.2993762994679999 0.1234409745687321 0.4002929777551327 153 99 62 0.13 434 316 449 537 506 84
840 0.3918357261402459 0.1291488809119341 0.3701820588155038 105 78 49 0.18 434 317 449 538 457 192
841 0.3837542479156312 0.07185329356131161 0.4290634087736961 119 83 59 1.68 434 318 449 539 523 91
842 0.35773755449146 0.08901926733551892 0.3878340312085957 52 28 23 0.23 434 319 449 540 460 182
843 0.35773755449146 0.08901926733551892 0.3878340312085957 52 28 23 0.23 434 320 449 541 460 183
844 0.3854298345351276 0.1042385240026199 0.3934106717657952 48 30 24 0.25 434 321 449 542 460 184 479 63
845 0.4971334299135273 0.1142401679814155 0.3839759853781342 61 38 30 0.37 434 322 449 543 460 185
846 0.227573619979497 0.1655090155573217 0.4820304641909783 195 150 103 0.29 434 323 449 544 479 64
847 -0.1415165327163814 0.1119371181823781 0.9835846814451346 60 39 32 0.22 434 324 449 545 523 92
848 0.4314176222740984 0.1137819357657703 0.3713865091683614 42 27 21 0.68 434 325 449 546 497 151
849 0.4514075807869632 0.1465426085532268 0.339269650724391 120 83 59 0.59 434 326 449 547 497 152
850 0.165031616613191 0.1757341635768196 0.5365587702841466 38 24 18 0.49 434 327 449 548 514 72
851 0.3358046352168941 0.04824707389515476 0.3775016369014004 115 70 36 0.16 434 328 449 549 497 153
852 0.2313133090470242 0.1066213848230396 0.5035925560078041 163 115 72 0.17 434 329 449 550 457 193
853 0.3255823827136386 0.1003257288058806 0.3848219418754951 182 132 74 0.68 434 330 449 551 520 63
854 0.327075711761049 0.1074447111867673 0.3715180956610661 187 136 81 0.12 434 331 449 552 520 64
855 0.4671347237155304 0.1176538000733601 0.3680421614653432 79 64 49 0.48 434 332 449 553 497 154 506 85 521 84
856 0.4436682228240139 0.0847658350315694 0.3408307310782359 218 178 118 0.38 434 333 449 554 457 194
857 0.4351859581188583 0.1076184019411469 0.3770431685726714 59 38 27 0.23 434 334 449 555 460 186 479 65
858 0.4918873527309875 0.0982234185040274 0.3693213704318737 50 40 27 0.89 434 335 449 556 461 115 506 86
859 0.4687340097844231 0.1191794537184885 0.3684407211363637 59 49 37 0.54 434 336 449 557 506 87 521 85 523 93
860 0.3023025657258756 0.06427361120208075 0.4194430977190092 209 164 111 1.14 434 337 449 558 497 155
861 0.5282075915681744 0.08789263232974524 0.4881338828040294 114 79 60 1.51 434 338 449 559 460 187
862 0.4608595596343955 0.1000663973861771 0.3657730888966464 11 8 9 0.34 434 339 449 560 461 116
863 0.07660549690127083 -0.103130041753629 0.9972363343119688 116 74 41 0.51 449 561 514 73 523 94
864 0.402910353203549 0.05690657236692899 0.4280366354638933 131 69 34 0.43 449 562 514 74 523 95
865 0.3203507917824648 0.09157833805585991 0.3824089709388495 119 80 43 0.26 449 563 479 66 520 65
866 0.5323240792418917 0.1520382512471392 0.5114017947489271 79 47 32 0.5 449 564 497 156 521 86
867 0.4232839214346185 0.1352524524272349 0.3705020471909363 35 23 20 0.44 449 565 460 188 461 117
868 0.5358596760906696 0.08648231030124384 0.5180323181612438 140 78 30 1.17 449 566 461 118 514 75
869 0.1474038367575115 0.1622738151581757 0.5605945609595793 202 165 120 0.59 449 567 479 67 497 157
870 0.3568519397111741 0.07775428177836716 0.3892409437061371 87 48 31 0.4 449 568 460 189 497 158
871 0.3684700789380135 0.07863166306287653 0.3955932629827423 86 49 29 0.39 449 569 460 190 497 159
872 0.3617096558783713 0.08518819220004534 0.3938205256973032 68 41 31 0.47 449 570 460 191 497 160
873 0.5343010535088746 0.137183701345267 0.5121998667684102 84 54 32 0.87 449 571 497 161 506 88
874 0.3347083955688221 0.1230974656095056 0.3720858029196626 120 77 51 0.54 449 572 460 192 497 162
875 0.4235392248091544 0.1333864770602458 0.3721297669759683 28 21 16 0.59 449 573 457 195 460 193
876 0.3563363705101879 0.1348966224126362 0.3798977297179211 78 61 48 0.19 449 574 497 163 523 96
877 0.3419521127248323 0.07960032160225981 0.3753087876003189 80 42 30 0.76 449 575 460 194 497 164
878 0.3631753049891404 0.07969569786986483 0.3914521435023534 45 22 18 0.27 449 576 460 195 520 66
879 0.3603334143746784 0.08176635994790235 0.3911711657891789 125 83 58 0.28 449 577 460 196 497 165
880 0.3464121357926354 0.1322485822008835 0.3733670316930318 98 64 42 0.71 449 578 460 197 497 166
881 0.3776954207441516 0.1078183737469381 0.3962404649711713 23 11 10 0.46 449 579 460 198 497 167
882 0.3858011025164578 0.0860713723232107 0.3821623321469844 173 141 89 0.5 449 580 457 196 521 87
