# 3D point list with one line of data per point:
#   POINT3D_ID, X, Y, Z, R, G, B, ERROR, TRACK[] as (IMAGE_ID, POINT2D_IDX)
# Number of points: 731, mean track length: 5.3
0 -0.1451706195263032 -0.1523532469589273 1.19728327305341 167 154 128 3.57
1 -0.1020738803188626 -0.1507893176389889 1.223886666889913 146 137 116 3.21
2 -0.1011996462488755 -0.1500010017970437 1.22024929953989 150 139 116 3.06
3 -0.09201236890408021 -0.1493101484741276 1.22629772342433 147 139 120 4.1
4 -0.0163098970411979 -0.01806531244296327 1.246587845713123 131 130 112 2.99
5 -0.002725197706426097 -0.14831474151261 1.269056772921833 147 135 105 3.65
6 -0.04886194809649841 -0.07969149566160169 1.235600532292668 159 162 159 4.35
7 0.017777319300498 -0.01072394382284983 1.272178405673664 108 105 92 4.58
8 0.1277169938785208 0.005066112074615015 1.303787350731163 65 55 51 6.17
9 -0.06952320007744001 0.02215611192528416 1.215428848525719 87 85 79 4.43
10 0.07149593848067856 -0.1722918547469213 1.303447248593572 101 111 123 3.99
11 0.1153143404580799 -0.01862674939122271 1.30106534235807 132 122 101 4.78
12 0.04579508592858753 0.005460283074780676 1.261980492604217 60 61 55 4.91
13 0.08956194235918048 -0.0158719119677399 1.299929005237396 99 90 84 3.22
14 -0.1426227517519547 0.0250828019197204 1.187921999043539 133 133 127 4.63
15 0.04865539603755023 -0.1665322276770888 1.307941573461684 95 91 80 4.2
16 0.1027574597220379 -0.1513872195009684 1.3249314672843 129 119 93 3.75
17 0.02214014705485834 0.0181541186306577 1.26194328180757 128 126 110 3.96
18 0.005162948153247027 0.01318319369754682 1.250103569271327 24 29 30 4.47
19 0.005130405173946945 0.01321517417977137 1.250021248045728 26 30 29 3.89
20 -0.137121824362971 -0.1508495314323592 1.202509075866316 168 160 143 4.17
21 -0.1389728190248988 -0.1537980742924399 1.209599592449935 172 166 151 4.55
22 -0.115324365807611 -0.08315118246215691 1.216271742685859 151 149 136 5.36
23 0.04999826289771292 -0.02016759280784795 1.271120106817329 130 122 92 4.7
24 -0.01477508631009095 -0.01360588112816619 1.235487502793022 100 101 100 4.05
25 -0.01680648585649303 -0.009922302721833687 1.238117996848429 149 146 138 4.75
26 -0.1422574557875101 -0.00391421691979469 1.189274165165815 128 123 109 4.91
27 -0.1611218676651883 -0.002651114079850626 1.182528688059962 82 82 77 4.62
28 -0.1164564795016914 0.0008909577274943299 1.197314376555344 104 100 92 4.52
29 -0.1166867994658223 0.0007934910590259858 1.199771467449053 110 106 94 5.49
30 -0.1132462055135525 0.0001197024184721 1.200609484523127 113 110 99 5.34
31 -0.1096266501282658 -0.0002241523356695981 1.2020635007596 116 111 101 5.96
32 -0.08038353089721323 0.0008239367799666303 1.213092743880027 118 117 111 5.11
33 0.1242144588946566 0.01048684198759943 1.302155708917981 92 91 86 6.27
34 0.01885883224692794 0.008570782130767517 1.253032160944555 106 106 101 5.15
35 -0.07246883269647897 0.006623343662761284 1.212217384249572 126 126 116 4.66
36 -0.1151255492641735 0.004935193404639741 1.198475224949248 113 108 90 4.4
37 -0.1463335228087622 0.01254960487782802 1.187758177308615 119 116 103 4.37
38 -0.1438126545062612 0.01394333769526098 1.180990904715329 153 148 130 5.65
39 -0.146633331885073 0.01689719577028896 1.187785722423473 97 95 82 3.94
40 -0.07187658772071237 0.02552667135203162 1.212340727167331 127 125 116 4.34
41 -0.1813142394348777 0.02330644725205493 1.173403990559644 108 104 94 5.29
42 -0.1488479461353103 0.02414247553856253 1.182216096585522 128 122 107 4.69
43 -0.1523412625186523 0.0266507384199889 1.185288865787049 119 110 93 4.72
44 -0.1170792095781749 0.03016192164610224 1.199437696516345 106 102 88 5.34
45 -0.005298681882799999 0.04088005893506612 1.244539679246087 41 50 56 5.74
46 -0.0753382413591569 0.04019863093199701 1.209873532893412 144 142 133 5.46
47 -0.0753382413591569 0.04019863093199701 1.209873532893412 144 142 133 5.46
48 0.09008538906343597 -0.1486394068027596 1.304528817024215 104 98 81 4.73
49 -0.01449129608711217 -0.1493442685700277 1.255968248699567 132 128 114 5.13
50 0.04004578767553765 -0.1480858350430188 1.276505214492694 158 149 124 4.15
51 0.03929845690440997 -0.1463611744492284 1.272671733939949 160 155 136 4.35
52 -0.04619721656806691 -0.1518683231351698 1.248660737550519 141 137 119 4.62
53 -0.01941154519953783 -0.1495775454951937 1.254759199815286 131 120 100 4.52
54 -0.1432848943657683 -0.1522835695352178 1.201509612953141 152 145 129 4.09
55 0.001554920572708757 -0.14727197244003 1.266313540098524 124 121 109 5.14
56 -0.1158105653235444 -0.01585460656301465 1.195067981679835 120 117 106 4.89
57 0.1430168956151888 -0.003584405551106829 1.318238760440611 139 138 133 4.71
58 0.05542970124346111 0.001529666158097326 1.271549414634655 78 82 83 4.13
59 0.1267667808398699 0.005411106629289767 1.305492154894794 65 69 67 5.98
60 -0.04430410496027251 -0.001243192397743467 1.226008329732066 136 133 123 5.09
61 -0.07787857424736561 -0.0006344131251259516 1.208079245956268 117 112 101 4.92
62 -0.1535765199774207 -0.004019495643197403 1.186919486844683 97 94 89 5.19
63 -0.0748049778604799 0.0007580121756806807 1.213978361350857 129 127 119 4.44
64 0.1471180591221547 0.01579839225353259 1.314663847330587 118 110 100 4.35
65 -0.08073869654875709 0.008659187806338189 1.213989203889415 133 129 114 5.11
66 -0.1183734088208476 0.01331287134764367 1.187885354843139 135 129 108 3.44
67 -0.1159794965547757 0.01767309487767849 1.198657410409352 120 113 93 5.34
68 -0.1472371908171487 0.02246362053366073 1.187911400522716 103 97 81 4.65
69 -0.1173021538214499 0.02472125167041109 1.202156344638129 114 109 93 5.03
70 0.1145388751660898 0.01600119341769645 1.278408859785771 112 114 104 5.63
71 -0.01027147324582614 0.0003561539498400275 1.240834610267799 103 98 86 5.19
72 -0.01018988983790003 -0.000667620735228025 1.242027914267791 100 99 90 4.95
73 -0.1490826470717102 0.007660409268590702 1.186617852558256 131 126 113 5.07
74 0.03921027068658331 -0.1507720536434241 1.280863237013557 123 118 104 3.26
75 -0.1470566766030686 -0.02399463755879622 1.186577085934399 131 125 109 4.69
76 -0.01044132511525248 -0.01992516737422981 1.241407700785764 100 93 87 4.46
77 -0.01119866635358771 0.008936839924842455 1.237470031555933 91 87 76 5.11
78 0.05268254660533261 0.02700070839360362 1.270729261225174 137 132 120 5.27
79 0.02144158259182621 0.01749627723276293 1.25864554964485 118 116 99 3.26
80 -0.1814239787586202 -0.1598904821223589 1.187679175680412 193 174 129 3.17
81 -0.09747098155558037 -0.1525864257132425 1.219370820850414 151 138 116 3.05
82 -0.115192115310521 -0.1525452252984339 1.213108376249798 182 171 147 2.55
83 -0.1172493066230742 -0.1503253555836967 1.206669708609346 192 181 144 3.87
84 -0.151434680601628 -0.1513142757557359 1.198455409523528 179 158 112 3.18
85 0.02983057536742167 -0.02681257965680099 1.267202115185991 33 19 10 2.87
86 -0.1789511093147425 -0.0322810187720747 1.177011132523326 154 132 86 2.39
87 0.0221253567020343 -0.01055032618697003 1.267868741491683 121 121 116 4.64
88 -0.1811418887643048 -0.001255393455411008 1.172764751207469 126 120 103 4.26
89 0.09308665940470304 0.006963345938405629 1.28714832013472 65 64 49 4.37
90 -0.03032323227051809 -0.2196474631293608 1.259992967562057 174 164 140 3.03
91 0.1536181050373272 -0.1713080800317361 1.340081622113393 149 169 167 1.99
92 -0.05479564245796564 -0.1446812544335495 1.23991883863986 138 125 97 3.63
93 -0.1220365720588332 -0.01120008051812819 1.199985556469373 79 74 61 3.97
94 0.1234705376329392 0.02864295117613944 1.306391782396962 148 143 119 4.49
95 -0.1301372042702201 -0.2083427212271474 1.204611755062754 172 162 135 2.2
96 0.1526978775407781 -0.1883632696637369 1.343926194313014 141 170 180 2.49
97 -0.1466634786778803 -0.1906201707004687 1.202822915818164 166 154 123 1.2
98 0.1176958744216914 -0.009979781889296473 1.306276024874215 95 84 76 3.69
99 -0.1469402374701624 -0.003357305075308702 1.185561430827528 125 120 110 4.94
100 -0.07797629046021415 -0.2453059316927963 1.249413495370646 224 235 231 3.2
101 -0.01397061852147677 -0.2082374435973592 1.26954183621142 218 210 162 2.82
102 0.008997290648231127 -0.1536802763130165 1.2701415630689 136 123 92 2.84
103 -0.0218409454146761 -0.1557080391584931 1.257399033273009 118 112 95 3.16
104 -0.01489604594213101 -0.1542021903243692 1.258342510979348 131 126 110 4.25
105 0.1394450555174515 0.01203889510245162 1.308505766597651 53 45 42 4.23
106 0.005021695582643482 -0.001334938047495123 1.252673230644323 70 77 78 2.87
107 -0.02943643432699497 -0.05510786962788636 1.249883998446059 73 59 65 2.6
108 -0.1661463771277017 -0.1522139060082545 1.199180349320688 126 116 104 2.24
109 -0.1383844014916489 -0.01499178901270421 1.182309787899182 132 120 95 3.85
110 0.03952588152557782 0.0002742553287329655 1.26572475220813 80 86 86 4.57
111 -0.1797837738414395 0.002711895269165855 1.170828976119179 102 96 83 4.04
112 -0.1451273611022772 0.01715425650579935 1.18684545421557 151 151 139 3.4
113 0.0502970919139786 0.02436788730371248 1.272589701445974 114 112 98 3.69
114 0.05645499247225708 0.03084918125007842 1.263287116767961 126 116 94 5.44
115 -0.08699799855311569 0.03166190128540403 1.198169681060437 92 86 70 3.76
116 -0.1780667106114672 0.03169781032978763 1.169757592979567 126 119 102 4.57
117 -0.005920750039634159 0.03601893817889848 1.237831286722551 118 115 107 5.09
118 -0.1492220337459736 0.03626701081311107 1.176766584014209 147 138 118 4.75
119 -0.0752448344443663 0.03564921946469164 1.211682689672456 145 143 129 3.51
120 -0.07431095174585162 0.0382191961456589 1.215817306194511 137 136 125 4.5
121 -0.1505698077935921 0.0364933621597112 1.168484024911284 112 105 84 1.24
122 0.006297025288135027 -0.1475140533748963 1.262548086950149 146 138 123 4.79
123 -0.1789941042826714 -0.004405484957829848 1.170121423859731 113 110 101 4.23
124 0.1394602071786733 0.000530496245705999 1.307135687615188 137 125 118 4.44
125 -0.06252490046050002 -0.001055732892441565 1.215828039361237 87 88 84 3.83
126 -0.08501319866695833 8.31053525134455e-05 1.21151015767462 98 99 96 2.47
127 -0.1156752845536698 0.01087153564662992 1.194029656771098 108 103 83 4.86
128 0.0333958312467417 0.03190027694554481 1.256286320162311 93 84 78 4.14
129 -0.08358497888961697 0.03365624929828723 1.20831283784258 154 149 137 5.24
130 0.01026910807712486 -0.1479959119521408 1.277767496408179 130 126 110 4.85
131 -0.1497361180195669 -0.01770693967503856 1.174445241801412 108 106 96 3.56
132 -0.1531688994978204 -0.01015930903246958 1.181031438294707 133 131 119 3.48
133 -0.01691866624872357 -0.005191385525624675 1.241673238114142 130 125 107 4.54
134 -0.05318917149840963 -0.001732335067124603 1.224745637840768 86 87 79 1.46
135 0.1411281356406615 0.005618764047206981 1.309862070095295 99 95 90 5.73
136 0.1542381367689844 0.01403316301853378 1.323450571704693 76 67 59 4.89
137 -0.1479101486588292 0.02936200870508139 1.189690663511312 89 87 76 3.5
138 -0.1581041248393092 0.03287961778782937 1.184134766786963 88 86 75 4.66
139 -0.08461128725730999 -0.02286060350713395 1.212403835597704 143 145 126 2.42
140 -0.04504323665490712 0.01058523649907742 1.227080829747763 125 131 124 2.96
141 0.05919184278003556 -0.2086268429231723 1.284118810310324 144 138 126 4.9
142 -0.1475003577172328 -0.1715059416236945 1.198510427699246 184 167 138 4.43
143 -0.1828139264111157 -0.1626528408941208 1.177113676077929 154 149 138 4.4
144 -0.1072681849865852 -0.155831057177312 1.216449298316794 163 148 122 4.06
145 -0.1494971751362726 -0.1481449518937486 1.192749924321451 169 149 116 4.24
146 -0.004233800024664225 -0.1566993245664272 1.267234608291655 128 116 88 2.97
147 0.01769195639247653 -0.03016363816150679 1.302123385187322 38 34 33 5.09
148 0.06243910648621853 -0.02742323195890365 1.284266309365913 31 18 18 3.58
149 0.01687427798368699 -0.02854784343016036 1.291905911973779 75 76 72 5.05
150 -0.01682487830531865 -0.02597514827406611 1.277212235518653 68 64 52 5.46
151 -0.1296308076301303 -0.02041057521406128 1.199421376340621 101 102 96 3.44
152 0.0186179090136083 -0.02491816551269006 1.29334675760287 73 71 62 5.98
153 -0.1295181094484846 -0.01861236142962503 1.201374506318074 90 87 76 4.16
154 0.005764893088927248 -0.02100003338575392 1.288442944315493 25 26 22 5.87
155 -0.1003766987837662 -0.01802650929095141 1.227814206833782 70 75 76 3.12
156 -0.1009734526898391 -0.01728949031293503 1.218155710279688 79 89 104 2.93
157 -0.03728548814314045 -0.01683058852299785 1.258767251010395 90 93 86 5.61
158 0.08352604272826855 -0.01602006698973375 1.281964676246908 77 68 62 4.83
159 -0.1282593737577405 -0.0141492314024965 1.196624570909225 129 110 71 3.37
160 0.05036860547211536 -0.01500013498087703 1.262323873600615 57 62 55 5.57
161 -0.02724144525177363 -0.01542149879159425 1.241675919149243 109 105 99 4.03
162 -0.0239127936753232 -0.01811501756488389 1.260206791321532 75 75 77 3.53
163 -0.06617143978633433 -0.0153450098462084 1.2460234138549 77 77 86 2.99
164 -0.05969504014638627 -0.01521419083883371 1.250346450675868 76 79 89 2.89
165 -0.05639477739408155 -0.01518459493994229 1.252794033186983 67 69 76 2.95
166 -0.05639477739408155 -0.01518459493994229 1.252794033186983 67 69 76 2.95
167 0.09233088287910653 -0.01766922499811233 1.311960049712245 32 48 62 1.54
168 0.09259591554900956 -0.01715292034832604 1.313600240721712 69 74 74 2.07
169 -0.1415711827065082 -0.01209865294719586 1.196598521296666 130 130 124 2.77
170 0.03144988110296815 -0.01511322290402166 1.297118216797178 86 84 83 5.9
171 0.09363694305803608 -0.01496007644716749 1.303354078602529 82 71 74 5.7
172 -0.08738477619236878 -0.01358994641517087 1.234355412730221 27 29 27 3.19
173 0.09409572106063514 -0.01251739271700047 1.299954853221851 89 81 85 5.05
174 -0.08927772395553435 -0.009611280864950611 1.217003528581485 58 60 57 5.2
175 -0.02738564809415719 -0.007540559946123276 1.245990555147776 64 57 42 2.54
176 -0.003109498359505608 -0.006059542767001946 1.274414607794399 98 98 91 5.23
177 -0.03302397314837474 -0.004904714666058324 1.256284828788367 102 91 55 4.54
178 -0.008709324488775982 -0.002522793751689727 1.245613205452834 84 84 76 7.25
179 -0.1106404757380303 0.001320250400530801 1.197325689828587 78 72 60 4.5
180 -0.1451527805641126 0.001278635329793283 1.174970887827278 102 103 98 2.41
181 -0.0768290314359199 0.002614219118060902 1.23488193701353 97 99 91 3.07
182 0.02402022137071494 0.005721527638180141 1.256056746855722 84 82 79 4.88
183 0.02492716902428896 0.005264406612328456 1.254300385354956 74 75 71 3.93
184 0.06146945639893328 0.008040640151537014 1.275769318151835 54 55 51 4.12
185 -0.1778856913964369 0.01917731706963414 1.171951652903218 118 112 92 3.33
186 -0.004838582706881589 0.02222817516458585 1.2470675615759 100 97 93 5.08
187 -0.120471014428855 0.02290378229848206 1.185796034245988 61 59 49 3.03
188 0.009387814236515718 0.02853590528136619 1.283539347033704 78 62 64 4.32
189 0.0449970833960312 0.02938019294618012 1.281252119925888 59 48 49 4.9
190 0.04093294985329837 0.03189266791706225 1.273373684058641 75 62 60 5.27
191 -0.0092512611717743 0.0359668732993583 1.247905820710133 112 103 90 3.65
192 -0.006359129131956465 0.03542933545875496 1.265214833847879 111 100 84 3.82
193 -0.01561920459749944 0.04191249781509102 1.230284005942641 103 92 82 5.7
194 -0.1372927678972674 -0.1605594472362489 1.200959859974418 128 126 115 4.46
195 -0.184604689772982 -0.1509826671258737 1.178441425613349 111 93 70 4.19
196 -0.09494696125153734 -0.1518152179169865 1.211852507669034 159 144 118 3.08
197 -0.09852933246821949 -0.1535612951430668 1.223618088596948 172 157 128 2.95
198 -0.04899275412210025 -0.1558591136278154 1.24508719547095 92 73 47 3.6
199 -0.08417748709394063 -0.1520018315183035 1.22382734607049 155 149 133 3.84
200 0.01243803496548626 -0.1548371617443227 1.284637940864094 155 150 131 3.41
201 0.01807936028266835 -0.03362998794271655 1.292274772036966 110 104 89 6.09
202 -0.07725423053826946 -0.02487183666685817 1.205322312712857 121 122 99 3.42
203 0.03508275912472683 -0.02650513601758578 1.297877337105517 20 17 12 5.44
204 -0.08214742901836625 -0.02040658668022841 1.201007297676523 78 78 66 2.29
205 -0.1122493543090116 -0.01827754951547238 1.198279474486318 67 79 90 2.65
206 -0.03620750640174827 -0.01682507228069585 1.246798950150089 96 90 82 3.19
207 -0.03036711172400089 -0.01576068600837652 1.250940931716516 71 65 58 4.03
208 0.07204961164147042 -0.01896619162251071 1.313871703696205 55 43 49 4.14
209 -0.08735725494081731 -0.01561689574253439 1.232903523155892 26 28 26 3.04
210 -0.08802818271628016 -0.01317474660034632 1.220139285858138 44 43 48 4.33
211 -0.07076284351638723 -0.009646729384630619 1.241808982639797 105 104 99 4.13
212 0.01685901637819007 -0.004841097645233498 1.241529335528875 76 73 72 3.79
213 0.0194990586876205 -0.002055912227444372 1.260366565606955 113 112 107 5.4
214 0.05420744283808462 0.003093564779723635 1.259374594867654 60 69 75 3.29
215 0.02104324545868816 0.007054145861029953 1.253532865153294 98 99 95 5.05
216 0.08793822903372076 0.0132859497565734 1.278563076658224 97 90 78 6.16
217 -0.1776226056884601 0.02322787862224412 1.166022294330058 98 94 75 5.21
218 0.0007838799456534873 0.02330335800428142 1.280300134297499 86 85 79 4.22
219 0.07685135765144199 0.02329995546723102 1.285270770542492 28 31 30 4.19
220 -0.003072717470709502 0.02738048032870735 1.242611696826226 45 39 38 6.1
221 -0.1186070464355016 0.02623718700585619 1.183588065054185 83 80 65 2.66
222 -0.01173482911105625 0.03635968080784013 1.234273446864547 106 100 87 5.59
223 -0.1776731280604702 -0.1595369893828704 1.188004916831758 215 200 161 3.86
224 -0.1848153645892713 -0.1591031248305643 1.189896226516442 163 151 127 3.78
225 -0.1659426149144896 -0.155924714771902 1.186945959982739 165 148 120 4.41
226 -0.1409178658932903 -0.1564927710802921 1.194178635815546 182 175 159 4.73
227 -0.06439892089741212 -0.1512909377499133 1.236400132229451 153 140 111 3.72
228 -0.07212451437507417 -0.1512960422256074 1.240879613200069 137 121 84 3.62
229 -0.03137708092169486 -0.150704755061634 1.248680884146887 146 141 127 4.44
230 0.001062497339033963 -0.1483609676532515 1.261478815654407 181 167 132 3.85
231 0.002305893871999282 -0.1495059988095477 1.265561024808221 142 135 113 4.69
232 -0.02355788808003059 -0.1486515127068939 1.256295208621041 145 129 98 2.79
233 0.04289768454292806 -0.1456522536101007 1.271218607769675 185 169 135 3.59
234 0.04289768454292806 -0.1456522536101007 1.271218607769675 185 169 135 3.59
235 0.0616628325893149 -0.1523301927102804 1.312599931325947 171 160 127 5.56
236 0.06343448791407835 -0.1446595534697153 1.28293141133932 125 114 92 5.28
237 0.07385215486491378 -0.1457658075730955 1.286194640426849 166 149 116 3.83
238 -0.1687934308481878 -0.09306410433545825 1.192652450847931 129 100 56 2.9
239 -0.1410935421637412 -0.07884523037919072 1.192356048376027 87 92 95 3.93
240 0.01846140506903401 -0.03763093854329094 1.295661389907875 113 119 107 4.93
241 -0.07312424135476658 -0.03070231672369025 1.209963220032438 56 49 39 3.05
242 -0.06484348548011382 -0.02268795414802739 1.223828055795512 39 41 45 3.42
243 0.02245032817782502 -0.02190607024901723 1.268525079870309 100 94 90 4.96
244 -0.06685640475768462 -0.02151342362610426 1.234934198220573 63 62 70 2.88
245 -0.06533542851118657 -0.01895039894331979 1.214864600026595 49 50 51 3.66
246 0.01418251400047307 -0.02114659025635188 1.28576965768519 42 41 39 6.02
247 0.01547954877940613 -0.02205418317461717 1.29356274257942 22 21 16 5.47
248 0.07868312040194138 -0.01893693776332413 1.325392840534808 22 22 18 5.28
249 -0.08782526276644836 -0.007152549067438046 1.212423099511808 70 72 68 4.2
250 -0.03628661113236953 -0.0067859746798264 1.253652437251483 94 80 50 5.58
251 -0.08461906168046457 0.004655246845213668 1.21893422472632 85 83 76 1.87
252 0.1190170915365948 -0.0002278070600486397 1.355563611692377 58 63 61 4.58
253 0.02265474463086983 0.007919252995539939 1.289578348932929 97 102 89 3.93
254 0.04803936893958696 0.01181576245708188 1.273861210841791 61 60 56 3.81
255 -0.1759016447837071 -0.2041810218135814 1.191100332252201 174 160 136 4.01
256 -0.02307471203930603 -0.2095221260288466 1.26961301532533 154 162 158 4.15
257 -0.1637473628548686 -0.1707323509893787 1.18816472840501 186 155 101 4.18
258 -0.08213892175879955 -0.1592114198504603 1.236300665831918 110 96 71 3.59
259 -0.07394488364691082 -0.1591873953107417 1.240547410390991 110 92 62 3.56
260 -0.0875419347039047 -0.1508307006128723 1.225704922783442 138 128 103 3.64
261 0.1215059708973073 -0.1536004550341371 1.32542211453719 102 90 63 4.1
262 -0.02393946660243179 -0.008791750936056192 1.240213139448096 123 108 72 3.54
263 0.01643748966260813 -0.007438427906522029 1.25958580128142 107 110 107 4.44
264 -0.005685512910707624 0.001722442779674094 1.236234281730252 55 53 49 6.3
265 0.01335502839847849 0.001975089009390911 1.255805674918469 61 60 55 5.73
266 0.03184314288266624 0.006535377952595125 1.26935899672816 28 28 25 4.88
267 0.09856167129353019 0.03070830437745005 1.298139675135484 53 37 36 4.42
268 -0.1245554253310731 0.03644787045505497 1.185436977536651 49 43 35 4.61
269 -0.03013082000883177 -0.1547882001170645 1.254884636383525 128 118 97 4.66
270 -0.001846440491421603 -0.1572178882276763 1.271829753982519 129 125 114 3.59
271 0.03005928377980416 -0.1543244211937216 1.280088849122941 121 106 86 2.79
272 0.05179644419897772 -0.1533482998425385 1.290142613488403 149 146 130 4.13
273 0.06144276156199066 -0.1534468943968441 1.295652089867428 129 127 117 4.02
274 0.08112689948905667 -0.1521147359642143 1.29675163544454 102 90 68 4.0
275 -0.05652072468057473 -0.02227593837146616 1.223313784821396 43 44 44 3.94
276 -0.1222066914674165 -0.01696679122592237 1.194709837370063 65 65 66 3.68
277 -0.002861103034019263 0.02878406742803621 1.269755941305251 129 129 109 3.9
278 -0.001337347701695135 0.03705779423908172 1.256533300678643 53 34 32 3.41
279 -0.1714627397469505 -0.206383611129047 1.204073650336656 156 144 116 3.76
280 -0.1240081537178963 -0.01365450193407533 1.204666632821837 67 66 58 3.97
281 -0.08734946250604514 0.01775971643357187 1.208952798896864 39 42 36 3.34
282 -0.07974930871257652 -0.1887565661684004 1.234663501078042 204 205 196 3.91
283 -0.07959541326870689 -0.1858999995120892 1.225336736601495 204 203 195 4.02
284 -0.01782860139232942 -0.1680746381021534 1.266794479395718 121 106 81 3.49
285 -0.07829157383398688 0.009133121862537244 1.223073673337759 85 96 99 1.9
286 -0.0779781140649447 0.009678554910854113 1.217642001412564 94 100 100 2.63
287 0.05280027808142451 0.01443525851956795 1.271259235471815 57 63 55 2.23
288 0.03865506713704026 0.01298760806123536 1.271959083884975 22 20 16 2.39
289 0.288245750601083 -0.1285959101074363 1.270950212656807 210 214 217 3.48
290 0.2719363844364914 -0.1144464036931638 1.287336181129031 126 124 123 3.29
291 0.1661721224130416 -0.03020668829243302 1.349267537812477 23 29 34 0.91
292 0.1166207451479254 -0.0228314297636456 1.309440317779063 133 122 89 1.91
293 0.04491390296566392 0.003268272603079561 1.273210267955461 56 58 58 5.53
294 0.07687153561336967 0.004055032378685751 1.284565807617548 55 57 52 6.02
295 0.0160828205314722 0.003971768961616702 1.257865112577693 93 96 93 5.06
296 -0.1390289878851119 -0.01786276600114507 1.196013807729388 111 110 87 2.79
297 0.0747988634845049 -0.01006456284147906 1.28451926834502 90 87 92 4.75
298 0.003947698844269293 -0.04793182487290704 1.256329702249956 78 78 77 4.91
299 -0.1343054225106492 -0.01476031697298368 1.203775983577797 92 86 74 3.79
300 0.01221150766587964 -0.01468532502892914 1.261181473540648 63 72 85 2.94
301 -0.03624760079014983 0.004566172583996173 1.232225026875548 57 60 55 0.83
302 -0.1435295771236079 -0.14820250908529 1.194061469651433 116 107 91 3.9
303 -0.06593445395601816 -0.0898728649008112 1.228846672201259 136 122 101 3.49
304 0.08012469404667251 -0.01581726910507295 1.27714896719474 124 108 102 5.33
305 -0.1257126510682829 -0.01814316867628303 1.20809987665435 121 108 86 4.91
306 -0.02154049096315358 -0.01364174834020849 1.23493472054516 105 90 77 3.9
307 -0.019795082220224 -0.008325456915962422 1.239586395808884 115 108 93 5.4
308 0.01213824580123832 0.000108249981181946 1.242109004213477 67 71 72 5.63
309 -0.18444246110752 -0.001451499210962545 1.173143376326594 102 97 80 4.36
310 -0.1678633743648827 -0.0003392056892711041 1.175763529005565 59 62 57 5.01
311 -0.1411918870178445 0.0002351621252150056 1.188045903745566 122 119 109 5.22
312 -0.04688784005397298 0.001515564805102499 1.225201700126838 121 119 109 5.61
313 -0.009049017225802258 0.001091656226028657 1.242591785724972 92 90 76 3.83
314 -0.008014919130871878 0.004200145525304797 1.235415141050203 103 98 85 4.64
315 0.08142314955926269 0.005321392334057871 1.274170931534996 78 76 65 4.12
316 0.1128498124902276 0.008438456614465416 1.289526628312337 76 68 67 4.65
317 -0.1795857864092076 0.01549397933711818 1.163343551762754 104 94 72 4.16
318 0.05070417077115133 0.02436398387547184 1.273794517648676 103 100 86 4.72
319 -0.1488006988132199 0.02693346268162643 1.17785863938044 127 118 100 3.47
320 -0.08638439684977289 0.02913264275659159 1.202228856893144 93 90 75 5.06
321 0.08134393159441929 0.04202677223148032 1.278724075554653 99 94 71 5.46
322 -0.07732349828166274 0.03899422404050724 1.208578873930148 120 118 107 4.57
323 -0.1330580946129121 -0.1529892051414144 1.197234099112496 155 154 141 2.74
324 -0.1483004263613438 -0.1482580675869616 1.186687326389721 148 135 105 1.37
325 -0.09227036900734958 -0.1510234107907025 1.229794291951126 152 141 116 3.12
326 -0.1784393365602742 -0.003539024407322643 1.166781442529148 105 100 89 4.2
327 -0.02349833216123795 -0.0003413617610264555 1.241567401796592 101 89 66 3.64
328 0.1152389260874096 0.003942032617160753 1.295522781431604 83 84 76 5.07
329 0.1176520263163172 0.006348708226807449 1.304092663219083 80 81 74 4.49
330 0.05160805172525715 0.02588938450173098 1.272932939890984 150 146 138 4.48
331 0.0571626397117708 0.02595463151244592 1.27010837263523 128 119 99 5.76
332 0.1167050530461534 0.03109643306289396 1.29867722695468 125 122 110 5.18
333 -0.1182092398497376 0.03001439592304919 1.185887577592589 120 115 99 4.52
334 -0.1187636462970153 0.03013337344358312 1.191743577960772 135 139 122 4.06
335 0.02896346553034138 0.04323107467508659 1.255145476595085 89 72 67 4.82
336 -0.1536736190658305 -0.1785568407235086 1.200919115954624 144 134 112 1.74
337 0.1494223030058225 -0.06062493042479963 1.334042351916068 146 147 140 3.78
338 -0.03284892892806682 -0.01672715638821064 1.256775924957818 69 63 49 3.49
339 -0.02280243896420928 -0.01761127724350676 1.257376344712334 70 68 56 3.47
340 -0.1233397310395093 0.02511074274552539 1.1936113339847 49 45 36 2.91
341 0.01892119289617605 -0.1524116590980851 1.268229344641148 120 115 104 4.62
342 -0.04321948051472202 -0.04963828025118173 1.231336891217873 161 143 111 3.56
343 -0.1515057874392317 -0.02248585227718336 1.175622474811058 136 137 122 3.31
344 -0.1339001338331181 -0.01548444740611966 1.197555932169987 92 83 73 3.0
345 -0.1613257240963483 -0.00712804654771261 1.18079187550791 68 69 66 4.62
346 -0.01936570328774437 0.001093809709182943 1.236715427620927 74 73 60 4.91
347 0.2748503737141401 -0.1209459228425635 1.270928889620355 136 135 129 5.26
348 0.2806771101411948 -0.1071952450468545 1.274482130705166 137 137 132 1.0
349 -0.0521845989833602 -0.005607582601266436 1.233094582533841 93 87 84 3.62
350 -0.1120162339643975 -0.0119110603224927 1.191044276536172 112 110 104 4.47
351 0.2733215013795021 -0.1281822843615759 1.273215955916999 109 111 112 4.72
352 0.16026659935444 -0.02447528969332152 1.340505750155716 44 46 46 5.14
353 0.01760697883647247 -0.01942553790699917 1.26843007075914 139 134 119 2.57
354 -0.04333263054864969 -0.008790830702537118 1.217847355710223 74 70 60 1.75
355 0.0155382334068693 0.0004124953737705585 1.265805547645655 91 87 75 3.88
356 0.06790571992044522 -0.1457492135068381 1.296582159294736 126 114 94 4.22
357 -0.123417128273941 -0.08091562916036285 1.20956923394352 89 90 101 3.19
358 0.08176166001241592 0.0006559179346888877 1.278656194223862 86 86 79 4.41
359 -0.09949564176636533 -0.1768418960044479 1.212014259905854 100 97 88 3.44
360 -0.1790355282389326 -0.1603971373075048 1.185915150164508 187 160 106 0.97
361 -0.1131122237439777 -0.1449014579262394 1.203454572656027 172 171 163 2.73
362 -0.1875994401002316 -0.07559359928598244 1.193213708227728 165 156 128 6.32
363 -0.1858146781487461 -0.07633932870035839 1.19101168126227 160 164 148 5.32
364 -0.1531237251020571 -0.07024616493099992 1.189080895237526 130 126 107 2.25
365 -0.1156452966738487 -0.07194306273104811 1.203754322348793 152 160 146 3.17
366 0.07424082913875765 -0.03391331391092477 1.268643151181834 184 151 74 3.77
367 0.07887292886964149 -0.03399833948344858 1.285600008004064 144 120 76 4.29
368 -0.1771709722453209 -0.01915448737693003 1.162220499769655 116 118 109 1.42
369 -0.1685354232004377 -0.02064430038605031 1.17433431643555 70 71 74 1.27
370 -0.1574116230029506 -0.01976533033072529 1.177782906581252 62 62 66 2.97
371 -0.1574698957481998 -0.01969435676105568 1.179151101280086 64 64 68 3.37
372 -0.1464334874326706 -0.01759527585638456 1.172362136169699 117 120 114 1.33
373 -0.1460497877409159 -0.01695973406605181 1.198014986556931 109 109 100 6.26
374 -0.1422157210560276 -0.0144629015918414 1.192506268136764 142 138 114 6.36
375 -0.017411501050276 -0.01482915662406252 1.223594499174373 79 71 75 2.94
376 -0.1776991557391827 -0.01145820840717343 1.160443222528111 90 93 83 1.41
377 -0.1531576798625772 -0.009411139322870046 1.197341413234935 108 107 88 6.17
378 -0.1482067119056814 -0.009192203620193445 1.198217231999336 101 99 84 6.13
379 -0.1458789547324605 -0.008990001507519746 1.198194506517068 97 96 82 6.15
380 -0.08002782366542649 -0.009274976359881025 1.208251082101112 94 93 86 3.51
381 -0.02749119212292889 -0.007400896610209522 1.239119676920909 98 84 68 4.0
382 -0.04696498874206778 -0.005187431641284178 1.20917665261369 134 140 128 2.45
383 -0.01124086570173052 -0.005270174642830784 1.232288441738166 91 91 83 5.2
384 0.02243139909348466 -0.00386134120273867 1.255263617982628 112 113 107 4.92
385 -0.1779715625269007 -0.000190626630109457 1.168326619153319 68 62 52 3.87
386 -0.1517975903521136 0.0006566373298277188 1.171645044085314 60 55 45 1.37
387 -0.1534626318794331 0.002303342446824617 1.177452488112095 121 118 107 3.37
388 -0.08086303786138271 0.001058275859616601 1.210255159354067 88 87 80 4.67
389 -0.1090170522143181 0.001402467947714273 1.19993304211571 115 113 97 3.48
390 -0.08210697358382818 0.003279016839047622 1.208997930430938 97 94 81 2.58
391 -0.04672467035257277 0.003804649588735227 1.223434973390392 84 83 67 2.32
392 0.05264458320118978 0.003781157871069475 1.269561081534504 88 86 81 5.33
393 -0.1797212865783251 0.006044035516399343 1.175613479325408 94 89 69 3.58
394 0.0236861557522754 0.005205026033171047 1.255727279098875 64 62 57 3.47
395 0.08873391870863072 0.004647911581346056 1.28992214528386 103 104 101 2.6
396 -0.1108182444886693 0.006494988168058437 1.199022959256918 95 88 74 2.15
397 -0.1108695269663655 0.01439780976382711 1.195016952480211 112 102 80 4.88
398 0.04917863549361898 0.01690450583114666 1.262238301150243 97 95 77 4.3
399 -0.07696281094881635 0.02549839778946338 1.210573205916284 123 118 104 2.76
400 -0.1784633520190631 0.02584458375123154 1.157631664102061 83 83 64 1.17
401 -0.0771728259040288 0.02819625042567287 1.208439449842056 113 107 87 3.52
402 0.05562684808527477 0.03806600274805129 1.262584019110453 112 99 81 5.58
403 -0.07102620541754145 0.03318544774896647 1.209120719272239 119 117 102 3.7
404 -0.07877735736508901 0.03454098970456265 1.207461250807763 122 116 100 2.64
405 -0.006725572457994211 0.0362822546281894 1.239595936927147 114 111 102 3.92
406 -0.07343321549889437 0.03687421450133659 1.193595555360613 127 126 112 2.3
407 -0.1706998110684708 0.03540517270487629 1.160093405006521 77 70 65 1.16
408 -0.02381776398881458 -0.2128348923594384 1.24547839179009 127 123 114 4.05
409 -0.08400221295078208 -0.1522449544767479 1.226496494244301 155 143 108 3.34
410 0.044072010520632 -0.1469317520124778 1.282349752503541 128 116 94 5.37
411 0.04322279666177573 -0.1436553562033634 1.277801459684139 136 126 108 2.86
412 -0.106927646847774 -0.08107072423833334 1.205128955015339 124 121 96 1.86
413 -0.08376918159109858 -0.02624189313585574 1.208899263855069 157 136 96 3.35
414 -0.140083005004324 -0.01975917819167854 1.178680679678453 130 126 112 4.63
415 -0.1205050157925842 -0.02092305156346937 1.188245476363882 93 94 92 1.68
416 -0.1686349963778711 -0.01586274014892244 1.174010829009904 96 95 101 1.17
417 -0.05990959591272027 -0.01699710036298836 1.213572469214362 52 52 59 2.96
418 -0.1658682726684556 -0.0156867397388739 1.179966356293384 78 82 83 3.75
419 -0.1613127247155388 -0.01489585462020211 1.177923714952241 62 67 65 4.26
420 -0.1631903889940576 -0.01297221137332523 1.177765701825393 34 36 29 3.56
421 -0.1777312170662108 -0.01101404580123042 1.170628053485484 129 128 117 1.39
422 -0.04655352072236846 -0.008326465480544103 1.224416150297422 107 114 114 5.35
423 -0.1779894973348722 -0.001634288289236351 1.177509621750036 119 116 100 5.2
424 -0.06023390198256912 0.0001218084817428619 1.205901942689761 51 53 48 3.27
425 -0.1074512893532018 0.002443303911375679 1.193143009508201 66 65 49 4.73
426 -0.04315628297111554 -5.887828001125556e-06 1.225210931252054 98 95 88 3.81
427 -0.06007916012468822 0.002166947025817916 1.221805711661862 56 54 49 4.8
428 -0.1124568782387426 0.003951028812458408 1.191743410607619 96 93 77 4.66
429 -0.01396705368399787 0.002065734075016928 1.24096586531969 114 110 96 5.19
430 -0.1074597128959699 0.00459157613050579 1.187350262966482 101 100 88 3.69
431 -0.07905014190212373 0.002738760960373659 1.210661665935397 115 114 104 3.59
432 0.1090273792197883 0.01065434412650828 1.282540323507295 124 104 92 4.23
433 0.107193243601381 0.005675200595374219 1.297274803456854 76 62 61 5.76
434 0.123202898399139 0.009059885491042681 1.276931076880608 57 59 56 4.3
435 -0.1788124328006387 0.01092361328388343 1.168845382764509 98 95 79 3.99
436 -0.07680347740799853 0.01259559757292108 1.212228716815053 139 138 129 3.38
437 -0.1253166417850478 0.02152154256720398 1.181649226485381 51 53 57 1.64
438 0.07288061031696155 0.02472049653680057 1.270493163709531 38 42 39 4.1
439 -0.1489451133614703 0.03186674764657343 1.181674038245048 123 116 101 3.46
440 -0.1804636093966129 0.03295308003258547 1.162625158874925 87 81 65 5.11
441 -0.1792926681392322 0.03312386765375057 1.170425096845524 85 82 61 3.03
442 -0.1189528738337514 0.03675057655750578 1.177581824919925 124 129 106 1.79
443 -0.02251613646454637 -0.03081871007540447 1.232249835003101 110 118 119 2.39
444 -0.102149395824605 -0.02048337260942042 1.213624682285209 75 79 79 5.13
445 -0.0943407710189007 -0.01871653993594716 1.197503616024055 69 76 74 1.48
446 -0.0806895901012768 -0.01653262956579581 1.195120254542464 60 62 60 1.29
447 -0.08035870113281463 -0.01595927520724041 1.197321703379981 94 97 94 2.88
448 -0.02459745402018745 -0.01890530658266466 1.231625369407768 29 22 25 2.54
449 -0.0482469403396768 -0.01540201168791618 1.221109896045122 96 91 92 4.28
450 -0.1819713405326662 -0.01012834967463067 1.170515463939432 126 127 117 5.44
451 -0.1557682581332905 -0.007813343581522633 1.17389359371687 53 46 49 2.55
452 -0.1295453445122978 -0.00531097843510896 1.193440356919479 95 89 76 5.36
453 -0.1173121307472421 -0.004481958892950805 1.19560117203079 80 74 61 3.71
454 -0.09152272773999609 -0.003037028168472681 1.201773711319219 78 81 81 2.55
455 -0.09553886918865406 0.001561234435272282 1.19544840365378 53 52 44 3.39
456 -0.05601735613525144 0.002708595062614763 1.220640357790974 35 35 28 5.43
457 -0.1156273675656602 0.02004414741887495 1.19835162837185 90 87 71 3.85
458 -0.004195713427877945 0.02240665066725484 1.234879813866658 24 26 24 4.19
459 -0.1801203425893329 0.02094790158778834 1.172915486049581 94 95 90 2.92
460 -0.1417799399531964 0.02385539420015294 1.183150380154101 103 90 70 3.59
461 -0.1204445492501061 0.02568140884595015 1.189953846478796 81 87 84 4.22
462 -0.1439294047357709 0.02731619170114097 1.186366614793319 145 141 126 5.19
463 0.008764674618929491 0.02775408744415155 1.255480732754072 40 48 56 4.82
464 0.1078636929315619 0.03407946639698158 1.284983078330436 111 100 87 6.75
465 0.05417348691533314 0.03610412720373581 1.265142290769547 113 109 100 5.24
466 0.008530532810730573 0.04016371446989203 1.225503942519103 106 104 93 3.79
467 -0.1434984376873595 -0.07492401796647141 1.19105986798757 129 126 113 1.39
468 -0.07349762256428621 -0.08260987614910875 1.225948824737377 148 146 133 3.61
469 -0.04645860236460156 -0.03253867502752747 1.221506792474252 168 142 85 2.18
470 -0.0776772861592514 -0.01994013018267982 1.203558971800895 120 120 112 2.54
471 -0.07963828966067704 -0.01835905216939859 1.194998502962917 125 126 118 2.64
472 -0.1822130087017499 -0.00411193652210062 1.17161144475134 107 104 96 5.17
473 -0.03870046777563638 -0.0002342579896531249 1.223412848356383 93 83 78 4.35
474 -0.01838223450173965 0.001091651693749002 1.230641907325445 94 92 81 4.86
475 -0.03374337593475424 0.02705691749464636 1.215391735662144 59 63 54 3.59
476 -0.08377427212548066 0.02847241442129876 1.207453006133666 132 128 116 4.18
477 -0.08174395299567372 -0.2413260551848 1.227031098134571 110 101 88 4.03
478 -0.1197278642935873 0.006206573518597866 1.182171552393859 92 88 71 3.97
479 -0.006706988932434627 0.02463990325056871 1.238233515594898 137 135 127 4.16
480 0.1152846512570619 0.03913073351251981 1.28951545278509 152 145 121 3.3
481 -0.09255485854528417 0.0362108827161714 1.195677468008622 66 63 45 1.92
482 -0.01960257358301509 0.0001852290370607627 1.231599202628837 87 85 73 4.99
483 0.1071942306903359 0.02009892416997376 1.271588420489851 121 110 85 4.61
484 0.1192622003811214 0.02077082980280132 1.292431734107798 106 103 81 4.11
485 -0.1267902376047856 -0.08582048724658359 1.220426195435785 113 120 124 5.1
486 0.08202624417661042 -0.2252050279616118 1.307223011810133 163 201 232 3.61
487 -0.09922581124684154 -0.1851699913616439 1.220752466431841 89 84 70 4.81
488 -0.09922581124684154 -0.1851699913616439 1.220752466431841 89 84 70 4.81
489 -0.09400152215692809 -0.1812421826456149 1.223169474569557 78 83 85 4.97
490 -0.09424945094470555 -0.1785937083907021 1.216711335795267 86 91 91 4.92
491 -0.1873488529726263 -0.1689487390625756 1.185928446854732 157 148 132 4.41
492 -0.140742900876611 -0.1649623587363725 1.215728297313036 151 150 136 4.2
493 -0.06022006631438553 -0.1426780291175913 1.237836347667405 110 103 84 4.82
494 -0.05006136377436843 0.006520333754795472 1.225131792493291 105 105 93 5.41
495 0.122573345656533 0.0356273039858289 1.308468097003181 100 90 77 6.24
496 0.06263358160076771 -0.2216782072025412 1.308543494334225 100 111 121 3.95
497 -0.1244065984295901 -0.2049407462721233 1.209363703808367 127 125 116 4.57
498 -0.09770779581120204 -0.1758030598207247 1.228290071918871 91 89 79 3.96
499 -0.1055292696482065 -0.0809105828452458 1.224207817010227 75 66 59 2.03
500 -0.0120978582922196 -0.02181925916683362 1.251047715383598 104 94 79 5.42
501 -0.1488157659639172 -0.001867484455709872 1.189246441033039 106 102 88 4.2
502 -0.1488026216864526 -0.001219920463768367 1.189465156972844 93 89 74 4.03
503 -0.009035704477376394 0.0184237010649365 1.24437419799084 141 138 118 3.34
504 0.1090058428817328 -0.01481158133095994 1.306414829996776 76 81 79 3.07
505 -0.1077082894516949 -0.003315350835190616 1.20255649079373 131 129 116 5.08
506 -0.1476550421156085 0.03352318448848092 1.191395731546308 86 81 64 4.53
507 0.1464441861157265 -0.1434852590097835 1.340069154407736 139 133 109 3.54
508 -0.1294842316212662 -0.1953756959056966 1.203544885107243 78 72 58 4.62
509 0.08592235128334558 -0.01139007907426228 1.296021161010954 84 72 71 3.54
510 -0.1189580765796254 -0.01506727622445089 1.20336631672827 133 136 132 2.52
511 -0.0128436246494962 -0.2089657713844489 1.274711376475465 206 196 166 1.2
512 -0.1227751140641322 -0.02470804256319839 1.201201577655318 62 62 57 3.01
513 -0.1603779415084249 -0.01338224990122315 1.186979926285234 29 28 21 3.94
514 -0.1639609782953853 -0.0109172675484594 1.185046654560705 60 59 49 3.99
515 0.1557417012339493 -0.05317768075126966 1.332028960407549 62 58 43 4.88
516 -0.05060381902967265 -0.0150425436169637 1.230728815691167 151 150 147 4.78
517 0.149057753871651 0.006514532805421955 1.315038875500258 71 71 64 4.53
518 0.1492049206789602 0.03983695825476083 1.316760767711783 91 87 69 3.13
519 -0.1666817131835595 -0.03728916192526684 1.180793004335752 44 39 25 0.6
520 0.01780786277517227 -0.02950718508304957 1.266102794000293 121 105 63 1.93
521 -0.02213368612239469 -0.01029009664737641 1.264146909758678 127 111 65 4.22
522 -0.1552145274323057 -0.01661539961421496 1.204671377432828 127 128 115 3.22
523 0.1079295790160638 -0.03366156394150013 1.309226467342222 54 36 30 3.67
524 0.02690592401607705 -0.02736314486759595 1.28015699289933 116 105 70 4.29
525 -0.03272711909758871 -0.02437276063860849 1.246701142509958 51 47 58 3.5
526 0.02461466110184377 -0.005106565497168942 1.253975537034343 123 124 117 4.38
527 -0.0006547644260574415 0.008506336668525892 1.252409055172558 32 34 31 3.4
528 -0.03074414127922651 -0.1931232368908704 1.247347195081811 151 145 131 3.71
529 -0.1485679550082691 -0.1569284030932192 1.206766285910874 133 128 105 2.96
530 -0.0397594440112905 -0.07718663390658448 1.240344272730537 68 84 96 1.69
531 -0.03808156737656734 -0.05277109290659149 1.248269895781867 46 42 42 3.08
532 -0.05065519776848626 0.007318104864706952 1.219593285249517 99 98 88 3.0
533 -0.04480647507960359 -0.1846635725750453 1.261827997177525 158 156 137 1.91
534 -0.03157968917921067 -0.18315850315993 1.253039935717655 28 24 21 2.71
535 0.02597942340468157 -0.164401550798067 1.281103530423666 119 118 111 3.48
536 0.08478686790032312 0.01432437055002431 1.286760000515271 66 67 57 2.26
537 -0.03167704130668078 -0.0904691558329338 1.247133484010607 76 77 74 3.0
538 -0.1591431019087342 -0.0750841918383949 1.172272452883449 43 50 61 2.33
539 -0.1226616055951626 -0.02870163442652112 1.205001083629889 62 56 52 3.0
540 -0.1429716788841501 -0.01882452224070246 1.188249360127737 136 133 132 2.27
541 0.01021451189945419 -0.03687768658476367 1.264854604367701 35 36 33 2.73
542 -0.01680147093465481 -0.02056305449042118 1.245712857852735 123 128 126 4.31
543 0.2591632451109902 -0.1095828484394981 1.261308783609675 194 193 196 4.57
544 0.2765611167584913 -0.05545612135610634 1.253154977060872 54 53 45 3.17
545 -0.0969208794176169 -0.002023270629436281 1.210681607605565 60 58 49 4.01
546 0.2907929714696735 -0.1021972530186036 1.273507116116972 132 125 115 3.6
547 0.2587009484048046 -0.08299240770591756 1.289001211391574 98 98 91 5.05
548 0.2739577875293713 -0.1336387147518472 1.25032547537918 200 200 208 1.17
549 -0.007093380041606062 -0.01032615976115155 1.261759180699966 95 99 100 4.33
550 0.2756458791346619 -0.1492597341427251 1.275371746677807 158 163 163 5.63
551 0.2716127772720944 -0.1137662920017521 1.274008086994328 129 136 140 4.13
552 0.1477431903071199 0.01159051047581076 1.315010134871498 62 34 26 4.59
553 0.214797649199804 -0.04539945398697703 1.394057131207503 72 64 48 3.67
554 0.2684590842155236 -0.1289419688856792 1.284414856846217 197 207 205 3.5
557 0.2255719660952925 -0.07285236961849703 1.420081202976259 76 77 68 2.49
558 0.1528983303645562 -0.02424551612181949 1.327643112022184 130 111 93 5.35
561 0.1561846752577286 -0.0418795395370663 1.333410126907509 31 34 28 4.02
562 0.1555028356677444 -0.02162495684602458 1.323417076520644 68 71 68 3.5
563 0.233241461856427 -0.007653221891964906 1.411555520794238 86 88 74 4.04
564 -0.1397767497684065 -0.1515725753364782 1.20805646459227 152 142 118 2.4
565 -0.04958250414096788 0.001296579321371286 1.223604422665356 113 112 104 6.27
566 -0.04424610937232246 -0.001150252692889275 1.227603867205826 112 111 102 3.22
567 0.05895124001670995 -9.344207188593037e-05 1.272317267835446 80 90 95 4.79
568 0.01042784704321517 -0.1475880801161203 1.27809519041459 114 108 91 5.53
569 0.2778205958655692 -0.1496004533286556 1.273318224231243 240 245 245 4.65
570 -0.117388550396327 -0.1502354209539167 1.20954719180836 193 185 158 3.29
571 -0.003125907512608911 -0.1471405516906803 1.265774362952873 153 142 118 1.75
572 0.1137048451052133 -0.1455466378096196 1.317406376613951 134 124 101 5.25
573 -0.1489567299858016 -0.07164927595081838 1.194999904892518 151 150 137 4.0
574 -0.08206876524474949 -0.07011759024435249 1.228594026117941 170 172 162 3.19
575 -0.07787009948598744 0.03352700624023758 1.213045221639379 129 128 116 4.58
576 -0.08071078682947963 -0.26801282180351 1.254284244525173 136 137 118 1.28
577 -0.09304502829061273 -0.1519589587470608 1.234796032196537 157 150 128 4.97
578 0.03275151384581759 -0.02415007739280411 1.273987796458278 34 24 27 4.91
579 -0.06317162559321438 -0.1537100550919075 1.233014104777501 125 110 77 3.53
580 0.009505886287826365 -0.1481162380852407 1.279868782460149 171 162 133 3.02
581 -0.1088074620111338 -0.1477600692152576 1.215562268478151 151 138 113 2.64
582 -0.06589306785943339 -0.0851672847405765 1.240857828453474 101 64 31 5.14
583 0.02815898901806407 -0.02318111727331862 1.276223478750741 130 124 110 4.94
584 0.01783210480916142 -0.00437534141347188 1.270160923856724 79 89 93 3.97
585 0.02635994578162604 0.004809227515395129 1.257920354410892 64 61 56 2.82
586 0.02717573927897282 0.004716959224764837 1.255851886577892 60 58 55 3.7
587 0.08891328441011974 0.008662965498323905 1.286408997357032 90 91 85 4.27
588 0.04446194747170323 0.03070328324789053 1.269506083071955 62 66 64 4.0
589 0.04603653885609449 -0.1842238862078363 1.288941454280883 43 42 41 3.72
590 0.1136995019833411 -0.002420030404923362 1.303617681302536 78 80 77 4.22
591 0.1354060106701278 -0.1518810307121243 1.331234079147051 114 101 77 2.7
592 -0.1561055369172302 -0.1102562528667154 1.182951650034275 118 122 129 2.12
593 -0.09659240840270877 -0.08072107427405964 1.206310221721499 99 80 53 4.44
594 -0.06340715197566549 -0.08254665341385609 1.218017589756392 149 126 102 2.09
595 0.02151298671898622 -0.006656624277258608 1.252311316907851 96 97 91 3.16
596 -0.1525488012235166 -0.001323871916632923 1.176224676335248 76 78 76 4.08
597 -0.08476830217339421 -0.173436853047088 1.220234431725228 80 88 90 3.36
598 -0.1446876711300026 -0.1486654744793437 1.200300709828505 149 142 129 3.1
599 -0.1135496486620256 -0.02361874046819206 1.199461172165029 129 128 127 1.48
600 -0.1094218176649603 -0.009268860092514816 1.199188123655122 147 143 134 2.47
601 -0.09378664999718039 -0.089223131001923 1.216805835478487 155 122 65 3.24
602 -0.1230594348446425 -0.08479861153749266 1.207516993351691 60 57 55 1.1
603 -0.07565320986739121 0.008940861445464335 1.217279135302006 122 124 117 0.97
604 -0.1528478038411977 -0.1587910519157823 1.204962266700498 184 181 167 2.76
605 -0.03595381276413767 -0.02019128414186624 1.269732246775311 105 104 98 3.34
606 0.09501738363533951 -0.1644575911533502 1.319617134728051 136 106 76 7.2
607 0.08911395158121806 -0.1461297066538114 1.311433339887348 123 113 84 5.52
608 -0.03039758140669657 -0.0865593279298506 1.280286599887572 53 46 49 4.86
609 -0.1874663115976858 -0.03147156164132627 1.19228665093762 148 143 111 4.21
610 -0.1448734808905536 -0.03064540413707237 1.215115998267741 146 136 94 3.77
611 -0.1172937964288459 -0.02928015816216721 1.230330548772883 103 103 84 3.61
612 -0.07887095372464498 -0.028825352063324 1.247520369819678 141 129 95 3.47
613 -0.08483684212236703 -0.02698233737401698 1.24560431433863 94 102 88 3.58
614 0.004226791677827302 -0.02106163565133629 1.29325685449819 33 32 30 5.93
615 -0.1493796716042148 -0.01823373013791459 1.208821135403846 105 108 105 3.49
616 -0.1787821222841038 -0.01797697283709049 1.194079335085481 99 97 79 3.78
617 -0.01011731006717595 -0.00779847678073177 1.286669795658202 121 118 110 3.34
618 -0.1332132065336886 -0.1583928717837221 1.2242776319171 131 128 115 6.84
619 -0.1263193659251936 -0.08706060575987951 1.227528773691662 116 128 136 5.17
620 -0.04981301685150463 -0.07756973532307346 1.25930885743814 132 131 117 6.29
621 -0.08417640888686073 -0.03665083902506078 1.247839713298388 99 78 35 3.68
622 0.06556701642381535 -0.02321910776529908 1.302980018969133 34 21 17 5.85
623 0.06109673606867558 -0.02594383727018428 1.332730502906261 140 130 104 4.39
624 -0.03747631385257907 -0.01785697254994907 1.258648791345859 101 114 124 4.57
625 0.001817810305648315 -0.01683069517978852 1.295195515491385 110 108 108 3.57
626 -0.02272227511600258 -0.2061464918434766 1.274454002842647 102 111 119 7.11
627 -0.08809812233051045 -0.08924320366599942 1.243383015650313 118 116 102 5.4
628 -0.05451586006699671 -0.07739922683148709 1.247928569411512 124 124 115 4.61
629 -0.04055610877232549 -0.05806585786076551 1.250787310240951 67 65 62 4.47
630 -0.0793079463366585 -0.02581018414788534 1.234542135453199 112 106 98 4.49
631 -0.01466676287064025 -0.01632350639226336 1.266839536111945 145 142 133 3.71
632 -0.07361112785365931 -0.009106809920846323 1.248254619198198 115 117 105 4.78
633 -0.04616563626798584 -0.007078757746788143 1.232349782577088 118 120 109 5.55
634 0.02352510699779645 -0.02177117859362771 1.281317323345125 104 98 96 5.32
635 -0.08271483038179556 -0.01640064237046093 1.225062319001879 94 90 78 4.33
636 -0.03153990140025234 -0.01310541785179622 1.234774167168394 127 120 109 6.08
637 -0.09648756353274784 -0.02222388450534838 1.242315331839981 43 47 45 3.98
638 0.03639309361880622 -0.01475141409066939 1.295529044419796 59 64 76 4.42
639 0.002659395716319984 -0.02313213989782887 1.277556791215313 48 46 54 5.44
640 -0.08479809545830319 -0.01532843101177193 1.234859349360719 131 137 137 4.13
641 0.1132199800231242 -0.2087851600236228 1.352134497899909 130 157 173 4.11
642 -0.06993159216339723 -0.001931447824904134 1.219298034124645 103 103 99 4.72
643 -0.05212590343278339 -0.1828925706104401 1.232851137750495 106 82 77 4.14
644 0.1368865364864486 -0.1819604417799249 1.320573990901874 165 190 209 5.44
645 -0.1765697590764457 -0.1632809207895 1.191364177940302 198 183 143 4.26
646 -0.1121605906935507 -0.1328331191140857 1.208456477588104 149 116 77 4.09
647 -0.06297424121498713 -0.08336672979542839 1.229070930188221 124 101 81 3.87
648 -0.0510287741393346 -0.06969581726255206 1.233365691593404 126 136 143 3.76
649 -0.08472094415891862 -0.03480789726176516 1.235730302482806 101 90 67 2.77
650 0.07248425997776808 -0.0261274877850427 1.321962203995573 120 106 86 5.45
651 -0.03483250443139785 -0.0149272689676882 1.23202687544632 124 121 109 4.24
652 -0.1351452652587963 -0.01885069169814507 1.206859806986388 102 102 97 2.97
653 -0.1235184437507276 -0.0172581697870726 1.216514083022539 84 69 54 2.17
654 -0.1413262683395818 -0.01492266416463471 1.204801383073742 144 145 124 1.84
655 -0.1134367082169808 -0.01180273854046632 1.220492150782629 128 123 117 2.23
656 -0.02425961991820161 -0.005011342761901454 1.231474353696223 111 84 51 4.07
657 -0.04320285194490761 -0.001131874881621937 1.272636025498672 67 65 60 2.86
658 -0.1763484290909043 -0.002136087369398115 1.184902079638087 50 46 39 1.57
659 0.01808200366526755 0.02475652315617885 1.354371621533711 56 36 41 3.35
660 -0.1400118597854932 -0.1523371555562416 1.197560313949576 164 160 149 4.6
661 -0.08592203813011207 -0.07988185931790706 1.214691005581935 118 124 124 5.11
662 -0.08708719708546142 -0.06802739986275816 1.22222795443409 114 125 132 3.44
663 -0.08693219689516979 -0.01331414218377307 1.242130234216923 33 29 34 2.6
664 0.04907944712588064 0.02738054633851162 1.283727978298453 96 83 81 4.94
665 -0.1189660360166618 -0.1494644410357968 1.212784517335925 171 166 153 3.64
666 0.03280156541762103 -0.01575332817413538 1.258014128781956 49 49 61 4.59
667 0.03582017769988172 0.003124288391610065 1.258743737662605 44 38 42 6.16
668 -0.07628896430725957 -0.1746698835783039 1.218908538022272 218 211 179 3.83
669 -0.03772728674810627 -0.04237306252229394 1.269981211126426 209 192 128 3.52
670 0.09901927629193086 0.007263978815181808 1.295876217416539 39 41 36 4.89
671 0.003762453468630966 0.02797209025629713 1.277022957426983 68 62 75 3.85
672 -0.08273619925514641 -0.2467193308406366 1.22136059271743 76 100 114 5.04
673 -0.1590053760440617 -0.1419956771311387 1.194050175094582 51 52 58 4.78
674 -0.1567612730098231 -0.06868194029680283 1.19181226463201 85 88 93 3.26
675 -0.0230686001891045 -0.02305660078072909 1.241688149711978 45 41 38 3.92
676 0.0139815053072716 0.02006417598824411 1.265610100683299 56 56 55 5.72
677 0.2692906854940229 -0.1391898517134933 1.274390912297657 185 198 198 4.21
678 -0.1056839801917197 -0.08042962483825297 1.211591927533302 63 61 58 4.43
679 0.1155404638877349 -0.01024678082610353 1.309144328413107 135 121 109 5.37
680 -0.08852254604937787 -0.01558050515937093 1.219915021517064 52 57 59 4.9
681 -0.1620923507688362 -0.01487870689597987 1.180845203100249 81 84 85 4.71
682 -0.1581710125730002 -0.01004362335925067 1.180304302765539 81 84 93 4.01
683 -0.1243449680773088 -0.004459451176940708 1.204284080701801 62 62 56 5.26
684 -0.06576876849483115 0.02476604149400898 1.214149449813121 57 57 50 6.45
685 -0.1812639183329034 0.03538697379145363 1.180741666290743 94 92 77 6.3
686 -0.1171465886851509 -0.1504536896545165 1.218153372588899 134 135 126 3.85
687 0.1265742639757245 -0.01556817686727281 1.312497586530419 117 97 88 5.23
688 -0.1561466690641852 -0.01964757816211558 1.185205193622242 43 39 41 4.4
689 -0.1678033492184215 -0.02050040480525066 1.184792720760537 51 49 56 4.1
690 -0.1678033492184215 -0.02050040480525066 1.184792720760537 51 49 56 4.1
691 0.123647542017248 -0.008265035184574551 1.308643531038372 94 72 69 5.56
692 0.1220921594606171 -0.0143123259698527 1.313774189667946 84 88 84 4.82
693 0.01334510673727751 0.003104326849472133 1.261265736981339 37 38 29 5.83
694 0.09075454914938244 -0.00519078838621416 1.294718373844255 66 82 93 5.03
695 0.1022582104947847 0.03233598662033519 1.297817688523334 56 60 61 1.53
696 -0.1062940603156048 -0.08304269565560793 1.202987915335229 115 90 55 1.87
697 -0.1510547270683876 -0.02790416775603498 1.166760727079811 148 132 102 3.43
698 -0.1445763430516614 -0.07970327434811747 1.195687102921812 129 129 124 2.22
699 -0.004578896792878595 -0.02978475798816642 1.265040689846123 97 86 50 2.57
700 0.1335852948240559 0.0389268516178241 1.310225234300869 91 63 58 3.75
701 0.2194214446433178 -0.06194749887879406 1.413933155009898 124 120 108 5.12
702 0.139184831013921 0.02828743399923635 1.31784124180615 79 54 51 3.75
703 0.2734190987955015 -0.1489323966327092 1.272396300141001 182 185 184 4.83
704 0.2724145573463684 -0.07295900682402409 1.262207686231449 31 35 32 3.49
705 0.1505723518045342 0.01155940357991967 1.309780010078286 86 58 51 6.46
706 -0.03777356390373673 -0.03931814535700408 1.249791175770945 53 44 44 2.5
707 0.06315246842141964 -0.03532637057812988 1.291410994363488 31 35 33 1.23
708 -0.09984915290923352 -0.08888088057510138 1.228167796559143 118 87 73 2.57
709 -0.1078641949228247 -0.08071339520505005 1.222241844334635 142 147 138 1.02
710 -0.00819957528885043 -0.0180090805308472 1.255451285449744 100 101 106 3.14
711 0.1164228104006299 -0.006376500716316284 1.282340810562601 137 109 103 5.59
712 0.007493186864819451 0.03338706837776542 1.267615650028426 97 69 65 3.13
713 0.04660546933045026 0.03773577792581306 1.285314360484407 111 95 93 3.45
714 -0.1381384166855735 -0.09763871221927214 1.219851272478053 91 85 80 1.79
715 -0.1718930466038691 -0.02286291208303576 1.187148617076968 68 67 77 1.29
716 -0.1718930466038691 -0.02286291208303576 1.187148617076968 68 67 77 1.29
717 -0.1701000088497012 -0.01783181731011242 1.187871788340366 119 117 130 1.52
718 -0.1236343972334583 -0.02482749140211928 1.203685411225873 24 27 41 2.35
719 -0.06845288858384596 -0.01030951957323316 1.236989490287117 56 51 62 1.77
720 -0.164654451582688 -0.02199303974238725 1.192387707061915 53 53 62 1.6
721 -0.004563063387870936 0.02253156492958112 1.234267408567833 60 49 53 5.04
722 -0.122717291616728 -0.0343309163627445 1.207012433128765 91 91 83 2.1
723 -0.07009499915834383 -0.004093310113516341 1.224063376508634 77 88 98 1.52
724 -0.1681897610330626 -0.06475309103314369 1.199191477632741 63 67 69 2.28
725 -0.1181144675783658 -0.07062260250690333 1.195815175155576 169 171 171 5.81
726 0.07137363651845313 -0.0185551660981329 1.26853260387266 85 94 99 5.18
727 -0.1266269235393893 -0.00358541361139084 1.200781218951688 64 66 57 2.91
728 -0.0296156633603637 -0.2061739721484509 1.263729675413466 161 165 158 3.43
729 0.07176336227771005 0.0005211811171750812 1.286335447014695 51 54 49 2.63
730 0.1126677799359964 -0.01423176168373186 1.318546502804667 53 71 87 1.0
