# Image list with two lines of data per image:
#   IMAGE_ID, QW, QX, QY, QZ, TX, TY, TZ, CAMERA_ID, NAME
#   POINTS2D[] as (X, Y, POINT3D_ID)
# Number of images: 144, mean observations per image: 1390.139
1 0.9999906338325047 -0.002721696547136155 -0.003358035793795944 0.00024079644375128506 0.011666690333117805 0.0009892902738433953 0.005661755363612184 1 image_000001.jpg

73 0.9938261949651057 0.10663827945841063 0.011736867576841685 0.028284784872617905 -0.30872527590744864 -0.03208731590218206 -0.1945640065682547 73 image_000073.jpg

181 0.9848812388083023 0.15028996596334454 -0.06359726413978557 0.058114156338299965 -0.3663334108374509 -0.0016179633533379006 0.11733339479125929 181 image_000181.jpg

88 0.9634779214541311 0.23405759316460706 0.13004399670176944 0.003988607278541904 -0.28229839582606203 -0.020145948311411213 0.247346052896123 88 image_000088.jpg

26 0.9885278055791491 0.09624209080136188 0.11384017163869761 -0.02430316676107503 -0.3309564414652484 0.06872018087602497 0.2831379716068978 26 image_000026.jpg

126 0.9868434175112598 0.1496335090530633 0.004357370350044706 0.06108115947825206 -0.5177732384554624 -0.037473981797763414 -0.01719398958989676 126 image_000126.jpg

63 0.9913716355047695 0.12637654582595548 -0.007339975755702992 0.03402007894888271 -0.42826422734415703 -0.014755323876986918 -0.09645270152868672 63 image_000063.jpg

0 0.929683227235059 0.13374062346124324 -0.3264531856958321 0.10597577920897507 0.19773198312488297 -0.014875079525298998 -0.21750176256388964 0 image_000000.jpg

3 0.9674834723028378 0.15327876343682992 -0.19021088676659229 0.06558340749548447 -0.009787756194474435 -0.012542618878495716 -0.08782309295534825 3 image_000003.jpg

4 0.9776314628308739 0.11689372423294554 -0.16309957201717687 0.06301678943963623 -0.10192806763694903 -0.004173899605547263 -0.03940958707195968 4 image_000004.jpg

15 0.9642395787368925 0.11485752638451807 -0.2208237562595692 0.09103112163965364 -0.0038082134156843944 -0.030845699817108996 -0.21168913156769886 15 image_000015.jpg

17 0.9659939979113538 0.13555904305730312 -0.20470122438712537 0.0810971795886231 0.02852049717040915 -0.01830464795723504 -0.20683249913984672 17 image_000017.jpg

146 0.9761453349702645 0.05856370262570613 -0.19391876114449566 0.07814148060533688 0.02753616348023205 -0.16270900796627635 -0.6470567321743694 146 image_000146.jpg

147 0.919809547316068 0.13874513480095949 -0.3519735555325743 0.10399422988754284 -0.0021391200507764885 -0.0017064029109207356 -0.05387131484524023 147 image_000147.jpg

148 0.9902799118865767 0.13411448239223805 0.011662428559199675 0.03497126661513568 -0.5229745281582958 -0.016768160712699265 -0.010069765467519077 148 image_000148.jpg

157 0.9697073465082254 0.10312463605022867 -0.20426397892543927 0.08549390995949953 0.12652243079510025 -0.058705806028017865 -0.34947300224120564 157 image_000157.jpg

164 0.9873247787256765 0.12519660461488671 -0.08122671326483491 0.054016729200461695 -0.30337193891580744 -0.04138791998748459 -0.4524433745892568 164 image_000164.jpg

172 0.9618434539963246 0.11911747498866611 -0.23229863172506215 0.08188743965207682 0.12479131323095943 -0.034512343935638484 -0.3046179700749847 172 image_000172.jpg

53 0.9636674861702466 0.06339888455524344 -0.2382549922096397 0.10276250261993489 0.07675009639177807 -0.03796243264932836 -0.15315751124355634 53 image_000053.jpg

60 0.988880708529255 0.12112026655901702 -0.07978966099127503 0.03283954948096285 -0.31700928360125924 0.0069369867948586295 0.029050133403909467 60 image_000060.jpg

61 0.9592736208455134 0.09489980675414977 -0.24846382052839922 0.09515190248853954 0.16503289176311334 -0.04626117080587304 -0.26703547915066383 61 image_000061.jpg

190 0.960755985603851 0.09167230240056969 -0.24127046764760893 0.10164985573739728 0.07637795686663881 0.004799151074878761 0.013720256999316706 190 image_000190.jpg

69 0.8328930040076541 0.08580429175160487 -0.5189841413612735 0.17199525202591295 0.38250702108107976 -0.013013126063634584 -0.13212582107358156 69 image_000069.jpg

71 0.9876983301912978 0.14547118110995572 -0.0456737898161814 0.03469935961941905 -0.22464580396960365 0.00039607634536994194 -0.018594584547494533 71 image_000071.jpg

208 0.9923302004468557 0.07273116367142099 0.0974447750041978 -0.02225900830688657 -0.3062102019607903 0.05910806223603903 0.22818129848119062 208 image_000208.jpg

81 0.953668890482235 0.2271017943992176 -0.19008173814326026 0.05300340791716746 -0.1031529385590714 0.0029115360896843057 -0.041916831771841224 81 image_000081.jpg

213 0.9722462321026382 0.11736293038231937 -0.19043140582376475 0.06854994604248578 -0.008411706128110498 -0.0067741777828203955 -0.03447988089749491 213 image_000213.jpg

217 0.9652995737305411 0.20229528027900678 -0.15675061930349615 0.051986543773687215 -0.18111306507030733 0.06134015157060631 -0.07639520235107652 217 image_000217.jpg

98 0.9356449434897134 0.00896399251970093 -0.3333927213365124 0.11548798052328076 0.41251719478113325 -0.29281473047042217 -0.8184966040167979 98 image_000098.jpg

227 0.9435913892011752 0.14013954235343115 -0.2895951457679558 0.0782998191569246 0.12541345733759313 -0.015542715614556023 -0.17568914336916608 227 image_000227.jpg

232 0.9653274678303352 0.12592981927573155 -0.21549616272827385 0.07645899035722109 0.012029995402188791 -0.01620327612469971 -0.15892878271937802 232 image_000232.jpg

111 0.9797612220922599 0.12071599397660815 -0.14670307548989958 0.06303806873189181 -0.1794458579424112 -0.0027010201369194555 -0.03762130177921221 111 image_000111.jpg

118 0.9717324479220231 0.08930203309889681 -0.20500289879660907 0.07572974248647925 0.03570346765372884 -0.03908079162751463 -0.2148762265262913 118 image_000118.jpg

120 0.8816151617397577 0.17985547830127938 -0.42751854479003 0.08737627991286985 0.08007485484962895 -0.01304027546240382 0.11736786637692892 120 image_000120.jpg

127 0.9910177403973605 0.11129873103780288 -0.04442122353238717 0.05935643439150489 -0.4158883607091186 -0.009278637578012339 0.10750514955038054 127 image_000127.jpg

138 0.9252040965546392 0.06701191981968943 -0.35070309234439084 0.1285072899579698 0.10777692553777642 -0.020939585723920226 -0.08575902083591884 138 image_000138.jpg

11 0.9623409443653779 0.14599493610542363 -0.2156878757353105 0.07787264591996951 0.03566621536832934 -0.002024569074109828 -0.019394376674793243 11 image_000011.jpg

12 0.9886658967614107 0.09335980608352464 -0.10316165307517547 0.05640361859541531 -0.07823592901426557 0.012131495546684901 0.09226225117636176 12 image_000012.jpg

152 0.9509665582012513 0.18816459920904396 -0.23352960681227203 0.07563474663137863 0.18277115427988153 -0.002214273113734469 -0.14618300418581218 152 image_000152.jpg

25 0.9903716690669162 0.13585853923751232 -0.012985494671590093 0.023190417809630777 -0.216827761665235 0.016724094585067496 0.09570538902378577 25 image_000025.jpg

41 0.9694757555909694 0.09177579728558376 -0.21149572553579946 0.083447800053258 0.07640089672854042 -0.019710445009317994 -0.10820046373994177 41 image_000041.jpg

43 0.9764049666611939 0.17151673600070366 -0.12330220941403609 0.044854357362123516 -0.15329027426397737 -0.0007035949222077716 -0.03024835812571763 43 image_000043.jpg

56 0.9973566422030343 -0.06805586689922503 -0.019328679121424996 0.016568524821374504 -0.05676885718715775 0.0028817668011354 0.016789683167296458 56 image_000056.jpg

64 0.9641986426371335 0.08423941999415016 -0.23275810815592263 0.09512294487155783 0.0819510724260423 -0.021924245665711346 -0.11403595141885928 64 image_000064.jpg

65 0.9792204983791797 0.04069932520309279 -0.17598869308069337 0.09218871770070738 -0.022901631974804992 -0.0010511971895150341 -0.030072749942228624 65 image_000065.jpg

67 0.9713480225072633 0.14843339681865594 -0.16557000468024485 0.08388751298460444 -0.1167855691494401 -0.007772463972409901 -0.07275565406820815 67 image_000067.jpg

89 0.9230166761910881 0.06981104939628903 -0.35978554902261767 0.11713656368697777 0.014231097475539883 -0.03266266796249557 -0.1782251399265692 89 image_000089.jpg

97 0.9713916403489063 0.10259394541093643 -0.2021704893457602 0.07070972162528705 0.11142206866280681 -0.0002560837350002272 0.014183460818269045 97 image_000097.jpg

110 0.9848830964896342 0.15413128102890067 -0.06374406154225662 0.046749542896925116 -0.35506480537410084 -0.0017464756583550102 0.059670197815956005 110 image_000110.jpg

2 0.9839090137513342 0.10944467096686507 -0.12392647735461004 0.06772846291791952 -0.15327882576980378 -0.0606367420016244 -0.399414167359342 2 image_000002.jpg

142 0.9474729560170533 0.27455863874419484 0.16310727280593026 -0.01756616157960282 -0.7224424405307747 0.11501049873847465 0.03147810474543078 142 image_000142.jpg

27 0.9792399465664705 0.1647452404035212 -0.1027619954871473 0.05820745779322595 -0.179313426510042 -0.04152419936493723 -0.36848890023450676 27 image_000027.jpg

160 0.9379339936684902 0.2545338920661039 -0.23192040600215155 0.04129471601108313 0.18522822345047438 0.0014463821193817228 -0.10027225030517084 160 image_000160.jpg

33 0.987708648356667 0.13891571949083034 -0.0562221912939297 0.0444197175250879 -0.3983422812755901 0.021308465197856417 0.17767456355722544 33 image_000033.jpg

162 0.9838628570036636 0.1304890836104721 -0.10845329420281855 0.05678340966185471 -0.33155073040913097 -0.038571659057320615 -0.327609272106679 162 image_000162.jpg

163 0.9399097548552507 0.07371167983182964 -0.3098564043375955 0.12298478910119195 -0.17058704319704437 -0.08617926341913223 -0.3961323951740968 163 image_000163.jpg

50 0.9613011178457112 0.11851086913412356 -0.23198955553934097 0.08964471097192812 0.10828299022190466 -0.05135814571695374 -0.44532302522672995 50 image_000050.jpg

179 0.9678147904823277 0.08698295670109844 -0.2169472712176574 0.09328654739237824 0.07580971210094485 -0.020305289981867945 -0.10306427906648552 179 image_000179.jpg

54 0.9443201762799147 0.07427985981118558 -0.29462627270516817 0.1262428905466477 -0.19332556408006002 -0.03040972582113926 -0.10982168597186587 54 image_000054.jpg

197 0.9095373870405457 0.10487250158122499 -0.38452047163738723 0.11784524865402128 0.06238358942306975 -0.03869291042387918 -0.29380592938130445 197 image_000197.jpg

204 0.9506521762135045 0.14788232637545654 -0.25948059352512115 0.08403022102507536 0.1691714445849632 -0.013369009241498378 -0.17616731884004747 204 image_000204.jpg

220 0.9872975303004964 0.1484032940830979 -0.0471465137613482 0.03157923653435324 -0.501600649549992 0.010912621583273663 0.08118595181989868 220 image_000220.jpg

221 0.9791763854026094 0.13734238567187007 -0.13911966572829307 0.05473936648130678 -0.09900587617706083 -0.021358179712743335 -0.23752150537889538 221 image_000221.jpg

222 0.9172801667360034 0.1774326261535608 -0.34491471033860877 0.09026951069726982 -0.02361066135574933 0.0034629372262428085 -0.13076341558929994 222 image_000222.jpg

96 0.9935239594118043 0.09162972055123743 -0.05786026223761985 0.03415136876269072 -0.12890229492888697 -0.046546331354294555 -0.25129431216928894 96 image_000096.jpg

103 0.9771919217901345 0.1072578022805766 -0.17126053913537412 0.06528047151752199 -0.07491054549689788 -0.03360225927225439 -0.2358339784220987 103 image_000103.jpg

128 0.9702243238037045 0.0011639831441929108 -0.22208041428105962 0.09666285988436864 0.12536858621904096 -0.140360648156034 -0.37235854733412016 128 image_000128.jpg

136 0.988685253759354 0.10074250244127729 -0.0936843292474936 0.05979691256325076 -0.3959149074041963 0.004985631671581843 0.04578520137988855 136 image_000136.jpg

9 0.9872858093282181 0.1176288261085196 -0.09333927073723476 0.052134133682366454 -0.2841879166103858 -0.09609312150505728 -0.7062137521737551 9 image_000009.jpg

14 0.8756373798585623 0.09016239814625988 -0.4512595746633873 0.14661072756713492 0.28781285102764675 -0.02593721427672313 -0.16135171068577325 14 image_000014.jpg

16 0.9728286218501893 0.1039878097708297 -0.19026427630448742 0.08118196647439589 0.013103632103277654 -0.058779020631283194 -0.33848574577501334 16 image_000016.jpg

19 0.9941020835065171 0.10477158460651999 -0.01678915911966136 0.022407359289285913 -0.4993516716502604 -0.05521205907427931 -0.3791948196985726 19 image_000019.jpg

28 0.936478102176144 -0.050513147057428626 -0.315668441691324 0.14425894437571143 0.3834321428975913 -0.39013178097762935 -0.7711514547266198 28 image_000028.jpg

158 0.953935104078084 0.04640588018866955 -0.2786579175641407 0.10101527761966589 0.24028471112181576 -0.12717652118457853 -0.36824815171827696 158 image_000158.jpg

159 0.9911501134585808 0.12879885439584793 0.02275604843219411 0.02268187252104463 -0.516393366095544 -0.04921183055956395 -0.42861157059745036 159 image_000159.jpg

32 0.9790187297196326 0.11645824627606116 -0.15507255549685098 0.06254844562014542 -0.1150037902345408 -0.08794686595560888 -0.6738211911852549 32 image_000032.jpg

36 0.9828104113408308 0.10177399349164312 -0.14109951538364354 0.06177928149477345 -0.1434476781079176 -0.11085512932452882 -0.6882600527582723 36 image_000036.jpg

38 0.983724371267651 0.1025571376567642 -0.13402134373807995 0.06169825947149281 -0.17070576576718843 -0.04343566246427428 -0.22407970469134403 38 image_000038.jpg

39 0.9735583283337466 -0.04541778217019636 -0.1877680431185719 0.12192024216762086 0.048066524837714175 -0.3772529141790124 -0.7646395221451325 39 image_000039.jpg

40 0.9950463197182906 0.06824504180929021 0.07145796936501989 0.010917352116891106 -0.6723738126252641 -0.0823285473443651 -0.2800361812870734 40 image_000040.jpg

44 0.982863799229555 0.10587239163725304 -0.13665159340487157 0.06400107044068185 -0.17132257569249842 -0.10853256779065937 -0.7344841718967883 44 image_000044.jpg

176 0.9646034553479804 0.12666553026634197 -0.2192556646005745 0.0736408389279869 0.09987080819228268 -0.06058061744521975 -0.5375236145689515 176 image_000176.jpg

52 0.9967736310657482 0.05654886298861159 0.05355472574420015 0.019401937536054653 -0.663978614805432 -0.14595509996873807 -0.47620331886777423 52 image_000052.jpg

185 0.9967090223844625 0.07491305245995956 0.024793501336105254 0.01855913345314991 -0.4201560318593616 -0.06924794688678945 -0.2913614759293397 185 image_000185.jpg

196 0.9897204734362343 0.12687941734760017 0.06599223094927743 -0.00014461386877888882 -0.6847512120723049 -0.016848113183945565 -0.20238439777496714 196 image_000196.jpg

199 0.9815149633641473 0.18929098584159146 0.01197619425122523 0.025570915492429423 -0.3571927912790221 -0.009133464190072459 -0.0027703571988577968 199 image_000199.jpg

200 0.9840859303604773 0.06469047247374422 -0.14968284828126577 0.07060497985829162 -0.10683648418399821 -0.20266961136285638 -0.8574104164143496 200 image_000200.jpg

77 0.9838425162789722 0.1071656572936186 -0.1258550583720641 0.0687744878190534 -0.21662609789705867 -0.09605812361993056 -0.6004539971874143 77 image_000077.jpg

214 0.9868535160031139 0.12250251581216887 -0.09571245572989132 0.044185894456962686 -0.29108412796881783 -0.07614498189825702 -0.6053803980334046 214 image_000214.jpg

85 0.9953763893588075 0.09368942065944524 0.0012952633353808835 0.02112976742214855 -0.5840014638055898 -0.10100817125955175 -0.5570607156111821 85 image_000085.jpg

223 0.9940472091802572 0.10379293947216758 -0.016023835221063504 0.028989697569698287 -0.49889650302391914 -0.09437318507643433 -0.5533306251297672 223 image_000223.jpg

231 0.9636925544988113 0.07561799984016396 -0.24290087828778528 0.08110334153421324 0.15075396543739095 -0.15739428173453213 -0.6826878698034985 231 image_000231.jpg

109 0.9935439266086905 0.0894139983066024 0.06899063584068015 0.010765837390345083 -0.6436641524711849 -0.11297429258204185 -0.5258208267284529 109 image_000109.jpg

124 0.9715530194858817 0.012568061947642074 -0.21906610323630585 0.08908886060648119 0.08149227938994102 -0.29334914336277973 -0.8554910742591668 124 image_000124.jpg

198 0.9816885549322026 0.18564464274174733 -0.02491235643793314 0.03468446630543622 -0.2836062582226598 -0.0009543919441935304 0.0015081939374443215 198 image_000198.jpg

13 0.9667098746649665 0.04699968591260928 -0.22795697738744247 0.10629515111411295 0.12988328522428166 -0.20144473073920524 -0.7236307683643293 13 image_000013.jpg

187 0.9262556859727151 0.011291730051027045 -0.35137904021853245 0.13585169226221686 0.42231016169325775 -0.2926457137507601 -0.8514802921438802 187 image_000187.jpg

92 0.9826584297543357 0.09218056533873356 -0.14554554819555407 0.06856850778418801 -0.13762291767543805 -0.12591281843264418 -0.7107062072536757 92 image_000092.jpg

93 0.9950015029446144 -0.0016901627616089747 -0.07998687860495413 0.05975995014820633 -0.3258007660550959 -0.33479358497762435 -0.8600888461326405 93 image_000093.jpg

224 0.9791600164601845 0.04286920594519471 0.19040196531452622 -0.05616918011684691 -0.5690681298855986 0.019773217357696878 0.02293771505218592 224 image_000224.jpg

100 0.8531229920334892 0.09879306396360996 -0.4899893268524895 0.14943752683528522 0.29078359481182714 -0.0105850436260779 -0.08378512194984074 100 image_000100.jpg

29 0.9597839680816318 0.21406843584746355 -0.17041670559124167 0.06282977966695912 -0.2265920875617564 -0.0012858705608945458 -0.10164938903144441 29 image_000029.jpg

175 0.9001812760693729 0.13227459862364171 -0.33431075934537324 0.24579140329373805 0.3729493473504787 -0.03713827380044854 -0.7765931214859703 175 image_000175.jpg

194 0.983378802506533 0.17713855011164686 -0.002287985485273084 0.03978471398916749 -0.6239547893694752 -0.020908911804815314 -0.1815092644352461 194 image_000194.jpg

91 0.9343216502175333 0.17288554304598008 -0.29685233672700695 0.09503865242357735 -0.08978184992273247 -0.010139435783217271 -0.6047801546369458 91 image_000091.jpg

105 0.9558333468162664 0.0736429577339046 -0.2631058087493559 0.10832661924705927 -0.2703434057144415 -0.10578382187997656 -0.47182256551717694 105 image_000105.jpg

234 0.8508928491550314 0.06678002604359722 -0.50675161584903 0.12134493260807513 0.626608260668147 -0.12244561844911253 -0.48866154287107916 234 image_000234.jpg

235 0.9232285824871886 0.048672613899542305 -0.3593136407320219 0.12717560839363495 0.021870410081826358 -0.14857570739071557 -0.5631183856196507 235 image_000235.jpg

114 0.9776018980954547 0.05349208517185625 -0.18271286989593616 0.08971699538319702 -0.11261175004596968 -0.10037174820000208 -0.39874451317677523 114 image_000114.jpg

21 0.9639296024782682 0.08596705120730455 0.24392171420388334 -0.06286154855986605 -0.5714996975970683 -0.03403480814111985 -0.2343175318770366 21 image_000021.jpg

129 0.9646697675676675 0.14664228985675712 -0.2049297441973553 0.0768900703796062 -0.013367017985453668 0.001479547231187801 0.032692782021954254 129 image_000129.jpg

107 0.9927694469873323 0.08492700465452578 -0.06994041019924745 0.048005960032023655 -0.4466382691179993 -0.13602055007741187 -0.659464667430659 107 image_000107.jpg

209 0.979902719723165 0.02754366771662085 0.188294963575691 -0.059808164924497136 -0.4312998351397985 -0.12726977022116515 -0.41040712031163573 209 image_000209.jpg

182 0.8598748560137739 0.134432413749774 -0.4758304436423684 0.12699823011670297 0.22922251289829682 -0.010433540828884674 -0.312186517598523 182 image_000182.jpg

87 0.874830424461365 0.09899447797974029 -0.4563148450032458 0.1290293437912913 0.09502050717293999 -0.020564217268843207 -0.2196848705921337 87 image_000087.jpg

229 0.9131024347510759 0.20014937737803903 0.35276772792476324 -0.04170239035379438 -0.8536964065408956 0.07517854743789033 0.208732650835098 229 image_000229.jpg

113 0.9810104879511982 0.19084522131287399 -0.012770241032507313 0.032147111048963874 -0.23846437600035078 -0.00640839733927454 -0.004273414171169352 113 image_000113.jpg

135 0.9756015980441437 0.13611198260749532 -0.16334903439772538 0.05470050071416643 -0.09618814712485318 -0.06921241375255319 -0.7693010862309705 135 image_000135.jpg

165 0.9232293988349837 0.04866947266704932 -0.35930718573244985 0.12718924093983094 0.021879152096459104 -0.1485928356988118 -0.5622737610012827 165 image_000165.jpg

42 0.9906478758193284 0.027777386596172314 0.13130676491184057 -0.024570967229941065 -0.8781310174195828 -0.11313394179913219 -0.330537649661237 42 image_000042.jpg

201 0.8968645252887146 0.006435734767050147 -0.414751163658465 0.15353854465109337 0.4680548807477676 -0.2195148083259671 -0.6168202509625436 201 image_000201.jpg

134 0.836699023522632 0.10736554377915992 -0.5106008779481606 0.1664155886063639 0.27510399435717364 0.001478067234507885 -0.08725041647135356 134 image_000134.jpg

219 0.9540590864536657 0.1561788415752333 -0.24626664471305962 0.06879066984630366 0.03934916116277204 -0.011356887854942715 0.07940257895344041 219 image_000219.jpg

76 0.9644134722166174 0.13015252586789736 0.22712283750592127 -0.03717785357614613 -0.17322703868570208 0.04645521779427571 0.27364082952164664 76 image_000076.jpg

95 0.9901703399849822 0.110974549612742 0.0841476325059787 -0.012904748133334582 -0.12296403463164696 -0.02211459115997433 -0.14094236350213224 95 image_000095.jpg

112 0.9217645275060452 0.023852901268919306 -0.36754939758510863 0.12119662764837516 0.4562050438164734 -0.16585111670984495 -0.4462701078968516 112 image_000112.jpg

66 0.867923846775563 0.1332323049469555 -0.46049861188641417 0.12999381964289772 0.06465967662927838 0.014501438179915435 0.12346482069874738 66 image_000066.jpg

188 0.9727000687332437 0.1270731839712413 -0.18211488818966895 0.06738809344592303 -0.033571421495081785 -0.05197713432424316 -0.1400645733684264 188 image_000188.jpg

184 0.9057746065121943 0.07378943362023375 -0.39118734486140166 0.1452581424711412 0.07425070543634671 -0.088900408289432 -0.4568791219385055 184 image_000184.jpg

170 0.7823425390703973 0.07426167081753249 -0.5829416060744356 0.2064085225874455 0.5101312807583054 -0.016239581528292996 -0.1889190017126297 170 image_000170.jpg

62 0.908567680461409 0.09592166791148204 -0.38633646341304473 0.126680536739245 -0.027337044124031346 -0.027111667411216765 -0.1933989883852259 62 image_000062.jpg

123 0.8990199598649606 0.06877504475997985 -0.4074332928952476 0.1450214860259224 0.07112912059960463 0.04022250677422163 0.12733508607749375 123 image_000123.jpg

141 0.8042813164127295 0.10669934227631836 -0.5651024739296877 0.14968617482822125 0.442101533917209 -0.025666848181986335 -0.29864166702141315 141 image_000141.jpg

35 0.9002207454903861 0.10827654977220466 -0.40226607230200023 0.12673118580280038 0.06461701103190898 -0.02879830764744122 -0.25324034812029106 35 image_000035.jpg

48 -0.43997972560342186 -0.04202767392810379 0.8652361647438074 -0.23668102775306304 1.1991836729277658 0.09981911367405433 0.4857873961758374 48 image_000048.jpg

51 -0.4707119854079068 -0.046588598321498635 0.8514258965523948 -0.2265693582597543 1.1282186932013887 0.06070196388131527 0.46643447250679126 51 image_000051.jpg

74 0.7717069536871123 0.07467362057826518 -0.6036307651028728 0.18580118140812146 0.5149015597826397 -0.03388783124721981 -0.2548876621081182 74 image_000074.jpg

82 0.8190893167538755 0.09150013112975872 -0.5389961432106803 0.17379174843229886 0.4239997597009121 -0.021182271688454823 -0.20546093293090123 82 image_000082.jpg

20 0.9818534109663575 0.09235527532705927 0.16200283784269243 -0.03448855813276805 -0.33081098739659176 0.08951694840723884 0.3213452198942338 20 image_000020.jpg

153 -0.3654055989137119 -0.02401309220874368 0.8964613652667939 -0.24951784758930093 1.1176925478475774 0.11811240055285438 0.6569597604956863 153 image_000153.jpg

58 -0.44911347970163407 -0.04173069665197563 0.8505032268885473 -0.270554683256592 1.0597250718865623 0.20441440250034504 0.4774234175675529 58 image_000058.jpg

206 0.9779696165767408 0.08738332463198295 -0.17246324412354716 0.07871470335694897 -0.044525156981706865 0.028790750515462916 0.12388407836804008 206 image_000206.jpg

