# Image list with two lines of data per image:
#   IMAGE_ID, QW, QX, QY, QZ, TX, TY, TZ, CAMERA_ID, NAME
#   POINTS2D[] as (X, Y, POINT3D_ID)
# Number of images: 77, mean observations per image: 155.935
0 0.9999813312553382 0.001021571481533964 0.00378127826002645 0.004689932540026393 -0.01535334084582885 0.006033760721309145 0.0057022459365065 0 image_000000.jpg

98 0.992500955805372 -0.1172923123336938 -0.01735839473955229 -0.02971619633978245 0.2289066185336905 -0.2383913137805124 -0.7058509917172179 98 image_000098.jpg

146 0.9871237015609349 -0.08222602156163911 0.133142467295411 -0.03314758810643188 -0.1170662030898298 -0.1077278283829602 -0.4500842183501567 146 image_000146.jpg

2 0.977581638870108 -0.03889738405410913 0.2061864595337858 -0.01755781201356154 -0.2729727153433791 -0.02086948347525566 -0.1496271927767702 2 image_000002.jpg

4 0.9849438450493163 -0.02345405195013331 0.1696298919022043 -0.02369027901556022 -0.2397971340421547 0.04248227969066942 0.2334888052371314 4 image_000004.jpg

11 0.9931238546323842 0.005643998220664278 0.1167811440945703 -0.005942981420406246 -0.118280472092834 0.01668135906566524 0.2857672866179919 11 image_000011.jpg

16 0.9892644781413877 -0.03892820817153653 0.1401090920089518 -0.01448548351380191 -0.1319907557991938 -0.01937718247496356 -0.1548206300085849 16 image_000016.jpg

17 0.9920072348424662 -0.003674944889687898 0.1260341942343688 -0.004850018964435827 -0.1187938890543555 0.008849597573604616 0.05827540315294344 17 image_000017.jpg

152 0.9936472579653469 0.04593381402533558 0.1026607561498312 0.003997575987799327 0.03445812543270034 -0.01804357219842279 0.09519505914960118 152 image_000152.jpg

27 0.9728678085060436 0.01822461173698808 0.2306000379799258 -0.004439953078719796 -0.2845870624369018 -0.03113661053622717 -0.1309435182707738 27 image_000027.jpg

28 0.9825877495142351 -0.1844277104995365 -0.01137416890217833 -0.01945153943097295 0.2010714873702527 -0.3217437885712103 -0.6583546287184104 28 image_000028.jpg

157 0.9913661202925602 -0.03882047959125184 0.124663742294118 -0.01204729254263858 -0.01126828357827201 -0.02103065866240904 -0.1022799334765626 157 image_000157.jpg

158 0.9947517865558808 -0.08875434789293735 0.04419381700257898 -0.02526767525368421 0.0675368620165903 -0.07467431512703401 -0.1988962671345147 158 image_000158.jpg

44 0.979528066238939 -0.0421783038900429 0.1953390693096554 -0.02425708416940951 -0.303779631836087 -0.07986268508873706 -0.4881261332166053 44 image_000044.jpg

188 0.9888487995910402 0.005644985211056447 0.1480415414427884 -0.0151620479015556 -0.1675909777183361 0.02545192402509623 -0.2266808939113341 188 image_000188.jpg

61 0.9958223355611923 -0.04540207194053233 0.07847257672299922 -0.01088956213132126 0.003783655177046603 -0.009009731660039554 -0.02948039052220964 61 image_000061.jpg

71 0.9570811876520733 -0.006304328591275135 0.288504133214971 -0.0268555543861693 -0.2981345608988296 0.02366717758870733 0.3041225353800646 71 image_000071.jpg

204 0.9973318386114658 0.0132756148469301 0.07165570963475822 -0.004291971464075506 0.00597837123785449 0.0006453242760864029 0.06052913244642208 204 image_000204.jpg

77 0.9782531322456016 -0.03746818350173237 0.2032717055583809 -0.01724987524989122 -0.3442304363921065 -0.0521149990358185 -0.3905422941722809 77 image_000077.jpg

213 0.9891910084272934 -0.02448897571744259 0.1428738003251951 -0.02210240022127511 -0.1545122915553099 0.03026231610388802 0.2312745120243389 213 image_000213.jpg

112 0.9930770921573344 -0.1017483049986137 -0.05444576106172538 -0.02192784906577371 0.2642076689725339 -0.1095598248064216 -0.2900376431602396 112 image_000112.jpg

113 0.9457743481238736 0.04636131412749063 0.3214252225154981 -0.006880211777020534 -0.2889209872172824 0.005609279709325992 0.2617511389888034 113 image_000113.jpg

118 0.9904496665505701 -0.04846713483013743 0.1264889903881458 -0.02570856242206923 -0.1176058897109681 0.01998947685475478 0.0477693925786722 118 image_000118.jpg

128 0.985384675632183 -0.1341937334319831 0.09808516446842371 -0.0372610178074284 -0.0300316867716744 -0.05269111931747507 -0.1619415570627242 128 image_000128.jpg

159 0.9346063543854685 -0.01943161672710391 0.3535596599392791 -0.03359972436340228 -0.5816607700155749 -0.01623479779218871 -0.1419105681171204 159 image_000159.jpg

164 0.9673921567914823 -0.02350059693555545 0.2514080185183167 -0.01985308909693001 -0.4150366062094092 -0.002875455307477304 -0.1724696047829008 164 image_000164.jpg

39 0.9735690314063093 -0.1910518014289068 0.1226399526555485 -0.02493977285372202 -0.1038300886380148 -0.294450647898535 -0.5999690961632386 39 image_000039.jpg

175 0.9893059315954206 -0.04134904136572553 -0.03432771432706096 0.1355936522014672 0.1721646367945324 -0.06422001575538888 -0.662296084498774 175 image_000175.jpg

176 0.9932980349129453 -0.00923169884752663 0.1139619187697745 -0.01692544371002403 -0.05023527109375007 -0.03419948293618325 -0.3325203278906074 176 image_000176.jpg

50 0.9949840718128961 -0.02299198353649123 0.09714103768805367 -0.006456340184307099 -0.04849981037252377 -0.02700578036461268 -0.2190082184307746 50 image_000050.jpg

185 0.9317305664752902 -0.07179978291738108 0.3516412804403465 -0.05541978490508222 -0.4706236875005453 -0.009343395762333853 -0.00594384592035695 185 image_000185.jpg

187 0.9914406702834205 -0.1233977941366523 -0.04116618202978989 -0.01112327142797439 0.2309608601323267 -0.2524106703020856 -0.743490601381718 187 image_000187.jpg

85 0.9412500294345315 -0.05141786483615742 0.3298597219028229 -0.05096223240181365 -0.6687711568176515 -0.04858581195843192 -0.3116423072304521 85 image_000085.jpg

97 0.991879007360146 -0.02920547269962482 0.1213259431932013 -0.02455790363453425 -0.005691760868295365 0.05471480355610393 0.3134897212864646 97 image_000097.jpg

232 0.9933505936278535 -0.0150967428376514 0.1131394290164728 -0.01503848718160956 -0.1376350547834793 0.01374103334763872 0.113057242452563 232 image_000232.jpg

234 0.9777791670998562 -0.03388039620521947 -0.2061072806706137 -0.017883176257414 0.406208763279905 -0.07873101039403042 -0.421927969304066 234 image_000234.jpg

109 0.9153080242050154 -0.05605133222269649 0.3955669451397277 -0.0509535170012372 -0.6951322140253189 -0.05826980440474932 -0.2549184914660745 109 image_000109.jpg

120 0.9922815671617622 0.06843370715923595 -0.1032640543819647 -0.005536629664326605 -0.184258022629762 -0.02325572019961544 0.3546068332635823 120 image_000120.jpg

124 0.9862762296725489 -0.1222906500784882 0.1031194872473624 -0.04087257070607886 -0.07531058472144517 -0.2287703125322401 -0.697231121776667 124 image_000124.jpg

3 0.9892499791871164 0.00914409303109627 0.145290188467906 -0.01384288177688192 -0.1541582200112284 0.003121985744477454 0.1684897015539006 3 image_000003.jpg

135 0.9845631099622075 -0.008855851030549044 0.1728284172906012 -0.02621821086375734 -0.2347810442380667 -0.04924490904465712 -0.5346919127044538 135 image_000135.jpg

9 0.9697964661187706 -0.03127862159630179 0.2405123392160238 -0.02588970489241179 -0.4032831715003552 -0.0688788642198529 -0.4548815411099452 9 image_000009.jpg

29 0.9836224081692128 0.06845573198550735 0.166575231875134 0.00731184186593475 -0.3823129940685041 -0.03358105605874244 0.1280613938506073 29 image_000029.jpg

162 0.9741808680075781 -0.0182113795705339 0.2242553148890058 -0.01869587671581133 -0.4631259581266981 -0.00851679358232231 -0.05706863148971995 162 image_000162.jpg

40 0.913193292212453 -0.07825155209017516 0.3958538430002753 -0.05704770491065636 -0.725744962758593 -0.01674260622426288 0.01662388358071218 40 image_000040.jpg

200 0.9802365594805522 -0.07931816804872534 0.1781618595753379 -0.03321547030799738 -0.2397564929739637 -0.1544317984220068 -0.6631996068171392 200 image_000200.jpg

217 0.9809219624071506 0.05154572452288861 0.1873385385966191 -0.006278049633323631 -0.3359872793671201 0.04267014292606362 0.2561945168157847 217 image_000217.jpg

220 0.9574215518726059 0.005571569215195437 0.2872663156284119 -0.02812460722585996 -0.609824629216993 0.04575182945515374 0.3786659925940074 220 image_000220.jpg

13 0.9909459280576876 -0.09406209302865842 0.09474394796560906 -0.01421529615753025 -0.02957188821450656 -0.151033082661471 -0.5567018687277566 13 image_000013.jpg

15 0.9940336108810972 -0.02603695218213671 0.1057844633109485 -0.005376326047337988 -0.1637830152884596 -0.0009220777619806748 0.03224984355443553 15 image_000015.jpg

19 0.9473221700527145 -0.03832768263881133 0.3144177590093936 -0.04746754353940565 -0.5864687496536136 -0.005610345885647965 -0.1088668311729856 19 image_000019.jpg

148 0.94007496115555 -0.01803885337222607 0.3397648544358724 -0.02221510449169494 -0.5936948571323001 0.01698213191985193 0.2949941388865028 148 image_000148.jpg

33 0.960689983262171 -0.01152992659627875 0.276570612529156 -0.02122529476029789 -0.5023064840474566 0.05697944076220009 0.5013719979097185 33 image_000033.jpg

53 0.9930857480798991 -0.07682748201293373 0.08777391688412692 -0.01318993870182385 -0.09838942340884728 0.01868512907811503 0.09362893346199327 53 image_000053.jpg

194 0.9444644447311766 0.01909465011467256 0.3280297617629691 -0.004333863560185382 -0.7173266363799861 -0.02419412612345895 0.04809508433332173 194 image_000194.jpg

196 0.9173264164288243 -0.01989708092811267 0.394580084406218 -0.04922305234718028 -0.7370194864346477 0.01771837371479793 0.08709888137254976 196 image_000196.jpg

214 0.9710124300779899 -0.01820044471382025 0.23639209525196 -0.03037073836186188 -0.4030645396777405 -0.0423813673755799 -0.4000281780591796 214 image_000214.jpg

93 0.9578730385092021 -0.1437972522622927 0.2421498998586415 -0.05625849569098904 -0.444698034966698 -0.2552450399096203 -0.661991587034451 93 image_000093.jpg

223 0.9390499614890194 -0.04518590962577122 0.337921080827903 -0.04418989172723483 -0.6403374243246698 -0.04928902978408235 -0.2640404226295038 223 image_000223.jpg

96 0.9594125474035996 -0.05221536830303894 0.2731558516862143 -0.04676537059719076 -0.1973212771036497 0.002673467399565127 0.04366089041364448 96 image_000096.jpg

111 0.9823388642090931 -0.02299595531589305 0.1845176387773753 -0.02085144799577608 -0.3137304260445363 0.03478274634364683 0.2652139340503479 111 image_000111.jpg

38 0.9791978854361072 -0.04006602217312019 0.197131903627018 -0.02655612164958538 -0.298724194770608 0.003360144317591479 -0.01136930631764278 38 image_000038.jpg

219 0.9969502560760843 0.02441045287919952 0.07245165155808116 -0.01565486782341972 -0.09325646093528898 -0.0005376297154933115 0.06836579128739094 219 image_000219.jpg

221 0.9801743717690015 -0.0271416724278616 0.1947654665415985 -0.02424754808007974 -0.2198403333275472 -0.04438417413119487 0.03269274413713188 221 image_000221.jpg

231 0.9939811009644499 -0.05661119658641456 0.08902518887466043 -0.02951709830565393 -0.01660019681458001 -0.1111089837151607 -0.5332298116419398 231 image_000231.jpg

32 0.9833833311448726 -0.02923316376872863 0.1775247402816321 -0.0242407250391518 -0.2497362831307351 -0.06674805500583071 -0.4090220483897811 32 image_000032.jpg

172 0.9950658060029421 -0.01961596390816774 0.09632343187587009 -0.01345556224477644 -0.02450368476145724 -0.009421206980302251 -0.05071781995058179 172 image_000172.jpg

92 0.9806099652644342 -0.05675806851141254 0.185819339953718 -0.02556932893338473 -0.2742288292330118 -0.09126810677345343 -0.4768800780390414 92 image_000092.jpg

110 0.9629001725448721 0.005026846846602672 0.2694410304679781 -0.01412514156355387 -0.4574886451369817 0.01828194643530194 0.363299597438386 110 image_000110.jpg

41 0.9913997980853397 -0.05139032784660189 0.118742833822688 -0.01963705619292563 -0.07630653948124917 0.02481888145187117 0.1483338343768085 41 image_000041.jpg

147 0.9994978478520444 0.01545983707835537 -0.02700830321966697 0.005966333366217397 -0.2445464468325029 0.01843595974987903 0.2312182941606692 147 image_000147.jpg

36 0.980400036141436 -0.04218598050663427 0.1904070087109266 -0.02795144390406223 -0.2731502838059051 -0.07901223049649317 -0.448639443571911 36 image_000036.jpg

60 0.9659654138255744 -0.02314921560655766 0.2543876849161107 -0.04076565800535382 -0.423334962266554 0.04424996566506351 0.303846540186166 60 image_000060.jpg

222 0.9986926782945885 0.04853690603625215 -0.01589481830889085 0.002111355994818419 -0.2603490548093432 -0.01235827663924896 0.1008809185652111 222 image_000222.jpg

206 0.9829355566395949 -0.03752899989897937 0.1785389876252579 -0.02351798371332176 -0.2341567418764344 0.1410410998187289 0.4282651690877555 206 image_000206.jpg

