# Image list with two lines of data per image:
#   IMAGE_ID, QW, QX, QY, QZ, TX, TY, TZ, CAMERA_ID, NAME
#   POINTS2D[] as (X, Y, POINT3D_ID)
# Number of images: 176, mean observations per image: 959.744
385 0.9172340627867818 0.0868150776008022 -0.3650928322561499 0.13361155825146498 0.6738336173644376 0.19220842889997805 0.654535892605224 385 image_000385.jpg

489 0.8892776415945599 0.08018874304842459 -0.42325436977733 0.15365801241221813 0.5742653997040436 0.20235719687225445 0.7507992055904393 489 image_000489.jpg

182 0.8367645817266369 0.05611987294721605 -0.5068687068918698 0.19939835791072336 0.41135690846075884 0.2368250235544593 0.7270779715672677 182 image_000182.jpg

470 0.848585236221699 -0.12202064846323503 -0.45126876060834437 -0.2477307818373188 0.5064596091219336 -0.43668433650571 0.6784367119249203 470 image_000470.jpg

505 0.8901949472960814 0.06353173502971313 -0.4250578116282951 0.1511374379063378 0.5679281071643111 0.2042994589313132 0.7231684497668429 505 image_000505.jpg

156 0.8813732964389241 0.08769797524221976 -0.42711189551854417 0.18183949647562025 0.5961471358151598 0.245958864313062 0.7124724772293453 156 image_000156.jpg

157 0.8560118345209434 0.056362941911174656 -0.47437575148469335 0.19757175005245517 0.40393885170028637 0.2661177362448186 0.7991032753571313 157 image_000157.jpg

31 0.9198330420757042 0.04962942207447941 -0.3576691880796072 0.1533520610707143 0.6518610235630874 0.20417796695289647 0.53596859236236 31 image_000031.jpg

233 0.5817878776226963 0.1861698553296343 -0.19824154615182077 0.7665272259177597 -0.0272097594736236 0.5092700702635768 0.059365186650689905 233 image_000233.jpg

459 0.9201917805090634 -0.01908795192367907 -0.36719078305766645 0.1343638886021525 0.4246200613007756 0.06975797141391174 0.22258618465132238 459 image_000459.jpg

270 0.9155308428477983 0.011234199213598382 -0.37500570204425004 0.1450785727630109 0.4326628671122875 0.12401675924125631 0.3233735849670738 270 image_000270.jpg

101 0.8954733563302908 -0.0063745683537534134 -0.4395140337762668 -0.07010157994456434 0.4456727013041665 -0.1063392409608973 0.5018067207699515 101 image_000101.jpg

118 0.9821596392548164 0.038462678428193134 -0.17962271424280185 0.04023369448314884 0.23954600165004855 -0.007347691610355088 0.06981213513273204 118 image_000118.jpg

502 0.9262196643335638 0.02589730155364949 -0.3566353871295133 0.11940534798065223 0.2851340255047223 0.055775877517763965 0.25315137112517017 502 image_000502.jpg

416 0.9420592497711299 -0.020725223020209956 -0.29742176220664723 0.15373719874047584 0.5761848528226603 0.014073646424208396 0.030589451974639914 416 image_000416.jpg

162 0.9312467662668377 0.03004350359611531 -0.3435418264041925 0.1177109742138383 0.2952099953673508 0.05466614447576932 0.21463224729122768 162 image_000162.jpg

388 0.9386484256158865 0.0905978486846683 -0.30363616202341476 0.13614785427001952 0.6988084291369168 0.20308987715468788 0.5457765837084456 388 image_000388.jpg

133 0.49575355279296246 0.2672325395898863 -0.25446609566445505 0.7861693422235086 -0.3507151553728401 0.661217878232528 0.5966135428767968 133 image_000133.jpg

134 0.49785978947704207 0.2766955739216958 -0.2597702023703906 0.7798042028292649 -0.33684099694021963 0.6518249211170445 0.6135779767405228 134 image_000134.jpg

136 0.5037078320097333 0.27366581462543005 -0.2634021223053553 0.7758895504597852 -0.32494881706221956 0.6589408779466625 0.606816825146813 136 image_000136.jpg

139 0.9006541364012192 -0.040137751172349016 -0.3760889838736746 0.21393500249501754 0.6533688728333424 0.06983220374026514 0.07823795564657984 139 image_000139.jpg

398 0.9097206375189159 0.0783678402992007 -0.3825782195463546 0.1410700016379154 0.7686782368775664 0.16095425627240323 0.5800280356969577 398 image_000398.jpg

464 0.9448409159268624 0.05889428368735101 -0.29266336482201705 0.13474145329275095 0.5423706688761833 0.11592282956369876 0.27824774466349456 464 image_000464.jpg

466 0.8940002705096555 0.07207763701490708 -0.4031420260548294 0.18178237664327898 0.6676635688258654 0.19475604322800455 0.5014281397098947 466 image_000466.jpg

116 0.529095053619616 0.3128089960897772 -0.21256453538988698 0.7596219212039528 -0.22960279321689978 0.567742022377842 0.6019225489026219 116 image_000116.jpg

273 0.9184335470285085 -0.005866327096587033 -0.34692996343956956 0.1899605917874829 0.6388896666062323 0.0270770924710073 0.012203777991024622 273 image_000273.jpg

235 0.7856131587264286 -0.27927629450278163 -0.26898836003640003 -0.4821431076196177 0.07633178115984061 -0.6885721761741983 0.0455057989223176 235 image_000235.jpg

181 0.91203221881605 -0.022811585536778086 -0.3728454946755946 0.16930188508078092 0.5568445814759745 0.05681175223202781 0.15014963264484002 181 image_000181.jpg

517 0.9105420497469084 0.019551272528315563 -0.38165943197085517 0.1576927349381349 0.7757152595283752 0.18072682823641656 0.4204374862378648 517 image_000517.jpg

15 0.905666291881295 0.06777075798514572 -0.38951726594997355 0.15314031557706845 0.6382290655470476 0.20976586561836566 0.6721986588882165 15 image_000015.jpg

279 0.9089729807433168 0.09671534713936829 -0.3897372926055505 0.11188889268696793 0.6533970835195048 0.14372212049137983 0.7063540220377703 279 image_000279.jpg

282 0.956824720527178 -0.07586565636031659 -0.25334477215720824 0.12061215775129934 0.802369968678316 0.06096051563635086 0.14621862467982782 282 image_000282.jpg

27 0.8717174985942708 0.048419974535812225 -0.43276094163999385 0.2246821677919833 0.6519470916908163 0.32945975569728253 0.6475049988542161 27 image_000027.jpg

412 0.839723980857836 0.04373131237535941 -0.4955523377031157 0.2176673957572319 0.7826322268199 0.2666751280572013 0.5683499461324758 412 image_000412.jpg

290 0.9307623198164985 0.07479394260282914 -0.3372274949027111 0.11985399469213047 0.7402327857574239 0.16972099839621277 0.5757868157768292 290 image_000290.jpg

169 0.8704562472515318 0.057304770635625245 -0.453070781588724 0.18370886510902884 0.6367073375957488 0.2260204473462949 0.6704450220532885 169 image_000169.jpg

180 0.8606346013801818 0.07480797921132222 -0.4735386304533204 0.1716771359841788 0.4950498951829446 0.2311544632637554 0.7854235283384529 180 image_000180.jpg

453 0.9036470914473951 0.061414478559139986 -0.39865557320174816 0.1439580897027268 0.5066853519226326 0.17318088854973068 0.5768016014440411 453 image_000453.jpg

458 0.8691857780282659 0.054149624177276465 -0.45108230993331005 0.19521439664120696 0.6612714773971153 0.25054681195665346 0.6518530517390528 458 image_000458.jpg

332 0.887321986786421 0.07480582722962434 -0.43143825327941465 0.1446540942519858 0.5690225870149008 0.18387853661401596 0.7455073952878065 332 image_000332.jpg

209 0.924159633792372 -0.012391278734469787 -0.34740509531205643 0.15838284903022617 0.7741052966896074 0.19365273700032376 0.42183253451141933 209 image_000209.jpg

88 0.8535570182647337 0.06782501618444678 -0.47053542147119537 0.21315861817946707 0.6247184528277905 0.26876190987393933 0.6897619548451883 88 image_000088.jpg

226 0.9205974324296871 0.11846471424247869 -0.35159207733042397 0.12185844779236768 0.7301573289738555 0.15043492014281015 0.6265093212043018 226 image_000226.jpg

495 0.8781274614323495 0.030352956204179837 -0.45578249579542784 0.1422434138143568 0.5906523006713099 0.18825555131144772 0.7096149681516947 495 image_000495.jpg

239 0.7667192197043139 0.013864824954473201 -0.5958842049307786 0.23847727583964365 0.6999103157943645 0.29264836546096207 0.789374122459158 239 image_000239.jpg

137 0.4279969511592332 0.3921452515134824 -0.33979015473132274 0.7399888339209301 -0.2395539596779376 0.8989203433760922 0.598195187849017 137 image_000137.jpg

29 0.9198443817084024 -0.06678419558329388 -0.3316169108396495 0.19863635255018847 0.6349760108412945 -0.04453280679884519 -0.07053353162720044 29 image_000029.jpg

462 0.9147302113930054 -0.06758953407752942 -0.32756217969558 0.22672299494348738 0.6311120721863925 0.05810687418830056 0.02145927661335245 462 image_000462.jpg

344 0.8691290713344187 0.03308342613331293 -0.46563518133058457 0.16341397310670416 0.4742973120021986 0.20086860346106036 0.6520104199897319 344 image_000344.jpg

475 0.7873377424216461 -0.3178179632193262 -0.2410509024752176 -0.47009090590962 0.039776755444212455 -0.7068559211455077 0.07477315377533966 475 image_000475.jpg

508 0.8201447361354519 0.0346444780810082 -0.5235164488039903 0.22823860378865865 0.9057910377019232 0.2495775605673268 0.6310697269411214 508 image_000508.jpg

357 0.9021660570097487 -0.002372817342218144 -0.38705654651855764 0.1904678517830884 0.6951993545778281 0.01597086711207795 0.25969706782493407 357 image_000357.jpg

247 0.9358377515613499 0.052829986332623785 -0.32034359184886946 0.1371009764435176 0.5823013672193127 0.03854027909607904 0.07903195138471672 247 image_000247.jpg

59 0.9006097072203127 -0.006027349058674246 -0.3888911326383111 0.19398330624913226 0.6942575151030309 0.020070615392677266 0.26524223844421246 59 image_000059.jpg

108 0.918410189888312 -0.044770955065636185 -0.3420102981136425 0.19377114748734073 0.6321397203460934 0.012448091258030772 0.01163385477199469 108 image_000108.jpg

206 0.9409685323918767 0.008962459033883341 -0.30377795265334623 0.14905314831614175 0.5631171802581169 0.16873366252904187 0.4534726818821571 206 image_000206.jpg

155 0.7547915896138829 -0.24548777604488922 -0.2937006539251021 -0.5326963023400448 0.027013211170942422 -0.6933107597533589 0.038672952981408104 155 image_000155.jpg

252 0.9049766059025535 0.1620370373429721 -0.3764421828601837 0.11424793670225293 0.668852334963791 0.09636946069349167 0.6882146440930631 252 image_000252.jpg

234 0.7502921942325544 -0.17628453781360945 -0.1705292223637573 -0.6139260484237055 -0.14235087797894233 -0.4791082382175638 -0.24474439173111387 234 image_000234.jpg

82 0.7905671143368934 0.017332058520278432 -0.5579987676248809 0.25167560947206397 0.5092000279494752 0.1539729544289889 0.3730953753732817 82 image_000082.jpg

395 0.7407148966751951 -0.1312452477357527 -0.3138792674581993 -0.5793064321255362 0.09960277921934198 -0.5696115698430331 0.45913372971263056 395 image_000395.jpg

304 0.8955733302725717 -0.007112973148014738 -0.3987210120855554 0.1972799785670534 0.606470122261253 -0.02905815899893173 -0.03262932449522096 304 image_000304.jpg

54 0.9016763926106757 0.049768391293324964 -0.39212652704598544 0.17532711870529977 0.6090801274640493 0.2712549667933762 0.7810892732338096 54 image_000054.jpg

253 0.9158186632353968 0.09345137277962728 -0.3688945946186089 0.12829575424590198 0.6200872027001267 0.13951587007384186 0.5430212474110728 253 image_000253.jpg

207 0.8351581533906122 0.04311144054512056 -0.5016257703211917 0.22141322664967727 0.8724897676503452 0.24883666379385613 0.6167940341434592 207 image_000207.jpg

33 0.8439771263420165 0.03919973718227161 -0.4834755757318438 0.2289482749254722 0.7926325212219015 0.2892327751427553 0.601846255236099 33 image_000033.jpg

403 0.8813152137833579 -0.01490025804684143 -0.4254964407323188 0.20497376569802464 0.7252844856151968 0.30094167873267486 0.5673606213334694 403 image_000403.jpg

349 0.9036350944916064 -0.009167209857074142 -0.380618174359611 0.19618710868292893 0.6755370539848118 0.28669607975922384 0.5160522790377875 349 image_000349.jpg

64 0.8526460714125093 0.032637967655454424 -0.47321253400379915 0.21908748481869156 0.6258359731497547 0.3022478166727528 0.6686238235690696 64 image_000064.jpg

171 0.9230422618108989 0.02807458528137669 -0.3311883650901601 0.19369837950483887 0.7815976381800943 0.2832774314478941 0.4653612366302151 171 image_000171.jpg

468 0.9039080727498672 -0.07396875017203373 -0.36213722755696315 0.21525673386644129 0.6817143810155353 0.2993625515799134 0.4242733305936078 468 image_000468.jpg

410 0.7013312879340468 -0.2727750210910402 -0.43590264175937243 -0.4936771062109223 0.11042052381248232 -0.6090690017167348 0.7505336240195688 410 image_000410.jpg

158 0.9440241983865337 0.031170601509339164 -0.3000790971669937 0.13341382918346772 0.6175503082043864 0.20469275338687007 0.4450427778238214 158 image_000158.jpg

238 0.7212307175385912 -0.2902762276281143 -0.4220334321067158 -0.4663192937801635 0.17648714510058724 -0.7879716189076487 0.6427635531115052 238 image_000238.jpg

300 0.8043459596300625 0.0005451831651807031 -0.5387414787954822 0.2505691706476352 0.7424680557796188 0.3318815356012781 0.655608732395208 300 image_000300.jpg

30 0.9210099147621407 -0.17739171736980172 -0.28018628781528176 0.20437358531386354 0.5745434627336378 0.06208545644793446 0.09185367705567607 30 image_000030.jpg

10 0.897653104065391 0.10441023218668462 -0.40208478559273764 0.1471232494705554 0.6662899847641814 0.18630035428624775 1.1379655254861611 10 image_000010.jpg

199 0.9031013107721525 -0.11106012615468994 -0.3656885917206771 0.19582016067067176 0.6734472714292735 -0.010296163882193298 0.05687981748004711 199 image_000199.jpg

289 0.9634389080970331 -0.11584727324146742 -0.20207163062098576 0.1324082299395968 0.6486222814686575 -0.1747225062665372 -0.20081170832441342 289 image_000289.jpg

292 0.8966546530202761 0.04846222342668775 -0.4104641707595891 0.15868524687056393 0.6041113554727674 0.2365782768559823 0.5971105265245374 292 image_000292.jpg

119 0.9779634618773321 0.03487642565974502 -0.19269516787475865 0.07238561574202525 0.24061613199072773 -0.0017636581889876562 0.09169337116773638 119 image_000119.jpg

28 0.8678429140929355 0.05364820583847388 -0.4683420249648192 0.15692769511860716 0.5096356908453064 0.2067559904204308 0.7436917773187662 28 image_000028.jpg

446 0.8438840238149976 0.0002468490906995279 -0.34797997590914415 0.4083743789200518 0.49156669974809064 0.32682089780322454 0.0977530207309463 446 image_000446.jpg

9 0.8514413094953626 0.06646583378489883 -0.4740521903077635 0.21425347755926577 0.4541477393821081 0.29841903086186916 0.774048943651048 9 image_000009.jpg

24 0.9328500621843306 0.03145373550076569 -0.33820601277072354 0.1200754933891628 0.4629857209893107 0.1441271334910293 0.3688948742035377 24 image_000024.jpg

79 0.9220601918206929 -0.02817739845459657 -0.35282738105114037 0.15660097542600865 0.6961080807871136 -0.0026750797040714404 0.10235048958458698 79 image_000079.jpg

172 0.9144373248032285 0.11720155742103106 -0.3697444335718325 0.11557348360322647 0.7763829312401979 0.07706969502021692 0.3885872105015208 172 image_000172.jpg

237 0.729635244351018 -0.27353524253058265 -0.38854874474791706 -0.491773109537165 0.1726946134150386 -0.7910310048788499 0.6014675379653771 237 image_000237.jpg

413 0.8612824712982386 0.05192569830937811 -0.4707687964016783 0.18404612301503107 0.7652396760898721 0.2047286448918588 0.6249354496306605 413 image_000413.jpg

167 0.9153602163901494 -0.011699141885420873 -0.3646387494123579 0.1703449160256454 0.6563109102209912 0.21485108156518337 1.3139602202234262 167 image_000167.jpg

368 0.8996972852501307 -0.04675080714821262 -0.3720516450314384 0.22346526097182903 0.6798281754560125 0.0703845991955484 -0.08373451481514055 368 image_000368.jpg

51 0.7851783504698646 0.07010502466390531 -0.5624670814636994 0.24942139680581737 0.5162601490334644 0.30128228583929895 0.785098784687794 51 image_000051.jpg

98 0.9975375654984551 -0.06568656644213167 -0.02379899022956549 0.0061385162638054715 -0.05167370062545007 -0.04613429817292627 -0.05936144871114102 98 image_000098.jpg

507 0.9997310387230106 0.00830405606924262 -0.02038574387111104 0.007301671923666953 -0.0264933014219044 0.017071489337215574 0.09713842460687755 507 image_000507.jpg

178 0.9819538402109556 0.037344665367382936 -0.1759781693412802 0.05834139517245406 0.2041317939840129 0.03139806248340389 0.49367424878472393 178 image_000178.jpg

236 0.7239249656100921 -0.24647411438730546 -0.3835798817341788 -0.5177350460797114 0.13816072719588796 -0.7892554599871727 0.5873130754693936 236 image_000236.jpg

73 0.8480210349142253 0.04877706059063244 -0.5052905911258417 0.1521924448482789 0.42428159137150356 0.18350625269010268 0.85499798958551 73 image_000073.jpg

231 0.9065420312956536 0.014689586602421277 -0.3778555390788332 0.1875926348481196 0.6919453811822367 0.03285128362040146 1.2767805791766382 231 image_000231.jpg

86 0.8450451557673349 0.019733689864333936 -0.470738322192512 0.2528135946653567 0.8810512531309285 0.2526130406636896 0.5734643537266041 86 image_000086.jpg

246 0.8918786080762765 0.059498440460647645 -0.41450555896617536 0.1708731554757568 0.622397181588503 0.20449660805614253 0.6031760280947203 246 image_000246.jpg

245 0.8853104261177057 0.045377520436283784 -0.4294714427662261 0.17239666672324763 0.6046242457606972 0.21016060331331826 0.6572038445805611 245 image_000245.jpg

503 0.9553401240482211 -0.04909489750943572 -0.2615654227273312 0.12844634125925736 0.4698994092600365 -0.11395932722574618 -0.03707599524621061 503 image_000503.jpg

127 0.8631535029626072 -0.14316638392725925 -0.35817320443899486 0.32585485407024334 0.7304566828028434 -0.02301731857017421 -0.11334586743477396 127 image_000127.jpg

436 0.9980341965951692 -0.022720460815118842 -0.05667945338971483 0.014105505191931713 -0.027924315985396596 0.02693841470106015 0.053073105486096964 436 image_000436.jpg

355 0.9982556531980575 -0.03217185182686816 0.04392104831799553 -0.022837677346104902 -0.11169479992832648 0.022108546906513246 0.05854932336391266 355 image_000355.jpg

371 0.9943623986789281 -0.04267001296868922 -0.06990299279327633 0.06735169106010226 0.13661253841556936 -0.15469201149074813 -0.2688348088005441 371 image_000371.jpg

515 0.9252578112765811 -0.0019370241497709024 -0.34461104666112946 0.15854797458297776 0.6327184473947735 -0.040563000468347626 0.2345379995055621 515 image_000515.jpg

417 0.9993147965019028 0.036459236771038926 0.0012758459476371407 -0.006248227588789011 -0.06062580984041897 0.0046627537537989 0.04542743906491654 417 image_000417.jpg

299 0.9982041534915287 -0.05918894069939641 -0.007727769430303391 0.005040919866403656 -0.07136990562280016 -0.05514708334508921 -0.044264974597837896 299 image_000299.jpg

337 0.993993610277851 -0.07370177166697882 0.07741884414974902 -0.0234750095004686 -0.19514211688838765 -0.14074137358570984 -0.16036490345677412 337 image_000337.jpg

4 0.9476429444945551 0.03856759883920202 0.28679827048858675 -0.13502646670955404 -0.8378657143148617 0.17756605624038097 0.4321873867223258 4 image_000004.jpg

23 0.9957462463908764 -0.018974608651045208 -0.08744388648509627 0.021976118900564143 -0.03845568604896145 0.024888652706478557 0.05736292831062284 23 image_000023.jpg

183 0.743339776218942 -0.0590514492731853 -0.5661967212582848 0.35125506781781507 0.9215919962889163 0.32669827702701537 0.4160693021470152 183 image_000183.jpg

44 0.9096813306614316 -0.05052773470140788 -0.3492023244751096 0.21905379621458484 0.6354194031033616 -0.06213715193254982 0.0005821923329194789 44 image_000044.jpg

195 0.9956578111923624 0.023926428290744466 -0.07944500329801601 0.042208212639684314 0.06546074917768213 -0.009386511208630023 0.011421241702690897 195 image_000195.jpg

2 0.9998737497943301 -0.012812833892816832 0.00923062699349279 0.0017585469346736336 -0.05295967275214227 -0.014551389385562271 0.28922082650027153 2 image_000002.jpg

524 0.9975536885021742 -0.017975891508797342 0.05496544518892963 -0.039272226303690795 -0.17311035840977118 0.039806791491344695 0.038877536212404695 524 image_000524.jpg

193 0.9962421909748364 -0.0604448477118398 -0.04753613168942449 0.039852643545454806 0.009430624815475828 0.0186337402583999 0.035029770668024596 193 image_000193.jpg

103 0.9991468031410072 -0.039170298692740094 0.00430044707183951 -0.012363628200420211 -0.10202601109738996 -0.09296097062903803 -0.14588939982132135 103 image_000103.jpg

213 0.9937663674195779 -0.021228150799575338 -0.05423173866982608 -0.09506151849873681 -0.004566905754466596 0.0131557487282817 0.13936752967795576 213 image_000213.jpg

522 0.9742723733897742 0.05144212246743655 0.19512355961324612 -0.10036851727566956 -0.711222949084988 0.1324590132892321 0.28049126229755394 522 image_000522.jpg

196 0.965843566508177 -0.22777041115514732 -0.10586029710308252 0.06372155839884763 0.21325377984758664 -0.40007710773481236 -0.289209028581905 196 image_000196.jpg

198 0.966332828101078 -0.23595971349035574 -0.09515672947936536 0.03832847781982107 0.1883590523043974 -0.4144356855292408 -0.2857695679765988 198 image_000198.jpg

197 0.9648187170696115 -0.24002610135486463 -0.09816199104266099 0.04331921851118083 0.19361834217324958 -0.41495541884572745 -0.28097933347344023 197 image_000197.jpg

248 0.9940081823144002 -0.10713012421675461 -0.020868164763720616 0.0059486098787939635 -0.01953629333062991 -0.2527013445196733 -0.32346197541630206 248 image_000248.jpg

364 0.9729986824217749 -0.2043837692270059 -0.07273351190624468 0.07880785412743166 0.14042786984701988 -0.2902020000800545 -0.24750131008197948 364 image_000364.jpg

455 0.9981209970121324 -0.05343531775124226 -0.021117617608011143 0.02128849374154931 -0.00779890402356473 -0.18382281441088133 -0.06960742798858725 455 image_000455.jpg

492 0.9750251176634956 -0.2200852076578851 -0.0267204607793403 0.01321119607457164 -0.026925575182623257 -0.2802424966603897 -0.21373792075546205 492 image_000492.jpg

93 0.9505623261877483 -0.11881830087985117 0.23798849648910803 -0.1602340366345005 -0.615431355105075 -0.03798965007592265 -0.04708925882075443 93 image_000093.jpg

472 0.9685744422869189 -0.24814697376536765 -0.008794003479480585 0.014467235826096894 -0.04061629609056189 -0.32723854486521936 -0.22191041249888974 472 image_000472.jpg

306 0.9706801078713131 -0.23820832801358066 -0.030521560000766414 0.010263734138849899 -0.005952933489124953 -0.38268641987969165 -0.2740777163852404 306 image_000306.jpg

338 0.6538513905179942 0.007716353317004579 0.22174493613369436 -0.7233589020795096 -0.27792397468968133 0.36938257875282093 -0.23261387396909453 338 image_000338.jpg

376 0.9647860509276691 -0.2626552761640586 0.013944286402879298 0.0023741570923766775 -0.07496780216065034 -0.4821706267257523 -0.3111518101384546 376 image_000376.jpg

377 0.966115682444613 -0.25751475809550944 0.01605064919656149 0.007001388389505663 -0.08710175494123511 -0.4761320158471794 -0.3098222986756973 377 image_000377.jpg

380 0.9978826879205555 0.01957472744580185 0.06202269791927459 -0.0003881548252546794 -0.22913963518842623 -0.19903453331406984 -0.4020858830986866 380 image_000380.jpg

21 0.9942254090713233 -0.10661127457965398 0.0069959561218918085 -0.010046641488890543 -0.07623262098029433 -0.22393796380927955 -0.20465523821164924 21 image_000021.jpg

378 0.9554801842731102 -0.2936940757782309 -0.008427410259460259 0.027026214256958843 -0.050980712468389394 -0.49445928765187663 -0.11081567526776001 378 image_000378.jpg

452 0.9684576787652176 0.015493167274173679 0.18189727244063067 -0.16959678993489574 -0.6986589712491311 0.17513105486457625 0.1290625323919435 452 image_000452.jpg

418 0.9805115906449635 -0.07399403296552327 0.15181872244528777 -0.10036419551678238 -0.37489471242112354 -0.07335519907922324 -0.1437725386975386 418 image_000418.jpg

316 0.9681257117495553 -0.08587143377701599 0.22823676562315134 -0.05715496116542559 -0.355144377347937 0.005913719077924571 0.0271765660996484 316 image_000316.jpg

70 0.9214338807182687 -0.20289788611546075 0.2692802973856439 -0.1930808323200383 -0.6573322889771323 -0.14387940607313202 -0.09080774889374221 70 image_000070.jpg

419 0.9306534811445388 -0.14042957403625247 0.28281687270714534 -0.18487359572275663 -0.6209781382602676 -0.10709436557911134 -0.09479319882911674 419 image_000419.jpg

441 0.931131149094325 -0.17019536487705053 0.25689934733181513 -0.1950154740451904 -0.6657420675907588 -0.08456847141223635 -0.0797599181963147 441 image_000441.jpg

317 -0.47141499396928493 -0.24617134174394106 -0.3024825803956118 0.790994202730499 0.17783188869169908 0.805061990427697 0.2482014253167218 317 image_000317.jpg

295 0.908577008684968 -0.041855244592462724 0.3696220298887306 -0.19004085487119785 -0.7337695104173081 0.21764001983866996 0.4352100733739545 295 image_000295.jpg

442 0.9339182373925632 -0.21908330370290846 0.22270915449748166 -0.17378113444538248 -0.6741475032946825 -0.15425608051595655 -0.10542096476586169 442 image_000442.jpg

379 0.9928680978918217 -0.09766014904777504 0.06762340291766605 -0.010124403593266619 -0.2389601253758918 -0.29512573499773587 -0.17651985730132333 379 image_000379.jpg

402 0.5489449510754458 0.18154878103385974 0.8157380320396239 0.01646090766792977 -0.6115002681934523 -0.0885240330597599 1.1378143023682525 402 image_000402.jpg

