# Image list with two lines of data per image:
#   IMAGE_ID, QW, QX, QY, QZ, TX, TY, TZ, CAMERA_ID, NAME
#   POINTS2D[] as (X, Y, POINT3D_ID)
# Number of images: 126, mean observations per image: 561.873
196 0.9968732134181626 0.072584943106231 0.020256353162434307 -0.023767503612637082 -0.00648752384046344 0.0599228984207318 0.47058043418397194 196 image_000196.jpg

52 0.9999800738346312 0.003594250158713799 0.0048914483804231934 -0.0017371859648317464 -0.004773227637278311 0.011897356307710107 0.03684419830189994 52 image_000052.jpg

109 0.9990804911116066 0.03536349121099689 0.021702384191894047 -0.01079823672047762 0.05832664760789288 -0.007296822116690067 -0.06387782540232347 109 image_000109.jpg

214 0.9868899092614434 0.07426144395523776 -0.14277182982039324 0.012237790587308776 0.3031013113598973 0.011908201389105161 0.13431377779579187 214 image_000214.jpg

224 0.9867618141375671 -0.015410179596507622 0.14603571923751524 -0.0688274672222806 0.35404306004555774 0.14734223412133846 0.5051269351606779 224 image_000224.jpg

33 0.9902973631701525 0.08982506912187181 -0.10512526298462864 0.01383013605747751 0.21812494418404957 0.14927391189754696 1.2860048584709016 33 image_000033.jpg

2 0.9824318837520571 0.062702201016402 -0.17225907861354986 0.03496916869518359 0.44803954554504144 0.09414771685748419 0.5215993543483628 2 image_000002.jpg

229 0.9374373088844331 0.14187038969633292 0.3136012184043728 -0.052329106577590864 -0.020006458684330014 0.11467420907934515 0.3770208269399633 229 image_000229.jpg

38 0.9814350636474473 0.05514475317757733 -0.18144778791452426 0.02865231711669225 0.39907691156066516 0.12213329609979899 0.8080701883236363 38 image_000038.jpg

40 0.999566751310547 0.014465441325049708 0.02377913688054426 -0.009571606847706027 0.014391669547113479 0.07977792620843754 0.3245636913596821 40 image_000040.jpg

77 0.9820926489560466 0.060821992902076065 -0.17463422863224004 0.03602217196464152 0.3411883257325018 0.04347871089729852 0.18759908003781137 77 image_000077.jpg

50 0.9553008608900297 0.07619690123298202 -0.28101674140736077 0.05122397435562134 0.596335087260961 0.08386059424287412 0.5892167241779633 50 image_000050.jpg

148 0.9959003887753396 0.08265470443051358 -0.03583675297581215 0.008145610333126949 0.14908757780419843 0.10145849433071008 0.9001407805816005 148 image_000148.jpg

213 0.9679402135017662 0.07365621413399427 -0.23801301111730247 0.03187952732868592 0.5246530815909094 0.1448631940547107 1.1779628467869496 213 image_000213.jpg

200 0.9789502161620406 0.018787271007002903 -0.1995159319757944 0.03868978759489181 0.45999127713970855 -0.043315826167160336 -0.2120050025609476 200 image_000200.jpg

93 0.9894279592570671 -0.0501449060428696 -0.1316326198791535 0.034505858219382825 0.2648614294939703 -0.12823290167005078 -0.3607454579013852 93 image_000093.jpg

231 0.9550327603153856 0.03363163692794045 -0.291302675286303 0.04386438212324799 0.6383841920956953 -0.003953663953133426 0.17038177583512562 231 image_000231.jpg

107 0.9920977271345567 0.03559754396338288 -0.1187668287853811 0.019218367761158792 0.103481869056505 0.004362814424787951 -0.005514021678974558 107 image_000107.jpg

85 0.9980330851573238 0.0421142691160516 -0.046202711160971556 -0.004653895059302898 0.03604228846034711 0.01212769590581489 0.029769150160022878 85 image_000085.jpg

164 0.9885445562219394 0.0764941726310069 -0.1280987678269452 0.022781570342526522 0.3077374290017835 0.08308369796465032 0.38168786695309864 164 image_000164.jpg

44 0.9805547460122752 0.0580782492209626 -0.18486155520982003 0.031072705916972726 0.39229503822819334 0.011960718935711403 0.003926678005294615 44 image_000044.jpg

209 0.9865103608145742 -0.03170023020925064 0.14372162276103914 -0.07166939267369324 0.5763218971582567 -0.07910998597848828 -0.20716177140936282 209 image_000209.jpg

146 0.9687046610743428 0.014386226257561783 -0.2438081607912087 0.04429332014835256 0.5653869170475867 0.034485041465707 0.1849963356161663 146 image_000146.jpg

21 0.9762875955278083 0.026479533551534967 0.20156501850201256 -0.0743835293706381 0.394448450228758 -0.010645738284950945 -0.05022799951149998 21 image_000021.jpg

124 0.9606927564271068 -0.030061027752626104 -0.2701965753628395 0.05620997908266652 0.5795985605421623 -0.06632877792157924 -0.16302126883193682 124 image_000124.jpg

9 0.9873814990165596 0.06867328610561732 -0.14117468093207242 0.02077192538928308 0.3151252544976796 0.0021082644348952365 -0.023413020657737038 9 image_000009.jpg

234 0.8307460529173848 0.03890805539670359 -0.5504101842241731 0.07345559575200529 0.6294651754171378 0.023171190746815784 0.5105678262674118 234 image_000234.jpg

176 0.9595315795102073 0.08389783054576173 -0.2664943524772877 0.03522888155919364 0.6245628599959345 0.03380133122973204 0.4072918075075769 176 image_000176.jpg

4 0.9745614792216054 0.07163125010822502 -0.21055283651054088 0.027683854842644778 0.4431384069645354 0.1499095833635209 1.1347771624912375 4 image_000004.jpg

16 0.9681068534220015 0.060434449979232016 -0.23890908731565408 0.04515815229954537 0.5508396388575225 0.10873279763598429 0.6976325687127638 16 image_000016.jpg

19 0.9964991852919337 0.05360532844187564 -0.06398130555180281 -0.004713774638450928 0.1390677968911042 0.06329508713208656 0.35624699879575117 19 image_000019.jpg

28 0.9188797938574361 -0.0860516441950476 -0.369021781090346 0.10989976610505348 0.7602876427557799 -0.039262940610279844 -0.02866992426156445 28 image_000028.jpg

157 0.9641982770038541 0.06088146629096975 -0.25344512303580885 0.048792388567752656 0.6970806667906149 0.11350609887660551 0.7048451776815334 157 image_000157.jpg

158 0.9422264298342584 0.005534503664475557 -0.3287424337121125 0.06408707614642682 0.6737406695869868 0.12540986433851578 0.693321383257896 158 image_000158.jpg

159 0.9968127649552874 0.07605421472089718 -0.023867339000629168 -0.003226903280923744 0.18388565221507366 0.0375219806987178 0.2020780878822446 159 image_000159.jpg

42 0.9952138488894615 -0.028705099697957606 0.08450949134247901 -0.039794018443285645 -0.2201096905486457 0.024367056622424766 0.07638125096940918 42 image_000042.jpg

175 0.8937938870634129 0.10323506344122882 -0.3868677609225856 0.20201073626657884 0.6127290087859967 0.18920927825298287 0.0821815770981173 175 image_000175.jpg

187 0.9099627433704631 -0.02406974799563037 -0.4024929282590091 0.09689117685741105 0.7372162929869039 -0.04356090071423964 -0.08482624751552759 187 image_000187.jpg

98 0.9198677397588885 -0.027777003096290775 -0.38355627689977245 0.07717739754775235 0.7895372822984652 -0.05322975334923671 -0.0377740458795191 98 image_000098.jpg

232 0.9605039974662202 0.08271211805337711 -0.26292103708358844 0.03825312434418341 0.4905199441910707 0.11162299729683439 1.0055987515026803 232 image_000232.jpg

112 0.9050881299852502 -0.010553781100805059 -0.41736083908509763 0.08070943497429284 0.7607683600305643 0.11309382897671283 0.5866115412721922 112 image_000112.jpg

11 0.9587837858406449 0.10384354126296365 -0.2616515732804979 0.03858260415154723 0.5269063471595102 0.0923240309148482 1.192228377097632 11 image_000011.jpg

188 0.9710194837212032 0.0835996217813361 -0.22200988490867432 0.029049649858625116 0.49192548501251143 0.05134853114495995 0.996515643123691 188 image_000188.jpg

223 0.9969853022481757 0.0493633658312945 -0.059859992775796705 -0.0006036270896184032 0.1296554992380134 0.006605744140529013 0.07524039210332374 223 image_000223.jpg

201 0.8780681320518873 -0.02464751115120163 -0.46463573096174543 0.1118144589310504 0.6143955097461995 0.0782228258257887 0.2914564417737744 201 image_000201.jpg

110 0.9882026514412648 0.10556417193506916 -0.10998126552589546 0.014691586035790197 0.26767830013487026 0.08304610315804298 1.1700411414841916 110 image_000110.jpg

118 0.9654962931621095 0.04739417526565342 -0.25303170500608063 0.039314857686427535 0.5527152476738053 0.163083629895279 0.8821515556980701 118 image_000118.jpg

13 0.9574526782953581 0.006036725634185479 -0.2796181698245685 0.07114498598248299 0.623151425471511 0.028913112274842397 0.07882514559014861 13 image_000013.jpg

61 0.9512800243475434 0.05375798689634926 -0.2982277714129943 0.05689101401365252 0.6398241913340246 0.1484244990421593 0.8765360458845954 61 image_000061.jpg

194 0.9907980591505702 0.1259149184263207 -0.04853777218875333 0.010427380377758146 -0.039055622548698585 0.016198069149701594 0.659403317263126 194 image_000194.jpg

92 0.9791894883378102 0.04522928431858203 -0.19456274519947384 0.03588313784334064 0.42289576017081043 0.01856200014323742 0.04602488671398665 92 image_000092.jpg

128 0.9590768745417295 -0.03943541434600362 -0.27306029934878767 0.06367473376337339 0.6342695375817533 0.2179875328407559 0.6192214319389912 128 image_000128.jpg

162 0.9841538668184936 0.08195453940344916 -0.15536280075976255 0.02422840748720311 0.2024216249761054 0.07076678617489686 0.6210424226355329 162 image_000162.jpg

204 0.9449746141631974 0.10740148974620332 -0.3060607346970681 0.04259947017240918 0.6267670881652722 0.05984316333446925 1.0294100367943688 204 image_000204.jpg

60 0.9892007248020812 0.0713843467642278 -0.12799289321812365 0.0020064873052270805 0.30458001817262376 0.13277766137192643 1.1005005767558984 60 image_000060.jpg

53 0.9550567595204859 0.022793810184676484 -0.2880374030747541 0.06619279337428731 0.5129900283924406 0.2482752053701197 1.0149575768196246 53 image_000053.jpg

3 0.9650831053697487 0.10953358692908496 -0.23639327436987193 0.027114839497907724 0.5263322833307649 0.050667494139464586 1.078908472172667 3 image_000003.jpg

136 0.9880525190891408 0.05236084266804471 -0.14203596460908008 0.028919794416899767 0.12759430805659894 0.21350090258731924 1.172955888591262 136 image_000136.jpg

15 0.95930444317843 0.07202886849905131 -0.2679057907701232 0.0526622855984609 0.4386650095721618 0.1305908948204571 0.9082749092006132 15 image_000015.jpg

17 0.962274009771371 0.0925309679183673 -0.25222936310586075 0.04297805095311097 0.5420891204572454 0.09766608959897492 0.9270612895126797 17 image_000017.jpg

227 0.9360629063326263 0.10191414564524386 -0.3348643063824532 0.035575756061408476 0.4763562857382732 0.057982150718807926 1.0441105099871608 227 image_000227.jpg

39 0.962037642065459 -0.08664832331186197 -0.24138719700460676 0.09331595875557833 0.5645119818657649 -0.026979795934369007 -0.10402699688841896 39 image_000039.jpg

235 0.9084702822222048 0.013760272952004361 -0.4087749100940103 0.08599707247564466 0.07770092187845615 0.08952158492610375 0.40905799822059774 235 image_000235.jpg

222 0.9088149884246004 0.13894732324793205 -0.39094784031722457 0.043689084146068674 0.0820150072194053 -0.01762194412636303 1.1299676850415263 222 image_000222.jpg

185 0.9994908753354016 0.021750045218708002 -0.02284781480795541 -0.004785957932335795 0.3419581740759029 0.09544665338986563 0.4049585627012373 185 image_000185.jpg

172 0.9555079443878007 0.07711842415568879 -0.2814057698032475 0.0432215111290544 0.6282602503789383 0.10003870292280131 0.8250035092429616 172 image_000172.jpg

127 0.9930591985452614 0.06278339067497626 -0.0946936911688433 0.03041020293027718 0.2025424992031888 0.1860613075877201 1.1770931138177083 127 image_000127.jpg

220 0.9904850596979141 0.09969298640644679 -0.09486993698528805 0.0005948470105548299 0.07613586963700664 0.09560529610735957 1.1491896669263362 220 image_000220.jpg

197 0.8958088753893665 0.0712588238263537 -0.4325656419577491 0.07304505118749839 0.08319366336169898 0.11061557766349693 0.8791281399326211 197 image_000197.jpg

142 0.9669071265816542 0.2193446278715848 0.12318942996416252 -0.042460818370799756 0.06942453664213633 0.03366950638109345 0.593869044905871 142 image_000142.jpg

165 0.908356325964294 0.013599702606734888 -0.4089772154365789 0.08626398615763296 0.07807686533699923 0.08929837776554611 0.4146329521571269 165 image_000165.jpg

105 0.9473299347097397 0.03306494765495246 -0.31074672716105306 0.07006552475062683 -0.11880529088681233 0.11173513868399074 0.5347866753757753 105 image_000105.jpg

184 0.8915153888313601 0.03987400747186551 -0.43971393171971096 0.10130175420622589 0.057426990791231786 0.12525450960522322 0.5868450825474246 184 image_000184.jpg

126 0.993356635725717 0.10041058161796305 -0.04555386137748549 0.03294183924760827 0.13479391861530216 0.08737631133296206 0.884911768759294 126 image_000126.jpg

27 0.9814804528599035 0.11434846851832374 -0.1515766523736454 0.02539813282052456 0.46750449369193275 -0.0049277492335311895 0.45717855392032497 27 image_000027.jpg

32 0.9764091490105024 0.06806711882355979 -0.202934382020281 0.028454841056773414 0.44208567159972134 0.012251010386834566 0.18630556025760797 32 image_000032.jpg

113 0.9877750663939658 0.14362813054301182 -0.06058717629669466 0.0007643988029659907 0.5735049938833929 0.002106107629513909 0.9742421537294772 113 image_000113.jpg

26 0.9958902891641915 0.04025123965130373 0.06814723913015855 -0.04402633586352666 0.6442962903617054 0.20994453990495704 1.110165116362386 26 image_000026.jpg

12 0.9869913515429374 0.05021429761175652 -0.15092552711359136 0.023411321060237654 0.6202210024681791 0.24169905728372545 1.1887787038242237 12 image_000012.jpg

63 0.9955840947961114 0.07578686182464482 -0.05503697144509214 0.006292337577063549 0.26753321231483834 0.11254067702060963 0.8152935948367739 63 image_000063.jpg

36 0.9799780307766764 0.054519755354455385 -0.18934630281652126 0.028611737803905923 0.42826836543845903 0.013032257583209908 0.08731792986097116 36 image_000036.jpg

43 0.9775418015982461 0.1257463711374058 -0.16888137583048823 0.008885632285325027 0.4659934886896216 0.024820639540446 1.0797241561388211 43 image_000043.jpg

29 0.9615619230874829 0.17074166204939828 -0.2139169803105707 0.022033485333532075 0.22911029856525966 -0.06197464690469051 1.0367159244448363 29 image_000029.jpg

91 0.9284368249482542 0.13415345258650344 -0.3426273564993586 0.05113127324173986 0.10349856899760111 0.002262305026283197 0.3645763286997697 91 image_000091.jpg

221 0.9787918654843183 0.07615775893860235 -0.18867364766203984 0.023848334163794192 0.5163598383956947 0.04400201223753934 0.7712096466006994 221 image_000221.jpg

103 0.9729773232432536 0.06202815561487978 -0.2203394102075267 0.030301645873539233 0.46785755395840545 0.1240129279279196 0.8445270897083201 103 image_000103.jpg

96 0.9933854456352372 0.04184404407297586 -0.10678833182911847 0.005540386696486517 0.6521230898345716 0.11458519830868952 0.639101648311646 96 image_000096.jpg

219 0.946103127158985 0.11636051143380559 -0.3010126810718209 0.02721173410704584 0.4766189571706031 0.031358746208805396 1.0109314669926626 219 image_000219.jpg

25 0.9944918342876535 0.08479636045089087 -0.061398046129354 -0.005083567395949167 0.6078205545618935 0.12271283389064075 1.0892987597352635 25 image_000025.jpg

71 0.990994508543146 0.09576976303425694 -0.0934884430399234 0.004236463300767435 0.5246214237923589 0.0884400778737014 1.013231345082425 71 image_000071.jpg

147 0.9095974677338377 0.10197813492743796 -0.39842618205471286 0.05907171984708492 0.0828281633362461 0.08386736896931599 1.2590220208106035 147 image_000147.jpg

69 0.8141001276372725 0.06058504970611935 -0.5644629893025541 0.12227824981479242 0.16057855297533563 0.16976919340944446 1.0549480176223203 69 image_000069.jpg

152 0.9483298588821826 0.1462790094495314 -0.27949617266834 0.03398272545364655 0.7256206084958835 -0.01699878485379719 1.0458470709599044 152 image_000152.jpg

1 0.9967815594237744 -0.06105546518010348 -0.04791462075016486 -0.02007340317818944 0.9906862702889372 0.29912770597743554 0.8479877163508569 1 image_000001.jpg

217 0.9664873122618991 0.1583018003866135 -0.2017008780772614 0.012632157819584544 0.34188736764395034 0.055804634767831096 1.0997745185605607 217 image_000217.jpg

111 0.9774645818754466 0.07475869651608762 -0.19534276557484567 0.028553829000148623 0.3591667976283435 0.14916840073906446 1.1219436238313274 111 image_000111.jpg

35 0.8887171497341944 0.07567769183870228 -0.4448779872166545 0.08085963780143973 0.018415135426581908 0.11661112687720086 0.972957587524888 35 image_000035.jpg

182 0.8468369962357507 0.10227364377844213 -0.5161922512982874 0.077154090657307 0.07524522137945497 0.0390972845019492 0.8159682351340329 182 image_000182.jpg

73 0.99780585293859 0.05503459491834021 -0.0367171651346413 0.002552714147030752 0.49818187632272865 0.115514960162619 0.6065845925350684 73 image_000073.jpg

88 0.9790538991735728 0.18324898997232442 0.08585268202666997 -0.022418621363570528 0.7427674161466686 -0.08657844024091216 1.010920534100202 88 image_000088.jpg

54 0.9329201549315457 0.03698623800364295 -0.34743420891364696 0.08707163131732795 -0.08436284730261623 0.2449099538967375 1.12739501017003 54 image_000054.jpg

163 0.9287475509937535 0.03648374504689928 -0.3594701395246597 0.08293462827349951 -0.09129287985794948 0.14509279447583798 0.6911192277563931 163 image_000163.jpg

190 0.9534096989119148 0.04823014257008295 -0.2908603629068633 0.06390652021720834 0.5094689705976269 0.24474393305048975 1.2634875548598368 190 image_000190.jpg

198 0.9880371101887762 0.13603211036232726 -0.07256134237109037 0.003575440778103485 0.4746481201545205 0.01523319287450231 1.0026938641589287 198 image_000198.jpg

199 0.9897884756701568 0.13826827175987347 -0.03443456162852121 -0.0038617621593406686 0.42699272570709085 -0.007116246824128258 0.92320444956599 199 image_000199.jpg

81 0.9549357026610684 0.18204346714130612 -0.234138905714194 0.011702693494659903 0.3876845130043102 -0.1124639761817485 1.1755736495682898 81 image_000081.jpg

135 0.9733745994803155 0.08976271305973402 -0.21008142348444472 0.0187168652642698 0.4579662728128812 -0.011790862847550584 -0.03224928407572997 135 image_000135.jpg

65 0.9719464869972311 -0.005489943050782674 -0.22745731709045416 0.05960760463769453 0.5162994344980637 0.3542538643027778 1.1260975388071899 65 image_000065.jpg

97 0.9659718833039452 0.06136246115827239 -0.24901057808161883 0.03356642815393215 0.6846943486463664 0.1915952887083685 1.2602617446486382 97 image_000097.jpg

179 0.9605958037500469 0.04532413546361744 -0.26831390998448545 0.056648694430612614 0.5785473124366857 0.21827495853666085 1.0920504249615464 179 image_000179.jpg

181 0.9875535591242859 0.10259018614095555 -0.1160444638813617 0.027329623075006537 0.2542574867224434 0.11236945865765807 1.2238427154346472 181 image_000181.jpg

67 0.969072376584047 0.1082452574649636 -0.2170458648758925 0.04552776958283713 0.410207929485297 0.1129164616623494 1.0913839637966285 67 image_000067.jpg

114 0.9713268059126877 0.010473793038578205 -0.23079937216452173 0.05609085256472955 0.3515096248346127 0.1674575472996872 0.5786206053292742 114 image_000114.jpg

41 0.9634098866276589 0.05001814698359939 -0.2591737290220379 0.046567674583240064 0.5958287032866683 0.19698901359295146 1.0689226713552538 41 image_000041.jpg

89 0.9091603922519801 0.034452043163765086 -0.4081764988126645 0.07504923189731434 0.07247636290617981 0.21569088950883986 1.047555383927067 89 image_000089.jpg

14 0.8601157897183711 0.05988595528800003 -0.496815523814726 0.0989384854584926 0.2264405073707787 0.15902275755454445 1.0671053265064472 14 image_000014.jpg

129 0.9626138958238589 0.10163454956809302 -0.24800006480738596 0.03925408091701399 0.4701952662624474 0.09431871746654844 1.306527681642041 129 image_000129.jpg

100 0.8352479526927648 0.07025485934049604 -0.536066423143324 0.10028897406680076 0.119175741175158 0.14291086787398527 1.1554048250795428 100 image_000100.jpg

76 0.9793402298968127 0.07153162415022127 0.18202249277019283 -0.051417536913825744 1.0245876301465515 0.11742980959006555 0.8305232509368486 76 image_000076.jpg

120 0.8700249476268166 0.14568832388347053 -0.46947137804018524 0.03779061214783524 0.007638563662568987 -0.08893797049867083 1.5072169846674703 120 image_000120.jpg

82 0.8009681875399269 0.0648871045751798 -0.5819719547129267 0.1246927687987761 0.16653644420651537 0.12557986712560942 0.9075680702527087 82 image_000082.jpg

