# Camera list with one line of data per camera:
#   CAMERA_ID, MODEL, WIDTH, HEIGHT, PARAMS[]
# Number of cameras: 138
8 RADIAL 1140 760 2740.5461294642973 570.0 380.0 -0.016908726559002097 -0.0014596285528353055
264 RADIAL 760 1013 1072.5262420346678 380.00000000000006 506.49999999999994 0.007821489212030432 -1.1940491273955407
266 RADIAL 760 1013 1080.6873188001857 380.00000000000006 506.49999999999994 -0.10409245701342074 0.05918074915596043
404 RADIAL 1140 760 1605.280086329585 570.0 380.0 -0.09027613269820409 0.4494771320967932
281 RADIAL 1013 760 2459.774366655576 506.49999999999994 380.00000000000006 0.3063097918036735 0.009818254364064775
32 RADIAL 1140 760 1202.2111267881878 570.0 380.0 -0.12366586127919157 0.45063268145861946
420 RADIAL 760 1102 3636.6300547987976 380.0 551.0 -0.11038610377260358 -0.003424594124754222
37 RADIAL 1147 760 1698.8988953386627 573.5 380.0 0.16429114274885454 0.2399269811842233
421 RADIAL 760 1011 2362.598796911586 380.0 505.5 -0.16288751769747975 -0.011353888914960919
39 RADIAL 1013 767 1140.9112060501432 506.5 383.2972972972973 -0.05532104055402523 -0.1451925058289953
295 RADIAL 1139 760 1259.6395248410236 569.5 380.0 0.03706326978538031 0.029613464943136696
425 RADIAL 760 1057 2321.430077419099 380.0 528.5 -0.140236915262364 0.021470459834739226
325 RADIAL 1352 760 1177.9921338529616 676.0 380.0 -0.07449083890674159 0.058526409560194885
72 RADIAL 760 1013 2168.9187513669117 380.0 506.50000000000006 -0.07253438904230324 0.02125671961090908
329 RADIAL 1140 760 1284.1378411378896 570.0 380.0 -0.09881023951014745 0.06652679528637867
340 RADIAL 1013 760 1110.2507542950218 506.5 380.0 -0.14729171818673958 0.11243958687717397
90 RADIAL 760 1013 2225.2254640396573 380.0 506.5 -0.13771061853668254 0.030639507167159217
350 RADIAL 760 1013 3322.807131017963 380.0 506.5 -0.014154508111360695 0.0002498193897025382
354 RADIAL 1013 760 1025.6249832730314 506.5 380.0 -0.05339780476500483 0.01801649898842619
487 RADIAL 1144 760 1500.789551413207 572.0 380.0 -0.058169128705863216 -0.021981501961606524
506 RADIAL 1013 760 1405.4254566777038 506.5 380.0 -0.09363223487796486 -0.4589545699686364
483 RADIAL 1353 755 1189.8663364058207 676.5 377.5813953488372 0.08598902867235249 -0.2778766149102009
71 RADIAL 1013 767 1143.6174338371668 506.5 383.2972972972973 -0.0720534060783905 -0.09532786644517656
361 RADIAL 1013 767 957.8777204068668 506.5 383.2972972972973 -0.11439303885290689 0.10039941735700401
176 RADIAL 1141 760 1511.6842703635868 570.5 380.0 -0.14875399338053652 0.07458067791364821
372 RADIAL 1140 760 933.4881290458384 570.0 380.00000000000006 -0.1641852700120984 0.14257739486867171
386 RADIAL 760 1013 2120.1096763086803 380.0 506.5 0.12166782415551688 -0.08645989522477483
14 RADIAL 1140 760 1757.2309895929147 570.0 380.0 -0.01225327682343716 1.4006509756372927
17 RADIAL 1140 760 1555.0570264990874 570.0 380.0 -0.011055271935303658 -0.041417542349652926
287 RADIAL 1351 760 1204.1076829645324 675.5 380.0 -0.18412329815164777 0.11528450742108089
314 RADIAL 760 1140 2628.336573088709 380.0 570.0 -0.12092541744556155 -0.012014619416619778
315 RADIAL 1013 767 2461.466075848065 506.5 383.2972972972973 0.5716333206365939 3.3877238825276983
460 RADIAL 1353 755 1702.2949849674485 676.5 377.5813953488372 0.08036002430905402 -0.1435496202474083
461 RADIAL 1013 767 1488.1728283944205 506.5 383.2972972972973 0.14425970398244295 -0.3808205461305578
342 RADIAL 1147 760 1290.8852800124862 573.5 380.0 -0.030491884542482486 -0.004561702717735002
343 RADIAL 760 1013 1416.3530195144012 380.0 506.5 0.009359342091340301 0.46490786914531457
95 RADIAL 760 972 1498.9475539202795 380.0 485.99999999999994 -0.08349427764982864 0.7881378196041947
382 RADIAL 760 1140 1588.314410022039 380.0 570.0 0.05302697939702449 0.440144150214642
132 RADIAL 1140 760 897.4093508161084 570.0 380.0 -0.08247332241351805 0.07097023518902415
154 RADIAL 1351 754 1046.7813125319924 675.5 377.0232558139535 0.10840806291792303 -0.1790453375821947
293 RADIAL 1013 760 1052.0124574649979 506.5 380.0 -0.15933335924254294 -0.0005588910832447797
303 RADIAL 1157 771 924.1622270222412 578.5 385.6666666666667 -0.01606041316030901 -0.024117807188661963
322 RADIAL 1013 760 794.567035075357 506.5 380.0 0.11134781023819965 -0.5568964019365954
457 RADIAL 1140 760 1067.7497574994545 570.0 380.0 -0.13791281181288947 0.11267807344818212
87 RADIAL 760 1684 1232.486151923598 380.0 842.0 0.1416382656512682 -0.26521385869228314
348 RADIAL 1013 760 836.6076187378663 506.5 380.0 -0.07477531878963324 0.05320481147217955
479 RADIAL 760 1013 1151.223635793953 380.0 506.5 -0.09600227450610459 -0.15128212175338074
122 RADIAL 1153 769 1222.7132186505855 576.5 384.33333333333337 0.11740025897244105 -1.348207815927643
258 RADIAL 1140 760 1059.135973012553 570.0 380.0 -0.024705619173800146 0.0972519181271123
514 RADIAL 1013 760 1278.351316739607 506.50000000000006 380.0 -0.011337902327898981 0.033956748207344005
400 RADIAL 1013 767 1378.9588552298972 506.5 383.2972972972973 -0.14959233054786478 0.21289567541622612
179 RADIAL 1013 767 910.8487626295264 506.5 383.2972972972973 0.06971738578158958 -0.2595507540846657
189 RADIAL 1013 767 1322.7005775012337 506.5 383.2972972972973 -0.10300933332650988 0.032523635257801935
208 RADIAL 1143 760 1653.8734657223115 571.5 380.0 -0.02696786380789295 0.008541459811057455
211 RADIAL 760 1143 2089.7457386835904 380.0 571.5 -0.04588893163158917 0.007003740049755859
89 RADIAL 996 754 1541.657938923591 498.0 376.8648648648649 -0.04944939178155959 -0.012363552195360046
375 RADIAL 1351 760 1041.2848575738772 675.5 380.0 0.022741724469730166 -0.05590879342641251
317 RADIAL 1013 760 805.0878134740753 506.5 380.0 0.01238106895709877 -0.03316568894892784
485 RADIAL 1140 760 2735.9264572315205 570.0 380.0 -0.24107570471993367 -0.003302826798725952
523 RADIAL 1013 760 915.1102699565574 506.5 380.0 -0.20078305405593838 0.15929103905968056
309 RADIAL 1009 760 818.0609008619399 504.5 380.0 -0.021539632719866756 0.06178415264849754
341 RADIAL 1013 760 1048.8729004920156 506.5 380.0 -0.16007591083272982 0.19059756109097478
20 RADIAL 1140 760 1689.8228130479943 570.0 380.0 -0.007922174142052417 -0.035768856560016174
510 RADIAL 1140 760 948.667580665824 570.0 380.0 -0.11367867671980429 -0.056103332796125026
521 RADIAL 1013 760 912.5363446993231 506.5 380.0 -0.19124110025240038 0.13636437869134238
528 RADIAL 1013 767 1133.7884108164656 506.5 383.2972972972973 -0.08050257244744669 0.06642103460208275
426 RADIAL 1055 760 3250.4745169079065 527.5 380.0 -0.025247829706510145 -3.6856719799864943
301 RADIAL 1013 767 1156.1102026829492 506.5 383.2972972972973 -0.08688674561139624 -0.024740519244880427
311 RADIAL 955 760 864.3343157998338 477.5 380.0 0.023564404548956256 -0.6056251931145117
61 RADIAL 1838 777 1538.6211101229908 918.9999838935007 388.4444387114576 -0.09482464328677145 -0.2737812057713566
190 RADIAL 1684 760 1227.1513250913556 842.0 380.0 0.11955604138157011 -0.19600519732730382
191 RADIAL 1684 760 1224.4824666403679 842.0 380.0 0.11577791136901192 -0.1752522557198799
318 RADIAL 1018 760 898.6940770943503 509.00000000000006 380.0 1.3634132533196062 -11.89490316644599
323 RADIAL 760 1013 792.3211194243307 380.0 506.5 0.1447716391453073 -0.223930226950933
423 RADIAL 1486 760 1598.6370056717697 743.0000000000001 380.0 -0.13487706703168054 0.11541942833093162
522 RADIAL 1013 760 914.9981455565327 506.5 380.0 -0.15277483664761377 0.07197019607248185
265 RADIAL 760 1013 3825.2260894195115 380.00000000000006 506.49999999999994 0.2029532590448174 0.006310622593523729
60 RADIAL 760 1013 2229.308436968771 380.0 506.50000000000006 0.050926647477670894 0.0007276275047789076
336 RADIAL 1013 760 914.3179464973371 506.5 380.0 0.09938221606099841 -0.1833590574883096
513 RADIAL 1013 760 709.3810243996751 506.50000000000006 380.0 0.014208055841937451 -0.020865968566601042
225 RADIAL 760 1140 1467.3083406349963 380.0 570.0 0.005057788840965689 3.6809312370893975e-05
330 RADIAL 1013 767 790.9140849812406 506.5 383.2972972972973 0.04217493675534386 -0.08969584819997503
106 RADIAL 1013 760 789.818538561279 506.5 380.0 0.23402301140638823 -0.3929913000083357
512 RADIAL 1140 760 1596.3155438715748 570.0 380.0 -0.18763295304939465 -0.02101606398157716
268 RADIAL 1013 760 1057.5366393976544 506.49999999999994 380.00000000000006 -0.08337937117496136 -0.02544530356694174
452 RADIAL 1351 754 1080.315261541811 675.5 377.0232558139535 0.10107653251119955 -0.14289863925136742
3 RADIAL 760 1140 4091.4213935347343 380.0 570.0 -0.0006504706620982591 -2.3234609104235632e-06
4 RADIAL 1140 760 969.2965526262229 570.0 380.0 -0.14915457056859527 0.1130288560949826
449 RADIAL 1132 760 1091.2352403554014 566.0 380.0 0.10046737961954788 -0.2637740311857463
123 RADIAL 1013 760 1781.3622292107784 506.5 380.0 -0.022986068363661957 0.11596813094232583
520 RADIAL 760 1011 1273.6929731411612 380.0 505.5 0.2735057143713987 -1.114389447789509
77 RADIAL 1013 760 940.4239539203435 506.5 380.0 0.13594740648422537 -0.3492495889705159
126 RADIAL 797 760 599.3504427486583 398.5 380.0 -0.060563489418693474 -0.013356129156379418
434 RADIAL 1013 760 1179.1966121429105 506.50000000000006 380.0 -0.17518779335775247 0.270640224074898
94 RADIAL 1013 760 1650.3016639822692 506.5 380.0 0.1073413607207058 -0.23169436298183357
46 RADIAL 1386 774 1138.62319349203 692.9999999999999 386.79069767441854 -0.11102372580975729 0.06518893475172531
319 RADIAL 1013 767 1026.9283311650142 506.5 383.2972972972973 0.041559454490568956 0.021291549701178237
428 RADIAL 760 906 632.5363464638048 380.0 453.0 -0.05659406721512614 -0.08772549932626354
25 RADIAL 1013 767 957.7602127381123 506.5 383.2972972972973 -0.11364110948252412 0.0982285398729231
219 RADIAL 760 1140 1168.7874658108647 380.0 570.0 0.02354822128407029 -0.00011324261241753885
285 RADIAL 760 814 573.1396047658025 380.0 406.99999999999994 0.11175184561547963 0.014239932521162926
362 RADIAL 1351 760 822.138572600254 675.5 380.0 0.09421178898228001 0.024712558963017498
497 RADIAL 1140 760 1839.317095398412 570.0 380.0 0.0075305512783219045 -0.00866950595461327
409 RADIAL 1140 760 1067.9351427529064 570.0 380.0 -0.1405646024734493 0.1195244465213359
53 RADIAL 1142 760 1142.0264111927465 571.0 380.0 -0.06119297731093954 0.007778150923591827
216 RADIAL 1140 760 859.1709599493353 570.0 380.0 0.04810986277336197 -0.08085641460352387
152 RADIAL 1352 755 1453.1079746113876 676.0 377.30232558139534 -0.07592420396115876 0.02553550104977597
52 RADIAL 1142 760 1797.0154680858363 571.0 380.0 0.03330224312359781 0.001151312769507032
250 RADIAL 1140 760 819.544242228443 570.0 380.0 -0.005663713987626345 0.001351045255359183
249 RADIAL 1140 760 844.9581062797381 570.0 380.0 -0.08808285715868726 0.09518180692712433
47 RADIAL 1013 760 849.2930180198864 506.5 380.0 0.06538562417017882 -0.05419158340478026
383 RADIAL 760 1013 1232.9002168128231 380.0 506.5 -0.007747014298387096 -0.0002147615144490406
12 RADIAL 1140 760 1240.0691388692503 570.0 380.0 -1.155470117169175 0.23047629672463862
476 RADIAL 1013 767 1188.6283871725782 506.5 383.2972972972973 -0.21785873970640326 0.23808818891472272
205 RADIAL 1140 760 896.040724219597 570.0 380.0 -0.09803252714886672 -0.02050719386295261
115 RADIAL 1441 753 1355.5299141233816 720.5 376.625 0.25115480448264443 -0.5355317872320754
278 RADIAL 1013 767 1179.860733376 506.5 383.2972972972973 0.04855067607756553 0.013365621830817168
302 RADIAL 760 1013 1225.6763849624135 380.0 506.5 0.06000306267335937 0.0010244454345570868
499 RADIAL 760 1013 1215.9988137225423 380.0 506.5 -0.00032005421846417016 -3.5456164407610984e-06
80 RADIAL 760 1351 1615.6450578146303 380.0 675.5 0.05096073118490367 0.0010983867961107524
215 RADIAL 1140 760 871.3532460070396 570.0 380.0 -0.10221810489464399 0.0583165316091241
214 RADIAL 1140 760 849.4499847896051 570.0 380.0 -0.14811025733514274 -0.06857386581460097
143 RADIAL 1580 777 1893.2343084890917 789.9999698003146 388.4444294388961 0.5182243758466029 -6.1262568574809
320 RADIAL 760 1620 1282.6706101001137 380.0 810.0 0.47092381846310505 -2.40130041928524
473 RADIAL 1600 777 1265.7256745305845 800.0000241597501 388.44445596954 0.14500768483653365 -0.28983854647294793
369 RADIAL 760 1013 1216.4805342952516 380.0 506.5 0.003057361327066861 2.794252210228655e-05
212 RADIAL 760 1141 5083.476722309662 380.0 570.5 -6.17805841259791e-05 -1.0217750594981508e-07
284 RADIAL 760 1013 1216.6393763634212 380.0 506.5 0.011810427719959292 0.00040002569002801604
19 RADIAL 1140 760 1034.3018909821033 570.0 380.0 -0.014242772238455327 -0.05824083248116953
463 RADIAL 1013 760 1077.57575202845 506.49999999999994 380.00000000000006 0.023846739297836702 0.00768154655854771
422 RADIAL 760 822 904.7898884539616 380.0 411.0 0.009159163096686388 -0.00036365950876870296
153 RADIAL 1202 760 1067.1131041246906 601.0 380.0 -0.1265470925516943 -0.03279115731266542
363 RADIAL 1013 760 1017.1915457981128 506.5 380.0 -0.09191415790369155 -0.013613473473164212
359 RADIAL 1013 760 144.7142857142857 506.5 380.0 0.0 0.0
427 RADIAL 1013 767 2770.5821749990264 506.5 383.2972972972973 -0.036337806033071844 -0.0012670436367299104
174 RADIAL 760 863 1035.6334260831509 380.0 431.5 0.0072098938986840284 0.00016046152816117924
501 RADIAL 760 1351 1621.2464226989325 380.0 675.5 -0.8524219027188672 -0.12751187845999626
451 RADIAL 760 1013 1216.3990441404405 380.0 506.5 0.009325651786199325 3.5976486588382836e-05
