# Image list with two lines of data per image:
#   IMAGE_ID, QW, QX, QY, QZ, TX, TY, TZ, CAMERA_ID, NAME
#   POINTS2D[] as (X, Y, POINT3D_ID)
# Number of images: 236, mean observations per image: 65.593
193 0.9451111115111572 -0.060753803534263615 0.31570824162836314 -0.058328949389511206 0.005811804057159503 0.04256089121991689 0.16573710301166056 193 image_000193.jpg

173 0.9612046171241051 -0.06767451279157269 0.2660036057180326 -0.027348404677527294 0.08954078377428998 0.05467352570763956 0.12836081098409996 173 image_000173.jpg

166 0.9516759070086793 -0.11891087637775201 0.2740870718658077 -0.07105936294696753 0.01777504300463123 0.07569755508808025 0.17904628208525292 166 image_000166.jpg

143 0.9609893629484547 -0.08950338580360018 0.2551436772192374 -0.05822624511284797 0.011638039113068627 0.053552915968013294 0.15895702026412867 143 image_000143.jpg

216 0.9550600828783571 -0.05564866095442732 0.2830629919343388 -0.06810881775968944 -0.0419139753896045 -0.0033063365205761447 -0.041692843314214294 216 image_000216.jpg

34 0.9382525564835538 -0.12006853217460346 0.3191101757526492 -0.05860354867179644 -0.029828365051525 -0.00027773038195998915 0.0031392319390033414 34 image_000034.jpg

37 0.9313529599219518 -0.1139550333435944 0.3355466501050734 -0.08369200346418845 -0.06464454235156339 0.062155931675006895 0.15216110088515292 37 image_000037.jpg

183 0.9374139706905807 -0.1157785968092091 0.3217833651000772 -0.06561874773680121 -0.060062601395984454 0.04116301304855291 0.11437579720397309 183 image_000183.jpg

177 0.9949226694092111 -0.03929841716384061 0.0925630157620092 -0.004073606435305709 -0.014293527856869999 0.024888930385970485 0.1403125652800101 177 image_000177.jpg

218 0.9472960567235252 -0.11134570089135357 0.29692853661607993 -0.045450731064637755 0.04167161360386824 0.045241471437488995 0.11980999680792208 218 image_000218.jpg

226 0.9491719481485732 -0.14482361568143762 0.2611268407226602 -0.09955664369760675 0.0006962246549049589 0.020492490015424112 0.06461002751718363 226 image_000226.jpg

94 0.9379637937018931 -0.16146520555448657 0.29065115156337057 -0.09836073424046785 -0.008980069429078284 0.029141301115557683 0.05532208612893717 94 image_000094.jpg

225 0.9695857510737951 -0.09322256502299797 0.21767114380877417 -0.06190557577364311 -0.0207900409843466 0.0405561799326417 0.20406156045841983 225 image_000225.jpg

202 0.9688647656965552 -0.053584494013627686 0.2387380225530662 -0.03786725978930269 -0.02950858192164664 0.06744179887436055 0.28076976994234304 202 image_000202.jpg

86 0.9241302810858253 -0.15591479489410318 0.3342229381158856 -0.09984394911454525 0.03448874340846289 0.09392306604114975 0.18606854038937679 86 image_000086.jpg

151 0.9344723957567035 -0.131701574504993 0.31247053577267087 -0.10852744225724295 -0.014435027853708239 0.06296425868205945 0.12772044022709192 151 image_000151.jpg

215 0.949917428391986 -0.1299648840907173 0.2761292184487406 -0.06722094019314896 0.05224520343486047 0.10165890394240165 0.30810403023434485 215 image_000215.jpg

59 0.9568289736459125 -0.05889566274676336 0.2818535842340717 -0.03960029762679778 0.01219819880231876 0.05160028626732542 0.20984483063277382 59 image_000059.jpg

189 0.9724116070033028 -0.12999460463422105 0.18771625327541003 -0.04774595940520162 -0.0562582568374485 0.05763208896225733 0.12515240512657233 189 image_000189.jpg

46 0.93365702947403 -0.13343291999553764 0.32502703443578074 -0.0695529007050602 -0.04028148768661146 0.030414905529964197 0.07620295218647251 46 image_000046.jpg

149 0.929765317087427 -0.18831796308706536 0.2967525272617385 -0.10959341527827275 -0.048986055088649144 -0.11145751714105093 -0.19934395313703032 149 image_000149.jpg

125 0.9238697224248874 -0.06069881757585672 0.37424121991518955 -0.05219073065262243 0.0019150989915444755 0.049875839342907624 0.18433850912655636 125 image_000125.jpg

23 0.9895245034694617 -0.022801460364126256 0.14160566285883688 -0.016407106250793557 0.04747808418556465 0.022014286733548327 0.12436500217097024 23 image_000023.jpg

57 0.967961943789495 -0.1250646253303874 0.21350028564826626 -0.04273331092079028 -0.05501917321415338 0.03071467965380075 0.09737997544443971 57 image_000057.jpg

154 0.9573486133890519 -0.046150929407103455 0.28103158814350343 -0.048733691296406444 0.022112074232563415 0.004720490301636062 0.011182281399745347 154 image_000154.jpg

191 0.9528257923820961 -0.10552253080379141 0.2747454031664937 -0.07418203982107335 -0.022445619616002943 0.06135085409385228 0.15704001296406506 191 image_000191.jpg

131 0.9599106993507939 -0.10247274471225856 0.2551044198797586 -0.05470393142160819 0.03355102876196003 0.06810190194643953 0.17200156398619199 131 image_000131.jpg

47 0.9402325240958427 -0.11358193635949104 0.31600624441182 -0.056586162575498124 -0.04215851756272973 0.09995602038892182 0.3220611063822387 47 image_000047.jpg

144 0.9427127647935597 -0.10852949185871728 0.3040394613766951 -0.08410711998792048 -0.027601613786796653 0.04068530316503301 0.10584413167838444 144 image_000144.jpg

210 0.9408054177065788 -0.2627088012977276 0.19603095582924487 -0.08626202065491984 0.08042348107199676 -0.25555958787915667 -0.33277908456541283 210 image_000210.jpg

161 0.9399621044184611 -0.05983250549569985 0.3290981498969872 -0.06771794623763502 -0.09005412083767868 0.007404779661778137 0.01981668433322045 161 image_000161.jpg

45 0.8881471759447142 -0.10932161762025494 0.4360813145592447 -0.0952703287816405 -0.3076422808465779 0.012993721624422538 0.020417777834216944 45 image_000045.jpg

180 0.9697841500329265 -0.028723902284615428 0.23710474729790176 -0.049749151988930276 0.09897650681037104 0.0005535323813625308 0.030382173166825982 180 image_000180.jpg

212 0.9513791810994474 -0.08409492628626238 0.2917172039563303 -0.05202672903349879 0.005672976735196747 0.05061435019835521 0.19251971861812073 212 image_000212.jpg

116 0.9545464146919199 -0.12210668727744617 0.2642256620182729 -0.06415526176282703 -0.0036136036116990473 0.007460694660102619 0.025810143194825025 116 image_000116.jpg

139 0.9379349239711754 -0.07262991572578185 0.33381748997113814 -0.05973970052770659 -0.0843453818650559 0.045169857495311536 0.12342988167561235 139 image_000139.jpg

102 0.9587923108133138 -0.15781015385399585 0.22478220366290327 -0.07270639400047665 0.09292383869924924 -0.031925169970337175 -0.07837295960414903 102 image_000102.jpg

117 0.9517160510333902 -0.22564538583982474 0.11528431841891201 0.17329234526282486 -0.09652854565886387 0.022244621799067853 0.10014983486529243 117 image_000117.jpg

119 0.9450076278513927 -0.10234953363259428 0.3029084409533224 -0.06878676840783067 -0.03508780371629361 0.04734129762586137 0.11266520544481749 119 image_000119.jpg

205 0.9467291457597337 -0.14415126306819973 0.27343875691087893 -0.09030828287669015 -0.08891115037236329 0.005630007493496266 0.011930052001229902 205 image_000205.jpg

211 0.9360779058082745 -0.10164981041094104 0.32937210946112555 -0.070281497810072 -0.06481537330328888 0.046775197000161195 0.14582539130871064 211 image_000211.jpg

186 0.9370786061753382 -0.13157631625680163 0.31656331933773146 -0.06602291390686675 -0.05651236546914697 0.05038673188145883 0.10789771135440293 186 image_000186.jpg

106 0.9994654115740556 0.012456639361200336 0.021439000383835997 0.021309555539447935 0.009293726850234616 0.033477441271843024 0.17838170041343523 106 image_000106.jpg

140 0.9829643983975904 -0.030728186181190508 0.1810724813849043 -0.007036958563297087 -0.043763782446661355 0.027486455059517974 0.16021388387043461 140 image_000140.jpg

132 0.9256431263786353 -0.11040773157582873 0.35645448063105545 -0.06273072611036853 -0.06613440889908478 0.0735535268751838 0.17443382705843707 132 image_000132.jpg

8 0.9668539138879587 -0.12776440047274257 0.2138810020903296 -0.055898873184023784 0.044112941090680605 0.03727175449423554 0.10190780553805077 8 image_000008.jpg

137 0.9539472996699058 -0.07569017008224338 0.2860652325928487 -0.04921619208143243 -0.06926220254586332 0.050530255051933766 0.15642722717563587 137 image_000137.jpg

90 0.8848304971124572 -0.12568421375677918 0.4341948154899835 -0.11293051549320147 -0.29701072172370757 0.019351688733452416 0.022415821682018305 90 image_000090.jpg

150 0.9855362694511876 0.02328761425493655 0.1677581396360519 -0.00575796153619864 -0.10293174151959203 0.0113900475359453 0.14778587213009248 150 image_000150.jpg

145 0.9513148148418051 -0.025471569804575434 0.30123067733428144 -0.06009501289195578 -0.013150249698667668 0.02659255653217891 0.15189668499632392 145 image_000145.jpg

72 0.9844471806918886 -0.046813966899244615 0.16717579895893397 -0.026915664147000473 0.051905632960251635 0.021255097787848586 0.13690801649614884 72 image_000072.jpg

122 0.919469251680485 -0.23637235628208209 0.27442111897186533 -0.1529622736960747 -0.15532078350845818 -0.32947806887636416 -0.4736511116519286 122 image_000122.jpg

228 0.9428702344354507 0.03708705704174984 0.33011602675111024 -0.025370804241464633 -0.0452875264474576 0.006054076228689019 0.1387664911507652 228 image_000228.jpg

18 0.9517481573828823 -0.17722435743475629 0.24671239273693063 -0.043588658564204415 0.15588038080934222 -0.06782475461457052 -0.1709563461833588 18 image_000018.jpg

31 0.9989594785412509 0.0035418955926180746 0.045468014713141616 -0.0002654079779912807 0.07609507415078401 -0.003963424989915828 -0.05246841364118068 31 image_000031.jpg

178 0.9473794717222962 -0.13413953020667352 0.28152937577264764 -0.07224907004115097 0.06599366413010882 0.03961458433833749 0.11938046368519573 178 image_000178.jpg

233 0.9637121990041011 0.02068820783286347 0.26535953928776856 -0.020374250898677906 -0.09053606428298226 -0.013491854881612357 -0.17659464265201572 233 image_000233.jpg

167 0.8745696885672358 -0.016390274693405746 0.4810595686159382 -0.0586592968078222 0.10802193953502295 0.02834486414124617 0.15058258448583728 167 image_000167.jpg

174 0.9398605682918145 -0.0496823156069687 0.3281818450727088 -0.08056338700208343 -0.1284595234332132 0.032260792478704566 0.059533824829565554 174 image_000174.jpg

58 0.8528575657313723 -0.060200287687945886 0.5094508915320948 -0.09731215997641766 0.0222391183604541 0.031106188568368925 0.11291915732541624 58 image_000058.jpg

55 0.9744869221652517 -0.10873059500987879 0.1904445791770524 -0.047788681894620134 -0.07569638016360758 0.04152127333134083 0.1103657388381528 55 image_000055.jpg

115 0.9731352556638997 -0.1052216958010228 0.2011060174016922 -0.03863347626093306 0.11031265087814521 0.08959723035730444 0.25719610942286697 115 image_000115.jpg

133 0.9476652537302793 -0.10761381047180617 0.29455166305928915 -0.05990965993817805 -0.0033522432177494482 0.04942186766359567 0.14055075560320415 133 image_000133.jpg

30 0.9823947508214718 0.02450177109105517 0.1841845708012301 -0.019397506421909325 -0.11399320578924349 0.0051974952085454326 0.06776394362265381 30 image_000030.jpg

99 0.9927521287966027 -0.01231218464162237 0.11892100446833997 -0.012223338902132177 0.12923737013685357 -0.026258677572132252 -0.20497556045454055 99 image_000099.jpg

7 0.9170560194127783 -0.13329546592255462 0.3648997618738162 -0.08993745098149251 -0.12460503250683219 -0.08275867472970239 -0.19182252827468946 7 image_000007.jpg

24 0.9909297962636487 -0.026575288198584242 0.13148394378289027 -0.007991604360114757 0.09969456928985354 0.025190722373947476 0.1326154069775747 24 image_000024.jpg

5 0.9999991357322773 0.0005499379863894283 -0.0011868305517167112 0.00011389378435535129 0.0005901511546387033 -0.0005770027351093285 0.0002990700451229461 5 image_000005.jpg

