# Image list with two lines of data per image:
#   IMAGE_ID, QW, QX, QY, QZ, TX, TY, TZ, CAMERA_ID, NAME
#   POINTS2D[] as (X, Y, POINT3D_ID)
# Number of images: 529, mean observations per image: 7.673
264 0.9772640585866932 0.027911305856987322 0.20426909275797933 -0.04949803148359039 -0.20935894954550122 -0.002148522647335124 -0.005052433733932701 264 image_000264.jpg

361 0.9999994876407201 -0.0009753531456323403 0.00026891539498647777 3.1254409363486024e-05 -0.008613938607664226 -0.00761380574013992 0.07204060381183862 361 image_000361.jpg

266 0.986078229736709 -0.08304335451077045 0.1334288874874537 -0.05431633238514271 0.0031380276834788168 -0.19932993489267498 -0.3616077030900346 266 image_000266.jpg

25 0.9999987113195827 -0.0011721930660368131 0.001081029818232231 -0.00018272271221133842 -0.010550756211051249 -0.008235379179970213 0.07303381704247833 25 image_000025.jpg

506 0.972545779040741 0.07866788997488662 0.21008249297585926 -0.061898408656427165 -0.3988585566523706 0.1489390343246882 0.7108840082184784 506 image_000506.jpg

287 0.9882700145105819 0.053701227222736424 0.13880969091775203 -0.03421153808768887 -0.3437126658311703 0.08766550953377061 0.27318598903698565 287 image_000287.jpg

340 0.9958242840457693 -0.053538928059592816 0.0022128828997822615 0.07390996539352801 0.08350926596553819 0.0075603832428771875 0.07573841352479299 340 image_000340.jpg

265 0.9821339898958709 -0.12641444358558035 0.1333902141075026 -0.040487893860432875 -0.04647640738663997 -0.17535394689241454 -0.22098465738116185 265 image_000265.jpg

71 0.9990910527682371 0.0040745584798655985 0.03370865440765763 -0.025771958642078544 0.07233423527434196 -0.05277159466012435 -0.02354101823925221 71 image_000071.jpg

487 0.9637118819378586 0.049942347117292354 0.2488950248082073 -0.08256165798769165 -0.5027837967368629 0.1572569130230544 0.4477115362408629 487 image_000487.jpg

61 0.9776070154254635 0.11754687356765316 0.16753545777736784 -0.0489809045279282 -0.6084754989845638 0.14471231805928014 1.1876305574487032 61 image_000061.jpg

32 0.9955741296146335 0.062329972902176664 0.07009186762792999 -0.005853282792165608 -0.19201821423725512 0.061413718536876806 0.32047650897406316 32 image_000032.jpg

37 0.9705921074411263 0.02785988246415494 0.2234701282522892 -0.08506403539530012 -0.210807557955421 0.11511068033855826 0.3433180340328123 37 image_000037.jpg

342 0.9835980227761428 0.058384450669581055 0.16487777306225027 -0.04406259805107731 -0.31781336666772775 0.10189802018077254 0.4110117668784235 342 image_000342.jpg

293 0.9985692112380617 0.03742860211642151 -0.03754560037063572 0.006997359426280781 -0.008254156241529715 0.11401949083877808 0.38837692256825224 293 image_000293.jpg

372 0.995148806271795 0.07561468485980122 -0.056518799094836925 0.027692833091577388 -0.049470113639359735 0.07692290139671151 0.33512088916348437 372 image_000372.jpg

329 0.9937649136874064 0.05609445271105831 0.09504369675674108 -0.015856024411793766 -0.09357530565245117 0.07027081004956509 0.24831123071880892 329 image_000329.jpg

295 0.9955048354716645 -0.08568532296540649 0.03960104344414401 -0.0077405664593878844 0.2640909188223974 -0.19779903359954734 -0.327818643646139 295 image_000295.jpg

386 0.9631958714137044 0.10775838380607734 0.23827309623043977 -0.06219154358905094 -0.37071506703457024 0.2098318986112 1.3426965571803344 386 image_000386.jpg

341 0.9977338355129504 0.051898274122316644 0.0419802118405884 -0.008451479967173716 -0.15722194351835383 0.05120954856698036 0.24181331407941747 341 image_000341.jpg

520 0.979337001080415 0.07347229275756306 0.18828736259723522 0.006981004148050587 -0.2707670181006974 0.0011488104146909952 0.19114159782613055 520 image_000520.jpg

523 0.9939380132010238 0.06483647711357864 0.02198236660740357 -0.08602461495674443 -0.34405854613285236 0.17182213027791052 0.5394336239331698 523 image_000523.jpg

174 0.9663978523870196 0.11159639953124781 0.2268780846023369 -0.04634421189721223 -0.37392326529010966 0.11214954690498372 1.0167992637882448 174 image_000174.jpg

471 0.975999502019677 0.047788368950772375 0.20092536763552998 -0.06906689065491875 -0.20233071563654703 0.1082307500793166 0.4035092162547143 471 image_000471.jpg

348 0.9916183761785148 0.11565742091913495 -0.057586155953466084 0.00043688418964244494 0.009080623392230362 0.026457841499885823 0.2686814551211983 348 image_000348.jpg

311 0.992835013795015 0.02047761188851512 0.11029959552087233 -0.04114971587017019 -0.2681963161939496 0.11500342662418417 0.33845113861339615 311 image_000311.jpg

