# Image list with two lines of data per image:
#   IMAGE_ID, QW, QX, QY, QZ, TX, TY, TZ, CAMERA_ID, NAME
#   POINTS2D[] as (X, Y, POINT3D_ID)
# Number of images: 236, mean observations per image: 23.987
224 0.9410035555824275 -0.07162870203171792 0.31682622102921515 -0.09488305755072204 -0.22158040746120275 0.08031899741038384 0.25598162002437197 224 image_000224.jpg

2 0.9999941844987261 -0.0033805645367627935 -0.00022317556419185653 0.00039864897161414367 -0.0012947363366278702 -0.004874235201639475 0.005317292149589278 2 image_000002.jpg

164 0.9988378039463961 0.01270605440638607 0.046123823629000055 -0.005847801094100838 -0.13005567252980968 0.0064225885128816745 -0.05295634740263541 164 image_000164.jpg

229 0.8745193659131397 0.07707957414883455 0.47719548260616823 -0.03948496190216408 -0.4808682843484175 0.07418868932054334 0.32253920798554286 229 image_000229.jpg

11 0.9946029755459136 0.04141079365712197 -0.09495142275234138 0.005854972906542265 0.1300339741325061 0.025329779890837498 0.4031584744313476 11 image_000011.jpg

19 0.9929673227179459 -0.008750266334764325 0.11316019295290544 -0.03367636185123278 -0.29006118441347045 -0.0034502269110481486 -0.02917595318697063 19 image_000019.jpg

85 0.9906033034520152 -0.019280973849536857 0.1304566577976833 -0.03625440720818997 -0.3701154825748738 -0.041656551934064145 -0.2336277856838948 85 image_000085.jpg

126 0.9914398492385128 0.03042718927995135 0.12637219326002852 0.012299609139891109 -0.2903048638802981 0.005330832440937938 0.32733456514355463 126 image_000126.jpg

127 0.9969956057355087 -0.004831414606619651 0.07730556763912738 0.0005068119445374297 -0.21800378434026346 0.0580663221944875 0.49723401533257316 127 image_000127.jpg

33 0.9972466295178224 0.024313957420629643 0.06903092662399227 -0.011946956610948406 -0.2044922249361426 0.05925355930327258 0.558522507457012 33 image_000033.jpg

16 0.9976120895502203 -0.0070367275190774915 -0.06843357562938258 0.00611892373116249 0.11969324261308839 -0.00477253355173755 0.08293194101344425 16 image_000016.jpg

148 0.9901373468879783 0.016995966720873543 0.1383308211353505 -0.01427404916262268 -0.2912930278140619 0.02550008445149541 0.3498368806200324 148 image_000148.jpg

213 0.9975892327622824 0.010347349144642916 -0.06845686586190129 -0.004723400211018819 0.10321434040905306 0.04155051024386711 0.4072955605108818 213 image_000213.jpg

157 0.9963264112284721 -0.004606353512745883 -0.08506324415070521 0.008757972700975522 0.2344863985984164 0.0011647414015684334 0.08015762976869473 157 image_000157.jpg

196 0.9796706319799483 0.01016659526099168 0.19537788634615647 -0.04437979537273048 -0.4264635663212677 0.014458394373979788 0.11770127219881228 196 image_000196.jpg

38 0.9998817061735984 -0.006511910715314616 -0.011287593423748256 -0.00817049360687249 -0.025350094298510668 0.020389424910874594 0.19375272301944346 38 image_000038.jpg

44 0.999896626726111 -0.0067308034399070965 -0.011767809987949653 -0.00478979449825123 -0.03315535374280086 -0.05990562334194642 -0.3501881925160208 44 image_000044.jpg

109 0.9794315409517977 -0.02914023461096216 0.19602858228683 -0.037914341857846326 -0.3836991808262766 -0.058754144512417936 -0.23429747117461353 109 image_000109.jpg

52 0.9813198091756302 -0.06007683870086212 0.17922769083136747 -0.03577218122063581 -0.4209845687452628 -0.0638985343561633 -0.1807345327247312 52 image_000052.jpg

93 0.9920409616568161 -0.1183063744863014 0.040035083955293344 -0.01598529095591046 -0.15946019243760945 -0.22403217152299582 -0.5358152538227081 93 image_000093.jpg

40 0.9784422296917562 -0.048495040467629244 0.196744581727806 -0.0398825687139658 -0.4131064235704731 -0.006420425842170448 0.02805796260308975 40 image_000040.jpg

194 0.9900631925708943 0.05783177924478317 0.12807858878993786 -0.005122109538240421 -0.41626930049318 -0.01614678558230602 0.18576585319268102 194 image_000194.jpg

77 0.9999643524054821 -0.003969904503269416 -0.007346231568274017 0.0012522032659822682 -0.06315358008941448 -0.038377526412190624 -0.2355341764599989 77 image_000077.jpg

110 0.9971869740407404 0.04266460061333486 0.061029076373584415 -0.008562389091836712 -0.1610271307941765 0.027897165653127366 0.4830542283800972 110 image_000110.jpg

176 0.9949579264549345 0.023085450337009653 -0.0975924728931267 -0.0012227254753759997 0.19481764115868977 -0.02386847182754184 -0.1315667301174485 176 image_000176.jpg

113 0.9903743869647349 0.07753373061645893 0.11403274450424841 -0.011984382533321274 0.011729021974161341 -0.007309945105495076 0.38142717653566577 113 image_000113.jpg

214 0.9992331934035227 0.010801054647316694 0.032831519896136765 -0.01839688696263551 -0.12657120423691368 -0.03883672392516864 -0.245103154435934 214 image_000214.jpg

185 0.9872652895614102 -0.04090565221224835 0.1492139424316698 -0.03700252949365378 -0.16595084476580962 0.0031096138462417553 0.037923885856586244 185 image_000185.jpg

159 0.9879997061177246 0.011187369053977388 0.15179178290883494 -0.026280793920816586 -0.2770145982371786 -0.014404360368713395 -0.10268317536832723 159 image_000159.jpg

128 0.9890877331315173 -0.09944145339468134 -0.10856316162703981 0.005558292127193566 0.20747211091316822 0.009840609940512056 0.032495236044141534 128 image_000128.jpg

112 0.9642143908685327 -0.0705505406271485 -0.2548239885991827 0.019440708421237903 0.4214196751790754 -0.0568469886707673 -0.05075654060857471 112 image_000112.jpg

50 0.993521184974044 0.012449613855049418 -0.11227093029782806 0.012486067148310924 0.1874927376516162 -0.006330054422045433 -0.011341148836826812 50 image_000050.jpg

146 0.9961072235252767 -0.048301495239263366 -0.07366062884949265 -0.0033856582280193995 0.13054699707737602 -0.07615473624018841 -0.2541902660057222 146 image_000146.jpg

4 0.9990450883690953 0.011267358807206829 -0.04151514225371514 -0.007646170630995597 0.02836737329996685 0.05177911440986139 0.39551395009174656 4 image_000004.jpg

9 0.9993774040507214 0.003369947466548193 0.0331572955342777 -0.011577762121250479 -0.11708283281288796 -0.05605143584153776 -0.34603123382338363 9 image_000009.jpg

17 0.9963679692898708 0.02746149130151777 -0.08016836776842638 0.008352368488931233 0.12220135242780414 0.014575975727829924 0.2268448026507378 17 image_000017.jpg

27 0.9984199756654174 0.05275035753800766 0.019332877932702743 0.001086134725884105 0.0021923733776919785 -0.02781356492108702 -0.032418052385287 27 image_000027.jpg

142 0.9411589913998816 0.15687621476532512 0.2978797757495091 -0.029618274722302364 -0.40854545607172815 0.06210198744132436 0.28049143590528636 142 image_000142.jpg

162 0.9996248626838657 0.020071029063213 0.01794654010306232 -0.005020091363084733 -0.18236670340952843 0.004251287543801387 0.09595639989129123 162 image_000162.jpg

118 0.9963525975155488 -0.017160883893317297 -0.08353584591004726 -0.0029606646827867946 0.13236060528454477 0.030587064125576807 0.1956671072253498 118 image_000118.jpg

92 0.9996325015469485 -0.019198228793246456 -0.01890747458322622 -0.002965964484761792 -0.011332365850258782 -0.0648422620316724 -0.32745282879022336 92 image_000092.jpg

135 0.9988540709106741 0.02948462831689862 -0.03562651728139228 -0.012326812292759446 0.027941783320983404 -0.04326264159569112 -0.3960385050070249 135 image_000135.jpg

200 0.9985349262410348 -0.046682723945724494 -0.026623179162818644 -0.006318242840048259 0.021430144684120068 -0.12745529571249942 -0.5030133509711304 200 image_000200.jpg

29 0.9932168529486216 0.10877670896241275 -0.040941140227478336 0.003425683397199167 -0.11883828952241103 -0.029573974089404632 0.3281595262043143 29 image_000029.jpg

28 0.9640040507622972 -0.15224933351772021 -0.21465701076501412 0.03793019114366395 0.39078128283884866 -0.23060750051150525 -0.42031591580754823 28 image_000028.jpg

232 0.9951223188185915 0.022328570319158286 -0.09606411246385736 0.0021654788725356464 0.10493144148278516 0.02832102532878416 0.27832513782332974 232 image_000232.jpg

42 0.9594991234805011 -0.0884739077705313 0.2575917725268003 -0.07197421117490622 -0.5995287267549235 -0.03649049221695031 -0.07848799827753888 42 image_000042.jpg

71 0.9963668929013096 0.03226476092257267 0.07618144893632346 -0.020208605249566833 0.006571152733335563 0.029063960633214737 0.38382535059910017 71 image_000071.jpg

220 0.9958943484360288 0.03581084745992075 0.07999290764592773 -0.022653190168149477 -0.30813199859189844 0.03717401594425934 0.47701170332523135 220 image_000220.jpg

188 0.9974711450308825 0.015156223681013232 -0.06931534273443633 -0.004122340511669493 0.10374619408614884 -0.02150357053712084 0.6173571349849819 188 image_000188.jpg

25 0.9933948408529469 0.022875108178690012 0.10866517369433848 -0.028901432040075635 0.04320661706197991 0.05400058515086473 0.45469598671625894 25 image_000025.jpg

26 0.9681883501992766 -0.019331557917866542 0.240367014813699 -0.06679301008517445 0.0016036485120994037 0.1194627105588707 0.5870202081779752 26 image_000026.jpg

63 0.9927200198494692 0.01201696513505983 0.1184386364060408 -0.018298937998583755 -0.19928276539109296 0.033815988946457085 0.28781462325800905 63 image_000063.jpg

199 0.9872814202901458 0.07425289832592372 0.13959202396981912 -0.01661245976947386 -0.10046848173928061 -0.011494770793691246 0.36587226905847414 199 image_000199.jpg

198 0.9922301247302459 0.07207715354880172 0.1006973946950454 -0.012012377391396076 -0.045716852685267484 0.0005925786929164012 0.39033052648288624 198 image_000198.jpg

73 0.9905580823927747 -0.008581179033786433 0.13457026444991793 -0.024736568792201628 -0.04877219514104288 0.027309154810791974 0.16256400010692734 73 image_000073.jpg

223 0.990233268962897 -0.014460417103406916 0.1345403770769584 -0.033583466008492026 -0.3256513181983209 -0.042338744675259304 -0.11221384755830872 223 image_000223.jpg

234 0.9175904813529694 -0.009623916988896529 -0.39710077284589396 0.015685901267102943 0.474495519359509 -0.06547402468913391 -0.1326210581992439 234 image_000234.jpg

206 0.9988745749082055 0.03263636334179439 -0.0340625044657704 -0.004918448074071499 0.03997183158145691 0.22862596411943253 1.547888321529509 206 image_000206.jpg

207 0.9463246735445551 -0.12128416052476251 0.2859214680373509 -0.08949123311474823 -0.42996291989871094 -0.016091795688632705 -0.03272113932447113 207 image_000207.jpg

