# Image list with two lines of data per image:
#   IMAGE_ID, QW, QX, QY, QZ, TX, TY, TZ, CAMERA_ID, NAME
#   POINTS2D[] as (X, Y, POINT3D_ID)
# Number of images: 236, mean observations per image: 34.064
161 0.9403296503401367 -0.060114441542535806 0.3280859981708196 -0.06727547042517004 -0.07886220253842013 0.016850350105558874 0.04116213647181425 161 image_000161.jpg

193 0.9455102380645192 -0.061313941105499925 0.31428533153718 -0.05895508689022263 0.01845812910277614 0.05142996499180241 0.1873951130486555 193 image_000193.jpg

131 0.9603304621563405 -0.10192899280552456 0.25383739736461286 -0.05424436199328657 0.04324620289959587 0.08222228356173536 0.2008496914487744 131 image_000131.jpg

68 0.9843993095325708 -0.007900113845113566 0.17430922532774998 -0.022624894135708912 -0.025801407602001517 -0.020463600037914448 -0.17945847850321386 68 image_000068.jpg

228 0.9429604762331082 0.036139389799916294 0.3298872218335599 -0.02634185615388342 -0.03511049431092504 0.009251760128821293 0.16334235296854402 228 image_000228.jpg

233 0.963788990277339 0.019000688210931142 0.265128169722088 -0.02137311458757953 -0.0843405206573385 -0.011239811610858672 -0.1572782195327733 233 image_000233.jpg

205 0.9462966889752189 -0.14436138051550987 0.2746420302625774 -0.09085231397893659 -0.08486151636600707 0.019187491709654246 0.036325157117521434 205 image_000205.jpg

143 0.9610641806173851 -0.0906880146785801 0.25418768633186023 -0.059329037179316445 0.020428869312118528 0.0625542181057929 0.17895323926575463 143 image_000143.jpg

47 0.9312023210048339 -0.15536064997159543 0.32081502003875134 -0.07617774351144609 -0.05282675444903326 0.013868702799759491 0.354608326747067 47 image_000047.jpg

144 0.9434375693019804 -0.10753600674468378 0.30241897363616094 -0.08309230897149442 -0.014922870707912546 0.055165133270987925 0.12670278215362105 144 image_000144.jpg

177 0.9950747346123795 -0.03924426968460434 0.09091658204575141 -0.0045105314056502034 -0.012512425249559842 0.03407464629271123 0.15998094036468907 177 image_000177.jpg

210 0.9407384561704745 -0.2649727703918549 0.19340073414720618 -0.08600431718652113 0.0909918646190313 -0.2443641456218419 -0.32080666505372446 210 image_000210.jpg

149 0.929291601397686 -0.1918161126430117 0.2953661172538676 -0.1112769091631955 -0.038170190670458556 -0.10528871890848746 -0.18775711652840382 149 image_000149.jpg

150 0.9855212593293909 0.02303095984796859 0.16785776661778293 -0.006417961850761453 -0.1018866991225847 0.016905096067120443 0.17159328538141821 150 image_000150.jpg

55 0.9743892240787961 -0.10988712446356103 0.19015447128491023 -0.048288032651039106 -0.07281614040510365 0.052251531630063616 0.1316736709105043 55 image_000055.jpg

151 0.9348879683702659 -0.13104247260985233 0.3114472127662596 -0.1086875456911168 -0.0020413076210322734 0.07780645829673424 0.15416922535445812 151 image_000151.jpg

218 0.9477242089107637 -0.11183127619220566 0.2952123900594229 -0.04650005545583367 0.054251242667301705 0.056851436063130326 0.14296167745451857 218 image_000218.jpg

137 0.9533291280842994 -0.07685897390818497 0.2877890861059138 -0.049332558022367384 -0.0656793556201747 0.05955272689641401 0.17734390140388356 137 image_000137.jpg

140 0.9831189180992967 -0.031036756818898465 0.1801474785880054 -0.0077965088864675085 -0.039656843464140834 0.0355659094835032 0.1849177474573943 140 image_000140.jpg

7 0.9176718186824855 -0.13452805359950215 0.36266101897210384 -0.0908714169115221 -0.11028560316103804 -0.07468450548034314 -0.1785907482592349 7 image_000007.jpg

139 0.9363243614303606 -0.07614218833540985 0.3369791818703673 -0.06280207961474081 -0.08180817415745525 0.04835828946284287 0.1558597359939759 139 image_000139.jpg

23 0.9899133031693763 -0.022982711677101253 0.13871316428704394 -0.0173815705462108 0.055213886262418445 0.02952525896544564 0.14907091887960158 23 image_000023.jpg

154 0.9577096602949656 -0.046670969619744956 0.27967325256079745 -0.04895803439943243 0.03340805569239267 0.01277856955563332 0.032660029704830715 154 image_000154.jpg

30 0.9824269690124473 0.024312223657329584 0.18395818819813392 -0.020137799144952093 -0.11102204136559225 0.010628354679487612 0.09574869004172995 30 image_000030.jpg

31 0.9990816779064073 0.0026904796019309157 0.042698085630852194 -0.0023335251963698014 0.07977409050304843 -0.00014224036696815684 -0.03342743712360338 31 image_000031.jpg

34 0.9389592971233497 -0.11909286533245168 0.31761810273509966 -0.05736801687874343 -0.017339678707961628 0.01451045486267738 0.02265975838178637 34 image_000034.jpg

37 0.9312307023171338 -0.1144333675651658 0.3355163016680094 -0.08451747179372425 -0.0546737327510288 0.07389104285964172 0.17538110535623097 37 image_000037.jpg

46 0.9336558419754082 -0.13391169725512947 0.3246809557214098 -0.07026162337181717 -0.029976065941453703 0.042910415797720355 0.09809467947365214 46 image_000046.jpg

183 0.9370957086033681 -0.11381557761352612 0.32355030091479503 -0.06490641028728714 -0.05440424191194315 0.05866007250191926 0.13527642751910507 183 image_000183.jpg

57 0.9682024794793053 -0.12515811021817497 0.212476635152363 -0.0421081446421266 -0.048631868473854395 0.04418739494567556 0.11484649086973851 57 image_000057.jpg

191 0.9526220089382443 -0.10500686526089269 0.2755351169924855 -0.0746007404651505 -0.01603948686982605 0.07613107940204444 0.18357674524721831 191 image_000191.jpg

94 0.9382216737579724 -0.1624620160151767 0.28942073666645096 -0.09788685278539445 0.0026229864210599724 0.04182282076029757 0.0759115075375609 94 image_000094.jpg

166 0.9524347277627747 -0.11761971173767645 0.27200826759506774 -0.0710296655931441 0.029850243667611243 0.09043194952191165 0.20167910052977994 166 image_000166.jpg

45 0.8857323693160306 -0.11443948809510707 0.43879957087270605 -0.09918019812376379 -0.30407612931196765 0.013534957741676207 0.034258934178775596 45 image_000045.jpg

173 0.9619542763837794 -0.0681343525780503 0.2630293423180231 -0.028587620270066103 0.10350565083423806 0.06392626982223937 0.15046081511864093 173 image_000173.jpg

180 0.9706554465501014 -0.02919500409958919 0.23339321340355065 -0.05003243742151405 0.11376502327376356 0.0076835262778537595 0.051150831856199654 180 image_000180.jpg

59 0.9573243175485175 -0.05908296885267601 0.2800382299032777 -0.040223533557387475 0.02378587160490278 0.06108487137979453 0.23119894695840365 59 image_000059.jpg

72 0.9847027318652871 -0.046788945929555605 0.16558305477841415 -0.027451349262150183 0.05781391542856273 0.03099663122450365 0.1637617516901303 72 image_000072.jpg

202 0.9686285026051307 -0.054477406016618025 0.23954270284611542 -0.03755414151906507 -0.0258057056147825 0.07647500398819793 0.3017080968296956 202 image_000202.jpg

211 0.9358037290369811 -0.1026238687590641 0.32959306498527413 -0.07147127970866907 -0.056539423359026224 0.056092968720006055 0.16187250352503302 211 image_000211.jpg

86 0.9246998533223814 -0.15418982979221757 0.333400425675144 -0.0999991753428205 0.048480140821075254 0.11311792998070025 0.2142650380011865 86 image_000086.jpg

216 0.9551946851360611 -0.05701270603397037 0.2820038817822497 -0.06947297102063418 -0.03213898810842719 0.002942315880467385 -0.016485644732613654 216 image_000216.jpg

226 0.9492923218273372 -0.14506895062410774 0.2605949567203258 -0.09944528752831766 0.009611991239152698 0.03418118353397114 0.08611787954526454 226 image_000226.jpg

99 0.9931639876470947 -0.01298971926599729 0.11522506319520164 -0.013406770095797733 0.13805090381099278 -0.020756480451505858 -0.1785609802421188 99 image_000099.jpg

102 0.9591451042508478 -0.15964660959280222 0.22147006750100787 -0.07419327753602498 0.1060976778649594 -0.02183182290949713 -0.052465621085035524 102 image_000102.jpg

106 0.9995362358416293 0.012223658806004328 0.019203396529994 0.02022664384328584 0.00888824068733574 0.038988437947503105 0.20158469947262583 106 image_000106.jpg

116 0.9548422798285277 -0.12204579226051716 0.2629879630635541 -0.06494902597403746 0.006088611385472061 0.020140148452385105 0.04667931146754327 116 image_000116.jpg

119 0.9451326178031845 -0.10335291985489366 0.30164642455557544 -0.07107691794737467 -0.024359268741560747 0.05593407040504958 0.13015454038615576 119 image_000119.jpg

122 0.918986659352116 -0.23946370575488418 0.2731878139777838 -0.15326137423391448 -0.1457593484145563 -0.3228249046145031 -0.4579802062483371 122 image_000122.jpg

125 0.9241868212709661 -0.06028893712009571 0.37358047337116423 -0.05178425030009713 0.014793075023982388 0.060816698295596584 0.2009654618002743 125 image_000125.jpg

178 0.9476324112202554 -0.13541801575605775 0.2799233489205684 -0.07278529816733768 0.07867148963991175 0.05076895324023857 0.1428540188482213 178 image_000178.jpg

145 0.9509855928293631 -0.02697052163820158 0.30182571380367795 -0.0616461346919667 -0.005741692704261919 0.03155084228006596 0.17790580827434532 145 image_000145.jpg

186 0.9357032111765068 -0.1332557689719246 0.3197389784972334 -0.06685353613871522 -0.054746759348244516 0.06127320453910319 0.13172554039507722 186 image_000186.jpg

189 0.9722671916718933 -0.13084305203492522 0.18755756638519003 -0.04897715396197514 -0.05345969737062487 0.06986017371543937 0.1543544471091368 189 image_000189.jpg

212 0.9515891867962926 -0.08362655759189704 0.2912988073105053 -0.05127986939628863 0.015098957762959206 0.0634769712853703 0.21700620162388462 212 image_000212.jpg

24 0.9912395570564045 -0.02696026545039767 0.12900713854912715 -0.008627676310656916 0.10595738494157503 0.03282200517954205 0.1616236505581008 24 image_000024.jpg

90 0.8819823398774654 -0.12725707629747418 0.4389777634579519 -0.11494041027954228 -0.2950011182232313 0.031028758071982878 0.051060417386536244 90 image_000090.jpg

8 0.9677024117547484 -0.12694278988772406 0.21077375480536895 -0.05488158525559353 0.05637234203727059 0.051858531614080085 0.12230831219954609 8 image_000008.jpg

171 0.9711162507987096 -0.0967057947561138 0.21697035218477564 -0.02247399146021378 0.18170000383290374 -0.0671067084128472 -0.2709084360855174 171 image_000171.jpg

133 0.94710692540455 -0.10676089084298546 0.2973661655152574 -0.056248945571084785 -0.00012654377714745035 0.06651330117622918 0.1644652435623002 133 image_000133.jpg

225 0.9837356851925807 -0.034212947769851246 0.16304801505132593 -0.06714849623256701 0.14315383435756757 0.20017980075681702 0.1724766056923628 225 image_000225.jpg

115 0.9716441392386428 -0.10528165210008612 0.2073864001052143 -0.042594755189128794 0.10763599897585557 0.10191387760863792 0.27419255408330007 115 image_000115.jpg

132 0.9320732008133596 -0.11080859063142534 0.3387319812236086 -0.06497421516374433 -0.024235044083926044 0.08106010884017267 0.27966953219407825 132 image_000132.jpg

5 0.999999679624983 0.00012910406574309405 -0.000786677953430693 -0.0001295579837802365 -0.00021418151407674938 -1.0036914455608575e-05 0.0005171103603044962 5 image_000005.jpg

215 0.9464159349988607 -0.13670966428248954 0.2825412867150184 -0.07601168237563699 0.044573674625045356 0.10031656152821844 0.28968333743923924 215 image_000215.jpg

