# Image list with two lines of data per image:
#   IMAGE_ID, QW, QX, QY, QZ, TX, TY, TZ, CAMERA_ID, NAME
#   POINTS2D[] as (X, Y, POINT3D_ID)
# Number of images: 529, mean observations per image: 0.017
200 0.9735490490224211 -0.03327165792190454 -0.2125558491559562 0.07691076014715095 -1.2569069058407438 0.04811400353790184 0.045904305453814964 200 image_000200.jpg

201 0.9738377998582942 -0.0367639027357445 -0.20690210688303404 0.08648623687164268 -1.123277088100639 -0.10818701105634022 0.8802071255004473 201 image_000201.jpg

227 0.977327387791061 0.050855225860971416 -0.20212734102398647 0.037275388661011544 -2.2609781606242656 0.4807227167096284 0.2461674464692445 227 image_000227.jpg

509 0.973608020273896 -0.03959917226193773 -0.21216461013418011 0.07419912987271965 -1.7651277151974514 0.4824365528905896 -0.7442957290449321 509 image_000509.jpg

137 0.7119725101563692 0.029627637158743447 -0.020960550554572084 0.7012688204372207 0.15899467320951013 1.6597568842193942 -0.3559150536740088 137 image_000137.jpg

524 0.9872926063232701 -0.05128565740676353 -0.14467105275224457 0.04115058378068426 -0.20015803146464678 0.15780369356085078 0.28625239541259073 524 image_000524.jpg

271 0.9678832750945537 0.017160430155118287 -0.23906869478994638 0.0758527936615537 -1.934850234358324 -0.07788089523834642 0.20503084636941493 271 image_000271.jpg

407 0.9901966637046082 0.11700914029015784 -0.07528936005339931 -0.012286005393830887 -0.027790120442530285 0.006271830780309911 0.0664557245859107 407 image_000407.jpg

155 0.6524392246574718 0.08365459162093304 0.08686146141632235 -0.7481844835913269 -0.15604606155305836 0.2687962439835372 -0.3845366671536682 155 image_000155.jpg

412 0.9997977713911427 0.01054619296255952 -0.01235718979548837 -0.01185306008673014 2.8922210977215896 -0.4855716811006602 -0.6713487442656977 412 image_000412.jpg

33 0.9999947461262513 -0.0022326138872212358 -0.002334643358134741 -0.0002711790089403997 2.8545829240318 -0.423427095610642 -1.2918601202835587 33 image_000033.jpg

40 0.9993646883477286 -0.010648136716628927 0.03259097065693388 0.009729869509600881 -0.06067163711689312 -0.20670835945679605 -0.3965857950226329 40 image_000040.jpg

41 0.9865051035214915 -0.11139642264339092 -0.06787424551017486 0.098952578664188 0.194221521054321 -0.006827872480125927 -0.0873165118240114 41 image_000041.jpg

300 0.9966067340410724 -0.03058604119664028 -0.07634351435365186 0.0033423723610302826 2.5699330932017226 -0.4151227733028706 -0.35260055889333364 300 image_000300.jpg

305 0.9595115634445094 0.022589453734637097 -0.2656236089413379 0.09094708248552681 -1.7094924706555028 -0.063739126436168 0.11127455734009795 305 image_000305.jpg

307 0.9768700232777769 -0.0018637896353138688 -0.20158244768489544 0.07131626232874558 -0.1713661717987989 0.09863916956132875 0.3265793504092846 307 image_000307.jpg

183 0.9795137444799665 -0.12134630396919613 -0.14304873575113541 0.07324580589970821 -0.197678530248944 1.810964750959061 2.256182153813077 183 image_000183.jpg

185 0.9729774200953212 -0.05215414790502806 -0.2092082274573417 0.08262447918494371 -1.4471854784665084 0.37985205048268683 0.6470984513433742 185 image_000185.jpg

186 0.9696425062804948 -0.04185373839445837 -0.22540929715038477 0.08504297654294359 -1.6522558138813626 0.3829887274186688 0.6927178538017155 186 image_000186.jpg

192 0.9654326032519952 -0.13867888445214696 -0.1969383626191681 0.09961600235986554 -1.2876324096829608 1.7020129221014222 2.0037154343184427 192 image_000192.jpg

450 0.9876582562981361 -0.00890170901050398 -0.14201572884472358 0.06544808826141668 -0.4760940278479411 0.37543261949726076 -0.43086095849381295 450 image_000450.jpg

207 0.9997717547887425 0.009836318782385231 -0.01798364492325376 -0.0060223104545462395 2.052617494585069 -0.24674177716476425 -0.9163607478546328 207 image_000207.jpg

79 0.9836681946812931 -0.05528274560436312 0.13804821025347747 -0.1014070401903217 -0.29214231257771867 -0.16229297531412695 -0.34842551964451823 79 image_000079.jpg

465 0.9927848509487668 -0.01957778907208047 -0.109330155720415 0.04518714201805352 0.41312273367028457 0.40202282491594793 0.714564579763088 465 image_000465.jpg

466 0.9942080705711595 0.029719372619132822 0.09730139547890225 -0.034634147195717425 4.662779462266971 -0.4743573140822942 -1.9532994296512827 466 image_000466.jpg

209 0.9836454074865992 -0.04693052736655055 0.1433397456827491 -0.0984528262224913 4.009326828071038 -1.3930321844923947 -2.961068637732412 209 image_000209.jpg

86 0.998761867994933 -0.041836283250036334 0.02357198205315196 0.012992455913301969 2.41614882069396 0.4868251131524015 -0.9490112117009418 86 image_000086.jpg

475 0.6627913819419534 -0.016139378088367743 0.12487176945908036 -0.7381422820219565 -0.2795663117469542 0.21218604573109906 -0.3812244988515063 475 image_000475.jpg

356 0.9824242955560414 -0.0038377547584451154 -0.17481438010804326 0.06532763643547955 -0.8997408660258657 -3.431748960028812e-05 0.28752098573153373 356 image_000356.jpg

102 0.9943373906192071 -0.02596715320550595 -0.08414256951835454 0.05948857218432762 0.7695787666448611 0.10309378046290896 -0.5755207995341832 102 image_000102.jpg

231 0.9908546145543681 -0.02345950270285934 0.1207565319927753 -0.05544946877518356 -0.26871654220650665 -0.18548499436918567 -0.36830079386201475 231 image_000231.jpg

232 0.6619544026651645 0.12393612006580584 -0.09503498082353985 0.7330924136544849 0.04537198903345831 -0.4544156164454842 0.3485656910689521 232 image_000232.jpg

235 0.6724452814454528 0.025958253519652107 0.10182742435107618 -0.7326490911391426 0.8612632753963201 -4.453109968475897 1.6368415327093815 235 image_000235.jpg

491 0.9683483747861629 0.022115353294110053 -0.24299771636338502 0.052578038449538865 -1.0084665973174438 0.17967241096370318 -0.8644191892524581 491 image_000491.jpg

238 0.6940424442962891 0.04639903268011836 -0.05673616809797996 -0.7161935600634969 -0.36910044947463 -2.8967066349882384 -1.1952296021932185 238 image_000238.jpg

239 0.9905353532454417 -0.003307798517665325 -0.1370310082571001 0.0071606505973556885 2.1626292613174276 -0.25440497086453656 -0.19817526230458926 239 image_000239.jpg

370 0.7573474644707879 -0.26968920727671714 -0.056636676149477344 -0.5920175871331705 2.5161609046561493 2.0105459718480807 2.7694990758327753 370 image_000370.jpg

374 0.9758447328875706 -0.00834664039932295 -0.20380395782878113 0.07823891350630925 -0.9794864167994666 0.20343134276307903 1.7692969217615884 374 image_000374.jpg

504 0.9797660862166918 -0.0188898330436947 -0.18629671598090372 0.07067618535123156 -0.9397394914832983 0.2661063260559816 -0.44000420866690415 504 image_000504.jpg

508 0.9988869942094308 0.005720156910064233 -0.04680997185338089 -0.000939887930007711 1.4674469958464598 -0.13839235733709646 -0.588452168378677 508 image_000508.jpg

254 0.9898716103069272 -0.036977861301562075 -0.12076941486397261 0.0648196367966588 -0.010389844594008102 -0.11611874951647565 -0.39747882273727536 254 image_000254.jpg

255 0.9919376230750492 0.027394894948000386 -0.11793981131031749 0.03740932921012065 -0.22440525014404392 -0.056529610881293726 -1.1576460838463178 255 image_000255.jpg

