# Camera list with one line of data per camera:
#   CAMERA_ID, MODEL, WIDTH, HEIGHT, PARAMS[]
# Number of cameras: 134
96 RADIAL 1024 775 1035.0117148041934 512.0 387.4594594594595 0.017484111090141547 -0.10248435165102714
43 RADIAL 1026 776 1021.5037480707598 513.0 388.2162162162162 0.01410025076133088 -0.07667842065082255
221 RADIAL 1029 686 1019.5897666441037 514.5 343.0 -0.04761014524173219 0.116119247239389
199 RADIAL 612 463 642.1723226175098 306.0 231.56756756756755 -0.021007213593393553 0.01632594735547168
227 RADIAL 1020 680 1026.1032221263492 510.0 340.0 -0.05622503107490156 0.11759735206182326
232 RADIAL 1057 687 1089.910294717654 528.5 343.52500000000003 -0.034369570018758976 0.020875899957174423
98 RADIAL 1020 772 730.9122099357407 510.0 385.94594594594594 -0.04458288678995614 0.07113240963227715
164 RADIAL 1033 754 1047.276290446256 516.5 376.9054054054054 -0.00394184613247419 0.038995286077703965
197 RADIAL 1029 779 1076.084717584052 514.5 389.35135135135135 -0.04602620802180902 0.09274682194997852
135 RADIAL 760 1004 728.8543145178479 380.0 502.1428571428571 -0.025618084451256337 0.03001402913787612
39 RADIAL 1023 774 1198.3013697840088 511.5 387.0810810810811 -0.04264484141739006 0.16790274556760829
9 RADIAL 1028 685 836.7947668405727 514.0 342.66666666666663 -0.0003611281714409521 -0.015997873317888107
201 RADIAL 1022 773 1484.6626306432784 511.0 386.7027027027027 -0.0024733227602557954 0.05034165911835969
44 RADIAL 1035 578 777.1298093291034 517.5 288.83720930232556 -0.012927930984168235 0.012083809251238205
172 RADIAL 1020 772 983.5222422150139 510.0 385.94594594594594 -0.002087704130158722 -0.020126228933876406
179 RADIAL 1026 684 1361.36760256045 513.0 342.0 -0.012007087612547271 -0.0007665487949055953
214 RADIAL 1028 778 1033.8476356992333 514.0 388.97297297297297 -0.027502967664179385 0.07875321851366625
92 RADIAL 1031 752 803.8466093795422 515.5 376.1756756756757 -0.030994534971963326 0.05475928552027966
61 RADIAL 1039 693 1180.4006431104383 519.5 346.33333333333337 0.003638440755330792 -0.034485089378363906
158 RADIAL 1013 767 997.1326279363159 506.5 383.2972972972973 0.020659808956803555 -0.15644974603343437
89 RADIAL 1032 753 811.9774425328811 516.0 376.5405405405405 -0.05455195883712304 0.09860137389773288
163 RADIAL 1031 752 1028.9012186432446 515.5 376.1756756756757 -0.027910506198234392 0.07405753364735276
3 RADIAL 687 1030 1076.8143335796299 343.5 515.25 -0.015100531008863069 -0.003290297554640171
147 RADIAL 1027 777 1014.4858057962136 513.5 388.5945945945946 -0.06788920996236389 0.11715816003185395
217 RADIAL 975 557 1001.8748674112222 487.5 278.57142857142856 -0.09327350362004688 -0.029069173123352946
219 RADIAL 1024 775 1126.9744674090105 512.0 387.4594594594595 0.0077594700518653845 -0.06461674436029809
60 RADIAL 1015 768 1679.3489435676645 507.5 384.05405405405406 -0.0006377668815930061 -0.012747609974578978
222 RADIAL 1023 774 1029.1079481432266 511.5 387.0810810810811 -0.027654495089674585 0.041762998965868124
185 RADIAL 1022 773 1048.7773946791212 511.0 386.7027027027027 -0.009205300216224612 -0.007580501528905955
4 RADIAL 995 663 1681.5528193680302 497.50000000000006 331.6666666666667 -0.0015237427731642065 0.018640494235482686
11 RADIAL 1014 767 1887.3205503337886 507.00000000000006 383.6756756756757 -0.024819319606660523 -0.01581285969873749
14 RADIAL 1028 778 1034.258350951242 514.0 388.97297297297297 -0.028580330750667834 0.04778790470713924
15 RADIAL 1024 775 1058.6002310618621 512.0 387.4594594594595 -0.035556762087357044 -0.0014672433424191963
148 RADIAL 1015 768 1543.1928972761943 507.5 384.05405405405406 -0.018806834431126514 0.005477141914491007
152 RADIAL 1021 681 1042.4948555559781 510.5 340.3333333333333 -0.009770779750899908 -0.0013944894971036116
29 RADIAL 1023 774 1068.140747799295 511.5 387.0810810810811 -0.04969524378434577 0.09589560453349047
157 RADIAL 1018 770 1529.9395083191314 509.0 385.18918918918916 -0.02042536112968427 0.029994598892143783
160 RADIAL 680 1020 962.6268237142922 340.0 510.0 -0.049876024805517706 0.14312148935086685
71 RADIAL 1033 754 1076.6723954572726 516.5 376.9054054054054 -0.03534964949454116 0.0697329911845451
220 RADIAL 971 647 1265.19891715017 485.5 323.6666666666667 -0.021695348027787678 0.011933409297144329
111 RADIAL 1043 695 1185.0970147375588 521.5 347.6666666666667 -0.006981142367145011 0.01463071566701275
184 RADIAL 1021 773 1283.5206554322447 510.49999999999994 386.3243243243243 0.005619473741525012 0.006061261057636596
128 RADIAL 1025 776 1020.7283926646045 512.5 387.8378378378378 -0.02768373825033342 0.07433217617347815
1 RADIAL 1059 688 807.4298833462435 529.5 344.175 -0.10274718865247272 0.16454300487176043
13 RADIAL 1027 777 1054.2090338255603 513.5 388.5945945945946 -0.014928119386320837 0.0236131832379911
142 RADIAL 689 1060 832.6435115822701 344.5 530.0 0.0015649921149176597 -0.0005674852429320183
17 RADIAL 1019 771 1132.0966226844837 509.5 385.56756756756755 -0.02349300537075081 0.03124726970579191
19 RADIAL 1050 700 1011.7721824284649 525.0 350.0 -0.015195627576164765 0.01681970080138782
27 RADIAL 1018 770 1034.2267746541386 509.0 385.18918918918916 0.01824448128777968 -0.022946485906596106
159 RADIAL 1023 774 1030.458604207941 511.5 387.0810810810811 -0.02296698014026647 0.04080625822628162
32 RADIAL 988 748 802.7444518086231 494.0 373.8378378378378 0.029624788220355722 -0.0993890422476009
162 RADIAL 1033 754 996.836462535744 516.5 376.9054054054054 0.01421483015052041 -0.00266625906853147
53 RADIAL 1023 774 1079.7309892274843 511.5 387.0810810810811 -0.03321925160165756 0.03441320396099435
190 RADIAL 1030 752 1024.6385076197678 515.0 375.81081081081084 -0.020428233960753266 -0.012250535836317208
196 RADIAL 1051 701 1120.4555978240785 525.5 350.3333333333333 -0.010632072875437498 0.015660239092227163
200 RADIAL 1064 692 799.1827968069267 532.0 345.8 -0.06686609110169349 0.1262424348539889
204 RADIAL 1021 773 1118.8513908074126 510.49999999999994 386.3243243243243 -0.0084329468889003 -0.03164099497027158
77 RADIAL 1066 693 803.9846981081757 533.0 346.45 -0.031758543359173746 0.07761222477674161
231 RADIAL 1019 771 1085.7646901802852 509.5 385.56756756756755 0.016765865151249414 -0.06566125416232715
113 RADIAL 1014 767 1484.4341582558409 507.00000000000006 383.6756756756757 -0.05623752907711287 0.016282125923309097
124 RADIAL 1022 773 842.5074399800568 511.0 386.7027027027027 -0.026484794782515912 0.05353173255086887
36 RADIAL 1021 773 821.5482767520981 510.49999999999994 386.3243243243243 -0.04644859890650098 0.10415036681121034
12 RADIAL 1023 774 1207.8754861507932 511.5 387.0810810810811 -0.039851571132573455 0.16500517673505602
176 RADIAL 1022 773 1183.497413887551 511.0 386.7027027027027 0.0224202847282889 -0.15357057677585034
93 RADIAL 1047 584 659.1951167081237 523.5 292.18604651162786 0.008620606487568652 -0.01713000713745389
2 RADIAL 1024 572 1163.786882337211 512.0 285.7674418604651 -0.005978779234433522 0.005674082815915297
146 RADIAL 1031 752 1064.822592271583 515.5 376.1756756756757 -0.020949490718972796 0.05967041213525066
33 RADIAL 1026 641 2293.778601311572 513.0 320.625 0.0025934247262644804 0.00011617939180530759
50 RADIAL 1015 768 1129.6190492034232 507.5 384.05405405405406 -0.008528242315994219 0.004545764133761353
187 RADIAL 1031 752 805.5505951600383 515.5 376.1756756756757 -0.039666920560104464 0.09267278966171712
188 RADIAL 1057 687 1230.0888543285191 528.5 343.52500000000003 0.04017142285806769 -0.020199457234247747
69 RADIAL 1056 686 799.4191970903802 528.0 343.2 -0.02108601701358463 0.013640112576215929
213 RADIAL 1024 624 2002.0564647550686 512.0 312.1951219512195 -0.014034381318465567 -0.0027634448745349027
223 RADIAL 1198 568 832.7041968483301 599.0000015453749 284.1777787421834 0.017271018225145738 -0.00704306912425895
224 RADIAL 1019 771 1261.021938635073 509.5 385.56756756756755 -0.02800553756705434 0.017278439702363122
110 RADIAL 1015 768 1743.7635409176582 507.5 384.05405405405406 -0.005528731482356108 -0.005083646365918196
67 RADIAL 1022 773 1067.0063048117668 511.0 386.7027027027027 -0.01535001855104478 0.012896629801657258
120 RADIAL 1022 773 1097.0158483707596 511.0 386.7027027027027 -0.02501344405658299 -0.028787736365072914
127 RADIAL 1014 767 1921.6469523065225 507.00000000000006 383.6756756756757 -0.02136984096967199 -0.0006846898612894285
100 RADIAL 1028 778 703.0391466135414 514.0 388.97297297297297 -0.037101201301247104 0.036687161036787416
118 RADIAL 1032 753 1105.6847963468158 516.0 376.5405405405405 -0.06302861964071689 0.06639193129074047
16 RADIAL 1032 688 1467.8609900035583 516.0 344.0 -0.004524069801806074 0.01439381920489299
181 RADIAL 1010 764 1060.5759397595377 505.0 382.1621621621622 0.01956794764660794 -0.13801742134595946
198 RADIAL 613 464 643.7255065925858 306.5 231.94594594594597 -0.019016283896415766 0.0207766102039541
73 RADIAL 1067 694 805.9935520703433 533.5 346.77500000000003 -0.06469375288955098 0.09544650868525183
81 RADIAL 1026 776 700.347272427855 513.0 388.2162162162162 -0.021443260341507085 0.01072817802118718
209 RADIAL 1069 695 876.6677669530478 534.5 347.425 -0.05792793051471451 0.13278549485018956
88 RADIAL 1024 775 708.3672058885215 512.0 387.4594594594595 -0.003738067787929269 -0.00737657749500929
104 RADIAL 1030 687 528.5671241247014 515.0 343.3333333333333 0.029513953071621135 -0.029676482442200922
107 RADIAL 1016 567 732.0232543798207 508.0 283.5348837209302 0.0037184953825165016 -0.019547359965302633
114 RADIAL 760 1004 743.5878448781956 380.0 502.1428571428571 -0.004914395771297071 -0.008835670664116635
97 RADIAL 1024 775 1071.6788726462728 512.0 387.4594594594595 -0.025933688235263062 0.051742377803143884
194 RADIAL 1009 673 1393.8285766777788 504.5 336.3333333333333 0.009237302802730121 0.04564329955485372
235 RADIAL 1028 778 1058.502396509346 514.0 388.97297297297297 -0.00950611111296799 0.06226945360630266
112 RADIAL 1016 769 2372.302382356534 508.0 384.43243243243245 0.009162813402137262 -0.0010083757166769588
165 RADIAL 1028 778 1056.344249378744 514.0 388.97297297297297 -0.010119769413418795 0.06214466574705395
0 RADIAL 1067 694 807.8556731331561 533.5 346.77500000000003 -0.07340558051873416 0.14161186763565234
85 RADIAL 1068 694 856.1292566638549 534.0 347.09999999999997 -0.032247334017132236 0.05608053688887079
109 RADIAL 1026 776 1062.5803476170565 513.0 388.2162162162162 -0.023063908867481876 0.05236155391880252
28 RADIAL 1049 699 817.3068208235128 524.5 349.6666666666667 -0.023010873589070908 0.051657126517701414
38 RADIAL 1018 770 1474.0384025780302 509.0 385.18918918918916 0.004817333578350939 0.030775454962274913
207 RADIAL 1033 689 570.4818100909329 516.5 344.3333333333333 0.057672020665057055 -0.053760076257744684
182 RADIAL 1007 762 977.6577270244164 503.5 381.02702702702703 0.045516973733704856 -0.1738919239932128
25 RADIAL 1025 776 1147.0664096894866 512.5 387.8378378378378 -0.02759679148387802 0.006554666731481014
41 RADIAL 1022 681 1664.174241849198 511.0 340.66666666666663 -0.016798312569808935 -0.00448989976352771
26 RADIAL 1027 777 1057.3921977542577 513.5 388.5945945945946 -0.05277222152651556 0.1305893727487302
105 RADIAL 1029 686 1386.607079155684 514.5 343.0 -0.006607189636591475 0.004805219493448025
62 RADIAL 1015 768 1414.138430476072 507.5 384.05405405405406 -0.017430750017733962 0.005647217950212938
64 RADIAL 1058 688 782.8504215855933 529.0 343.84999999999997 -0.025632830016509858 0.02529695158883281
66 RADIAL 1021 773 1098.9441527530753 510.49999999999994 386.3243243243243 -0.03852177168062392 -0.01556093414441354
234 RADIAL 1031 752 804.7390627708297 515.5 376.1756756756757 -0.06520252380527784 0.10538124565354864
175 RADIAL 760 760 995.9714997368666 380.0 380.0 0.018241803813595067 -0.11298926950506248
40 RADIAL 1023 774 935.1853915195949 511.5 387.0810810810811 0.0238262518992511 0.011543127790099661
103 RADIAL 1026 776 1126.675715676769 513.0 388.2162162162162 -0.0030998303543494526 -0.012878674247023705
129 RADIAL 1032 688 722.8040918277085 516.0 344.0 -0.03962341327007469 -0.002984773865352426
63 RADIAL 1023 774 1038.9748742781574 511.5 387.0810810810811 -0.017088214437478082 -0.0075589341639982445
136 RADIAL 1021 681 2199.8506582930177 510.5 340.3333333333333 0.008647058151820083 -0.000829900019475295
56 RADIAL 1028 685 689.3626545266789 514.0 342.66666666666663 0.009161910866323581 -0.01748034910551484
91 RADIAL 1024 775 1139.1456078559581 512.0 387.4594594594595 0.019318776784565637 -0.07524008903975361
42 RADIAL 1057 687 761.1565604915655 528.5 343.52500000000003 -0.017194828414589403 0.0034616329738007927
206 RADIAL 781 591 1681.5947113062152 390.5 295.51351351351354 0.00016476446340352505 -1.3925712446540114e-06
208 RADIAL 1070 696 793.0505227257735 535.0 347.75 -0.08467551580126872 0.1355373379449573
126 RADIAL 1037 757 1092.2109540417619 518.5 378.3648648648649 -0.016658424005805257 -0.0016891126479150257
76 RADIAL 1023 774 708.9032583918499 511.5 387.0810810810811 0.0017612162822064166 -0.018957229389003728
35 RADIAL 986 657 1362.5630573421968 493.0 328.66666666666663 0.019049881477016247 0.006930243652247556
21 RADIAL 1003 669 959.956304434107 501.5 334.33333333333337 -0.01619592685594468 0.040614669574986294
65 RADIAL 1041 760 996.4270283864245 520.5 379.8243243243243 0.002744136053982151 0.011716292107516383
20 RADIAL 1062 690 849.5506367304774 531.0 345.15000000000003 -0.08667240341264955 0.1453042571182538
82 RADIAL 1026 684 1553.6405632666447 513.0 342.0 -0.008463998362443919 -0.005568985205156454
54 RADIAL 1030 752 1071.449650526 515.0 375.81081081081084 -0.03134460679375847 -0.007575990703438992
170 RADIAL 1030 752 1107.4770431700938 515.0 375.81081081081084 -0.028640810263603437 -0.009682397330792866
138 RADIAL 1057 687 772.182602722993 528.5 343.52500000000003 -0.015452379572387105 0.0006740371903457406
52 RADIAL 1028 778 968.1874205161537 514.0 388.97297297297297 -0.0011197825303425335 0.03589592749684106
123 RADIAL 1030 687 1476.1442829179516 515.0 343.3333333333333 -0.015389514166765034 -0.006357424278951369
