# Image list with two lines of data per image:
#   IMAGE_ID, QW, QX, QY, QZ, TX, TY, TZ, CAMERA_ID, NAME
#   POINTS2D[] as (X, Y, POINT3D_ID)
# Number of images: 82, mean observations per image: 183.963
161 0.7341705785426168 -0.04041895066757509 0.6622910867238238 -0.1439805072761867 -0.6728257382930387 0.1058969132397966 1.089316116138484 161 image_000161.jpg

313 0.8000007284748143 -0.05281697275481138 0.568197091887748 -0.1853679222494825 -0.8006955841099335 0.1123163875032518 0.5682992342873375 313 image_000313.jpg

159 0.7558713323064431 -0.07134575669145868 0.6138991401026204 -0.2160929378315481 -0.9789096081156412 0.1716393899899672 0.6051390186018988 159 image_000159.jpg

448 0.7814551739231301 -0.01606066478596189 0.5955983427390038 -0.1852902596521355 -0.8667878250085609 0.1752701039401223 0.8853660820868382 448 image_000448.jpg

141 0.7388058314148511 -0.0479254964414597 0.6439566960125702 -0.1928441441133861 -0.6861436408185144 0.2208351629902414 1.045161532050278 141 image_000141.jpg

83 0.7633181571418237 -0.01525582149426499 0.6222488459714069 -0.1729711668903161 -0.8973327644832045 0.1451460129517056 0.8646756678105458 83 image_000083.jpg

474 0.7885516436969292 -0.07089797033170421 0.5787728273257162 -0.1954016309428173 -0.8741826677428262 0.2182472348442177 0.8435209668378364 474 image_000474.jpg

351 0.7957715608906176 -0.01809539788709565 0.5807627667599763 -0.1706891566512503 -0.7816578336710291 0.1556923251424762 0.9190201907531891 351 image_000351.jpg

100 0.7546377722201216 -0.01769608991977255 0.6476611396378033 -0.1036519625634991 -0.7089735327799908 -0.007099430775291425 1.078205416917984 100 image_000100.jpg

339 0.4663250957485234 0.3498541881416384 0.3944945025121302 -0.7102936291440269 0.05054444995802901 0.900326824503481 0.3499684715260568 339 image_000339.jpg

84 0.8277460104283028 -0.03085665037535019 0.5357964153668406 -0.1637272446103132 -0.7975312775827865 0.1238214864373985 0.733059083107251 84 image_000084.jpg

142 0.7381907277156774 -0.03834666850298827 0.6511304849124402 -0.1721425982928431 -0.6767469831090678 0.1838903038276061 1.109728045541306 142 image_000142.jpg

384 0.769609099816127 -0.06004835719279252 0.6011724170876332 -0.2066101478913128 -0.703719048549994 0.1491691514121426 0.5856232901583578 384 image_000384.jpg

113 0.6708693709980389 -0.07725941649390214 0.7015363614688441 -0.2276225014289509 -0.7295012551811422 0.2850914614746619 0.970835768914364 113 image_000113.jpg

494 0.7794801663239421 -0.03871161507043983 0.5962510738212106 -0.1881402087095975 -0.8072699552781799 0.2231552551317488 0.9507528921250924 494 image_000494.jpg

327 0.7339035024962891 -0.08150199094918999 0.6418901961032025 -0.2066882934314126 -0.7981674613364909 0.2547942783456228 0.9214476241260794 327 image_000327.jpg

493 0.7661208910388614 -0.0320905501112839 0.6147418724259894 -0.1847198072583578 -0.6636730754801898 0.1801284876455571 0.9228010814638095 493 image_000493.jpg

63 0.736989360438732 -0.0293581256202616 0.6520600543641708 -0.1755063205778306 -0.8372198575437206 0.1487488943967961 0.8988312046309839 63 image_000063.jpg

145 0.7596807569868451 -0.07605067280679617 0.5839871703086952 -0.2757905501360961 -0.9237196571308454 0.3668575525925737 0.6932402458867634 145 image_000145.jpg

114 0.7767506517411465 -0.04598763498174634 0.6041572471971721 -0.1718650142048255 -0.6924385689937677 0.1440203524984291 0.835501191817116 114 image_000114.jpg

345 0.8280607737391658 -0.05455491636375311 0.5285338922403355 -0.1788603948567696 -0.9724551183885051 0.1557015593991508 0.6281983032198292 345 image_000345.jpg

498 0.8553383385610909 -0.11489546164387 0.460949227521812 -0.2066909991466475 -0.785979367234972 0.204172428000486 0.5168147008935354 498 image_000498.jpg

278 0.8251723503042329 -0.0401990636231157 0.532758923122987 -0.1834190759164604 -0.7884590606091513 0.1481454678756463 0.6398685943852959 278 image_000278.jpg

163 0.7804981906443818 -0.04296429826853756 0.5930751351683964 -0.1929728673159178 -0.8443825660053234 0.1714106170808182 0.8050319253804777 163 image_000163.jpg

439 0.7173056063571051 -0.04929951375477853 0.6624478656285547 -0.2102499711209977 -0.732932223779117 0.2216636935284231 0.9169710971087128 439 image_000439.jpg

401 0.7551406560915981 -0.01980873161388613 0.632708867944909 -0.1704397022212595 -0.7621730705954234 0.1551073557802036 0.9843147816123599 401 image_000401.jpg

447 0.8587915921200803 -0.05643390252286492 0.4871054147810235 -0.1483931630531026 -0.9594454403690599 0.1006058416127641 0.6537894570316358 447 image_000447.jpg

443 0.7445090214957787 -0.04421607677334913 0.637971953410469 -0.1916847467270198 -0.5945549370120456 0.1935057657175152 0.8921640128517712 443 image_000443.jpg

274 0.7575509376577918 -0.03846884205561105 0.6273649736865374 -0.1762098602121661 -0.6861447545666935 0.1806941383040273 1.033000273494064 274 image_000274.jpg

147 0.7198700511599401 -0.0724038724875626 0.6551284057756022 -0.2176041374553988 -0.7825514120650513 0.2134545318626422 0.781947176243962 147 image_000147.jpg

288 0.494695388927016 0.3012277565847374 0.3676907808086688 -0.7275587952499689 0.06413370623046409 0.9132236230447208 0.4016812967035376 288 image_000288.jpg

96 0.87296069016581 -0.06459552048856936 0.4541661664857093 -0.1658316778475047 -0.836837566663547 0.03555804701251954 0.2827603495760461 96 image_000096.jpg

146 0.7754850268277864 -0.03646686200934218 0.6110092197798308 -0.1547930052849337 -0.6659161060022659 0.09009179580236704 0.7657354010856005 146 image_000146.jpg

173 0.7414712929821633 -0.01754273037362653 0.6482580651266846 -0.1722615897192539 -0.6807989898874747 0.1714258538319403 1.05634110402153 173 image_000173.jpg

55 0.780675688458404 -0.05070684496418743 0.5955360691148257 -0.1825132206363047 -0.6876228963160675 0.1664620379436687 0.7929475403816781 55 image_000055.jpg

112 0.7429949303517033 -0.01755694152225054 0.6474906160243666 -0.1685413582371941 -0.6904668368482066 0.1584978096350297 1.053182517356686 112 image_000112.jpg

67 0.7593710835177225 -0.04176763724375761 0.6263886926867365 -0.1710211322334038 -0.794883596605393 0.144426967645007 0.8938603305197257 67 image_000067.jpg

221 0.799431198961197 -0.03060319154159551 0.5759341369706177 -0.1681459861752322 -0.8953022172264902 0.1480747072066832 0.7425475372010127 221 image_000221.jpg

62 0.837607288702869 -0.06417864062486549 0.5174185673982251 -0.1630127544425324 -0.9050709592559761 0.1534539094755664 0.7666281076918 62 image_000062.jpg

175 0.7369766428624757 -0.07008772458372303 0.6344383107237922 -0.2223537016192266 -0.6684051433817558 0.2510806334105528 0.8697486261567522 175 image_000175.jpg

74 0.8389867113461995 -0.01403280518410064 0.5133368863261575 -0.1799711635238257 -0.9367495616999668 0.145884620427141 0.6903125232224533 74 image_000074.jpg

151 0.7402421748429384 -0.02428410407239969 0.6550930782803683 -0.1493481290888795 -0.7447756872946835 0.1002969158607064 0.9941629440473664 151 image_000151.jpg

456 0.8200482227836239 -0.09226704605710251 0.5069687248355985 -0.2489787472052259 -0.8021401783508068 0.1483802205258343 0.2621168509629695 456 image_000456.jpg

396 0.7309287994618757 -0.08899574787396181 0.6289727678024102 -0.2494315624385794 -0.9837107677149652 0.2660741422133731 0.5452562200572447 396 image_000396.jpg

333 0.8284626354407568 0.05396580939202374 0.5427864685598166 -0.126965360014386 -0.8944064918302397 0.01497310594347913 0.5962436567621914 333 image_000333.jpg

110 0.7684838109831224 -0.0323045410990447 0.6130052923123267 -0.1805922492199366 -0.6848059086912237 0.1584123465897258 0.8328126843322956 110 image_000110.jpg

75 0.7684124064891994 -0.0573707909384767 0.6088913948929133 -0.1884203681291733 -1.00459323146693 0.160797422789888 0.6394283586316022 75 image_000075.jpg

397 0.7796373376815408 0.009579262456149802 0.6089828786546853 -0.1456492805649526 -0.9611927567992954 0.01760246206285578 1.052492655109187 397 image_000397.jpg

363 0.8704133471585344 0.02216677102101512 0.4759711923852302 -0.1238574316307289 -1.080699546037847 0.04347388748842719 0.6396383212333041 363 image_000363.jpg

22 0.856060349526352 -0.140864217009116 0.4487600488618099 -0.2143183820412397 -0.8185513736916964 0.05393154235961407 0.2449258298905317 22 image_000022.jpg

205 0.8194812222303358 -0.0701773757478007 0.5146072319224878 -0.2422912693394087 -0.7335061788489277 0.1825896558168867 0.3858081541828507 205 image_000205.jpg

487 0.9752083933842266 -0.03038348033891589 0.1956261630192049 -0.09887283720938604 -0.5975937507796651 0.05801462496849615 0.2798743031115571 487 image_000487.jpg

281 0.959896648662577 0.009202735573612373 0.2580596311415979 -0.1091739910389742 -0.5280762844326063 0.1937641620649645 0.9188796097621541 281 image_000281.jpg

268 0.9259929373439274 0.04216384734478745 0.3624910433375282 -0.09674468185032931 -0.6707030253849644 0.01876666804899177 0.5521491346211429 268 image_000268.jpg

