# Image list with two lines of data per image:
#   IMAGE_ID, QW, QX, QY, QZ, TX, TY, TZ, CAMERA_ID, NAME
#   POINTS2D[] as (X, Y, POINT3D_ID)
# Number of images: 236, mean observations per image: 502.788
193 0.8164842984041315 0.09636054121354236 -0.5461854960742192 0.16046619984675348 0.8079560727588213 0.22271391514568867 0.958110317224688 193 image_000193.jpg

34 0.822801535249511 0.061426177966757325 -0.5265772696989656 0.20479456086196954 0.7777345725049298 0.2971119342395592 0.7574058709736553 34 image_000034.jpg

171 0.7547968769576454 0.08666160036362762 -0.6097331204892221 0.2258250744051495 0.7809476306011801 0.22436026364355832 0.6409433072012897 171 image_000171.jpg

173 0.781425871283693 0.1081295689327535 -0.5834462042329422 0.19305984206641358 0.7930218700451781 0.28537198498367816 0.9934942232378199 173 image_000173.jpg

46 0.8284334026390078 0.04565333421299826 -0.5183864412289824 0.20709747550163188 0.7815475627378088 0.339823421055538 0.8106174354968516 46 image_000046.jpg

47 0.8181053012463015 0.0511291491128128 -0.533865868838319 0.20754929405898412 0.7643266526944567 0.3725982738911431 1.4975567494289501 47 image_000047.jpg

216 0.7983249050769697 0.085648361135098 -0.5751109869431134 0.15680915264429848 0.7067654965858976 0.16312792007240767 0.8009832702272568 216 image_000216.jpg

154 0.7931917542639725 0.10667196385032182 -0.5775077784384748 0.16109852384203896 0.7606261721710179 0.1704543612063338 0.863912471385219 154 image_000154.jpg

225 0.7592947296339501 0.05395614527176904 -0.6164086547507714 0.2014961058213019 0.6066959398805423 0.2988866941545044 1.1352317115963149 225 image_000225.jpg

166 0.7972204096887338 0.04716761093071962 -0.5665383575979548 0.20309886016060266 0.7527467705883772 0.3703648244257344 1.0192758810473865 166 image_000166.jpg

72 0.7157049792148876 0.10432029374608395 -0.6629308659770722 0.1934071139160943 0.5631940768198579 0.2193329731517283 1.133688819212783 72 image_000072.jpg

177 0.658638790396058 0.11295248090121664 -0.7130271426831617 0.21220029247047267 0.33348023840377544 0.22424128442584162 1.2088887483872703 177 image_000177.jpg

23 0.6937540391723398 0.12141856012548631 -0.6853805193735539 0.18497715532714104 0.5030596018072054 0.17582566610387884 1.1557395810810538 23 image_000023.jpg

183 0.8249358806982153 0.05968196598385006 -0.5264467294697566 0.19690783974195866 0.7552878882720201 0.32246098649052957 0.8651864189939749 183 image_000183.jpg

116 0.7906017460548129 0.04673999908721274 -0.5721771192690155 0.2130202321731282 0.7108865706655991 0.3166790303661134 0.8619817839650219 116 image_000116.jpg

94 0.8131853449121675 0.00014925001259634085 -0.5399369848370751 0.21725011440580794 0.7677130064213482 0.3733461698690218 0.8167824188647621 94 image_000094.jpg

226 0.7950509127028504 0.005036970027524844 -0.5693390929059482 0.20909723012862202 0.725112968955475 0.34267882092887036 0.8882555581614586 226 image_000226.jpg

218 0.8067643137059072 0.07291945684087998 -0.5474477600458607 0.21003573597422084 0.8058632841219906 0.34221517475713825 0.915637796386963 218 image_000218.jpg

180 0.7638615028685184 0.10892163917147608 -0.6169327593201922 0.15506665295512412 0.7542177450984173 0.13574490770761855 0.9598085653195647 180 image_000180.jpg

145 0.8055739754601837 0.1136927045611196 -0.5656797879863871 0.13465098569960865 0.7633839338347632 0.13590891295070084 0.983074207694844 145 image_000145.jpg

58 0.9213723092108703 0.09161464279019774 -0.36514058457253573 0.09670664153205887 1.0918248231901138 0.11395262426461691 0.4943940145779505 58 image_000058.jpg

102 0.7677956194838543 0.010455755536044614 -0.5930703674908533 0.24217376404606694 0.7376382081655584 0.3509780032576068 0.7887849513003281 102 image_000102.jpg

210 0.7501828459286723 -0.06833319714846701 -0.5766343902453244 0.3163054683469967 0.681749676951141 0.3295231477869235 0.4511049407162039 210 image_000210.jpg

149 0.8184745033620193 -0.025160561585231188 -0.5259723359497103 0.22982504377678337 0.7451050473839881 0.27104992374420717 0.5306897128573642 149 image_000149.jpg

125 0.8480874668852766 0.1105423126084427 -0.49529876937172895 0.1523390367258607 0.8968324455374095 0.22581961198878736 0.8767629080002632 125 image_000125.jpg

161 0.8255682870221976 0.09209718056813568 -0.5355607886466698 0.1520847579210093 0.7383508244419927 0.17496814185035492 0.7885182430268677 161 image_000161.jpg

86 0.8382872486524884 0.01032386370461892 -0.5058065780483564 0.2032919454315838 0.8829980503807349 0.40976722089744366 0.8909676396405509 86 image_000086.jpg

151 0.8264002963914591 0.014493984110152939 -0.5318180127625362 0.18445080964570007 0.8016299469650625 0.3321551676361071 0.8830898919721083 151 image_000151.jpg

122 0.8094176778560824 -0.09236777568843993 -0.5265782930053661 0.24295375704551622 0.6297920404123906 0.11092237547671342 0.24873654338217777 122 image_000122.jpg

205 0.8022718609389108 0.015409866351715816 -0.558007605933604 0.21154184614218835 0.6541447552557855 0.3315839105659295 0.820613460553233 205 image_000205.jpg

153 0.8826841486043919 0.15506794561594092 -0.430803660031292 0.10597566466309735 1.141603024876682 0.12244859607846516 0.6355740120586485 153 image_000153.jpg

37 0.8358050748843269 0.04748268364109392 -0.5158242154101066 0.18193590127950876 0.780058662671524 0.31475079185925686 0.8803621923527732 37 image_000037.jpg

211 0.8297194803157337 0.06566502797118948 -0.5237985797052818 0.18135257723464418 0.7650341331320918 0.29314461866271113 0.8997518065844233 211 image_000211.jpg

143 0.7821939375098624 0.06869325416977451 -0.5881587574226829 0.19370888565090635 0.7066547964991674 0.3027313533125256 1.0218121156981181 143 image_000143.jpg

55 0.7399135353178183 0.05588309149410012 -0.6313428117465752 0.22541358011250526 0.4927643938862359 0.353366848701233 1.0418417832458546 55 image_000055.jpg

186 0.8246182526439816 0.047139082257337046 -0.5232848721256191 0.20965589709738824 0.7484274560834062 0.35984611231384334 0.8503368358040078 186 image_000186.jpg

189 0.7392314948862648 0.04236322717055413 -0.627351984566921 0.24118792943112768 0.5070765548195779 0.4127723608750933 1.0566336317871963 189 image_000189.jpg

212 0.8033381216784097 0.08436233334760415 -0.5594497090789318 0.18586775893065172 0.7644091704504418 0.28885278077791227 1.026902427387703 212 image_000212.jpg

119 0.8138187484048305 0.06024720174138558 -0.5465287384851073 0.1880842105117161 0.7500534067033424 0.3007124168341744 0.8976402137334716 119 image_000119.jpg

140 0.7203048449249847 0.13158560965601473 -0.6538516852763915 0.19058909083317488 0.4921612039812456 0.2033796811569024 1.1455610650199712 140 image_000140.jpg

90 0.8933017253026444 0.03177352584986469 -0.4213451326225499 0.15320158401287323 0.7003237944224394 0.2243192323048516 0.5452454858141889 90 image_000090.jpg

202 0.7672794012606964 0.10484786120252504 -0.6063170239543619 0.18074527526332984 0.6273257368128329 0.2640225631316345 1.217958705758035 202 image_000202.jpg

30 0.7191168904697924 0.15531526342511456 -0.6627889844941237 0.13949498124918094 0.43350607292234206 0.05337204615635466 1.0798521334267843 30 image_000030.jpg

215 0.8020899009181274 0.03724903535741537 -0.5556134681367744 0.2157730952833568 0.7887066759066603 0.4155859928976325 1.046219683926836 215 image_000215.jpg

139 0.8293959161661322 0.090264091901087 -0.526059556445901 0.16497325360480847 0.7496542566130828 0.24224281405840392 0.8675911354391682 139 image_000139.jpg

144 0.81699378980588 0.04597715382237672 -0.5446621256096013 0.18371280227691833 0.7645188668161689 0.2930125916385964 0.8885097587806255 144 image_000144.jpg

150 0.7052970407749256 0.16176264963115033 -0.6733854881734639 0.15146266819039197 0.40788223945735025 0.07123555798197477 1.1619181465179031 150 image_000150.jpg

228 0.8087694683189219 0.18134218482073391 -0.5502128800246416 0.10135452085817809 0.7746149451299147 0.019325348925998853 0.9282826701907554 228 image_000228.jpg

131 0.782275729155028 0.06455981761628979 -0.5846009576668728 0.20522771230567807 0.7268662359004913 0.34734453876107974 1.0395160699153683 131 image_000131.jpg

132 0.8512459849402277 0.06746482026653353 -0.48718341293634954 0.18297844245219624 0.7987037759329412 0.32719045655715884 0.8331918017130944 132 image_000132.jpg

57 0.7555294223867781 0.05375686468465956 -0.6084766585157112 0.23673113190643075 0.5558518599319757 0.37521626424175547 0.9946578031461718 57 image_000057.jpg

59 0.793017650386759 0.10684218413084808 -0.5732847071268343 0.17621709340841246 0.7497526934971231 0.25150957489325476 1.0626056362106864 59 image_000059.jpg

45 0.8915752365896168 0.05669982714082134 -0.4232330166932865 0.15083950892133952 0.6863504146816606 0.211999647918727 0.5504144752773685 45 image_000045.jpg

137 0.7996066603139346 0.09026041830164706 -0.5649132217683129 0.18263433821468156 0.6792883591053187 0.27487988612173797 0.9877754987328079 137 image_000137.jpg

233 0.771512763836752 0.1665114481034644 -0.6002991161131337 0.12916256524093297 0.6141904502647271 0.04163383957027468 0.714687741342742 233 image_000233.jpg

99 0.6755964465942492 0.1259815093404012 -0.7029912217030816 0.1830340667800712 0.5337950808769786 0.10866996414099746 0.8651388997476631 99 image_000099.jpg

191 0.798245521155212 0.050797599383331726 -0.5686301314120016 0.19205051578693066 0.7148463120865726 0.32432838476464176 0.9935074560962014 191 image_000191.jpg

51 0.9258358199197547 0.17377381886562657 -0.3283366686766088 0.06946725988359981 1.1488952984499132 0.06626808971005085 0.43987878407008324 51 image_000051.jpg

178 0.802898108154689 0.0353968976300909 -0.5552284703621185 0.21406317682384687 0.8136174471626412 0.35897596794105446 0.919624584742539 178 image_000178.jpg

48 0.9149482302260699 0.16393545049889216 -0.3595185056624598 0.08210575053964492 1.2210232050810923 0.09569397924982337 0.4666374462963785 48 image_000048.jpg

121 0.7934347685197602 0.17546166559919232 -0.5742205553876127 0.09972575046397326 0.7973771833774213 -0.013629496782866846 0.48132129587733885 121 image_000121.jpg

62 0.941478330773054 0.13220202583831658 0.28823253813018906 -0.11429425993932492 -0.039724368571545696 -0.026135813639534516 -0.24922507121360227 62 image_000062.jpg

83 0.9989217741875902 -0.009604664209269446 0.02335231548159471 -0.038957833211733406 -0.019089579664643204 0.07682752930711174 0.15703327287823132 83 image_000083.jpg

6 0.9999999403953534 0.00015874094461036916 -6.971061936251797e-05 -0.00031129709204939614 0.00042559581118873415 7.693283349745534e-05 -0.0001324843616691991 6 image_000006.jpg

