# 3D point list with one line of data per point:
#   POINT3D_ID, X, Y, Z, R, G, B, ERROR, TRACK[] as (IMAGE_ID, POINT2D_IDX)
# Number of points: 1084, mean track length: 5.66
0 0.7000946678515242 -0.2832287814227726 0.2715943521221524 146 143 135 7.74
1 0.6774482337471561 -0.2356159466265766 0.2819096618972344 109 102 87 2.96
2 0.6622845654836602 -0.1949590310265885 0.3508266297662926 39 37 31 3.95
3 0.6626423005047711 -0.1865545430203172 0.4679357481015841 149 145 137 4.89
4 0.6918715187422582 -0.2071137894150387 0.2768167668138392 144 142 130 5.49
5 0.6129078108845194 -0.1237291554046143 0.6231146873620612 134 132 132 6.68
6 0.6332799779620172 -0.1368219559717693 0.5514240678494281 134 132 122 5.08
7 0.6753834138403936 -0.1495689688518423 0.5338034460743235 121 122 118 5.21
8 0.6770947740540602 -0.1832480017372945 0.2756579777803734 72 68 56 3.26
9 0.6761016844439411 -0.1490621114320632 0.5331893178549945 151 145 135 5.25
10 0.5784456335837586 -0.08424905379996744 0.6894995839877176 103 96 80 4.85
11 0.5741415230930941 -0.09069506769260197 0.6950940472388563 108 102 94 6.73
12 0.5923365189406206 -0.09263023124221462 0.6480496516783201 134 132 124 5.58
13 0.6998171906463528 -0.1324906191753697 0.5266586230800843 119 115 101 6.2
14 0.5856428260842548 -0.09220423709674191 0.6514156292883222 79 75 59 3.41
15 0.5964011134932485 -0.0933775744804568 0.6471941620252295 99 95 83 3.16
16 0.6313659824701547 -0.1001950810671467 0.5090758112353011 93 87 78 2.95
17 0.610331370015764 -0.08815562088631246 0.6276216174418217 91 86 73 4.37
18 0.5891141645719663 -0.09056060422192844 0.5843326266788422 86 91 83 2.67
19 0.6761735656334585 -0.1301652399093582 0.2709466633061127 89 78 61 3.18
20 0.5983546012479848 -0.07134207451109578 0.6521809786948572 64 56 41 4.62
21 0.6778876323928344 -0.1236763776503442 0.2654598789325186 97 91 76 2.84
22 0.6918936774767538 -0.13833265673796 0.2736644656365846 122 115 101 4.26
23 0.5959165531278789 -0.04889464978881394 0.6496595875362168 92 81 58 3.84
24 0.7865902171872743 -0.1255485495335261 0.393873818117666 95 90 79 5.89
25 0.6598956283591423 -0.09587838281745723 0.4608261941922386 163 162 154 4.8
26 0.6598956283591423 -0.09587838281745723 0.4608261941922386 163 162 154 4.8
27 0.6649472232825933 -0.09323666925719995 0.4636027556350784 110 107 96 4.51
28 0.6767104732773256 -0.1097128890127008 0.2707815256538121 63 57 47 2.83
29 0.6606245727246818 -0.08905494863220853 0.4652132149690024 116 110 98 5.74
31 0.675271395762953 -0.09497598786347589 0.2843201880949985 101 95 86 3.08
32 0.6907460630240987 -0.08903294419263549 0.2719628693248647 90 87 76 5.16
33 0.6915938513394432 -0.06081734226436177 0.3637418813895688 93 95 93 3.67
34 0.6323152383226871 -0.2131349339382358 0.5555683369853622 119 121 119 4.82
35 0.5866346822680392 -0.1669667030293743 0.7013991035297537 87 86 79 4.14
36 0.5770811015943583 -0.1499983686386895 0.6951787041388231 109 105 89 5.17
37 0.665016669905941 -0.2473631650004899 0.4040183113990222 114 113 106 5.25
38 0.70075975623822 -0.2789915914638592 0.2732898424984055 136 132 121 7.57
39 0.6129457053515316 -0.1744245583941617 0.6297612225370567 111 110 105 4.81
40 0.6129517377712235 -0.1690561806630687 0.6568369312817166 148 151 144 6.51
41 0.5775631450451167 -0.1366509659117155 0.6917999115364151 93 91 82 3.22
42 0.5879442941447213 -0.1476526906592459 0.6930862674913317 159 166 165 5.27
43 0.5951038497703759 -0.1443929812246478 0.6592342411706936 157 153 143 5.54
44 0.6595288201178009 -0.1805451254161307 0.574388859640921 125 119 111 4.41
45 0.7237294878470907 -0.2545499322259602 0.2592658846990644 101 102 99 3.51
46 0.6365034158257953 -0.1545421286224638 0.61883573611791 138 142 141 5.18
47 0.6143521007809672 -0.1320715497664618 0.62356256350379 136 139 137 5.0
48 0.6913452454819459 -0.2053776327626013 0.2602805418269872 118 117 106 4.27
49 0.6041266844418249 -0.09874162447234994 0.5825348200058618 73 67 53 3.07
50 0.6869687581180658 -0.1780538468719748 0.2808869872536606 88 85 76 4.63
51 0.6500544509831256 -0.1176330240277398 0.5959995224752517 105 100 90 5.15
52 0.6472012051867505 -0.1168094757638582 0.5970805490462008 99 93 82 4.92
53 0.6034613137401762 -0.08843515775861685 0.6813675844626025 167 168 163 4.19
54 0.6134512723314682 -0.09807266605540502 0.6359047689833826 94 92 84 4.5
55 0.7037143616947744 -0.1369506050609973 0.4870724835766038 119 120 116 6.14
56 0.6752343820644175 -0.1481078898608855 0.2892150284721203 99 97 86 4.27
57 0.6308279806030611 -0.1060216889053602 0.5688238965035098 159 158 140 6.09
58 0.6208825335576154 -0.08879779762540133 0.6338787802310837 106 105 95 3.8
59 0.6072740354805906 -0.09023375963777713 0.6312413262546566 90 87 78 3.54
60 0.5996719747929183 -0.07525427202088206 0.6809162689180365 118 119 120 4.02
61 0.5817717133929657 -0.0689776392219297 0.6848731796071023 132 131 129 5.69
63 0.6667591204164208 -0.1280533020658906 0.2729952208882638 86 84 78 3.98
64 0.6741452046614075 -0.1304947971003799 0.2686467339147361 95 93 82 4.26
65 0.6771093454947583 -0.1280869727503198 0.283274112945496 73 66 55 3.12
66 0.6860981893091715 -0.1389630649603103 0.2852688109344489 110 98 77 5.72
67 0.6577756362957803 -0.1022226230246212 0.5036374652341915 92 95 94 4.64
68 0.6782808987271898 -0.1272755460709172 0.2712561170938532 92 82 62 3.91
69 0.6420476781879364 -0.09783953031641698 0.4974720137052181 91 87 73 5.43
70 0.6772614096432222 -0.1237823286828251 0.2690406716467263 96 88 73 2.84
71 0.63094402913613 -0.07908709585126289 0.5733195304928337 122 118 108 4.71
72 0.5739950008396293 -0.03868090758939311 0.6859756453919471 69 64 62 4.18
73 0.6702544954408249 -0.1091127764672079 0.2833729489026915 62 59 49 3.02
74 0.6747438519826735 -0.105711398886649 0.2855286714702991 108 104 92 3.13
75 0.6775009540807992 -0.1053241797222295 0.2834166916410367 93 92 86 3.77
76 0.6915308104010135 -0.1256597287326228 0.2587395966964685 101 98 83 4.41
77 0.6877473003492248 -0.118873224851333 0.2780616201509131 133 131 122 4.47
78 0.6990086287210591 -0.1194985431261853 0.2678143190519383 138 138 132 4.57
79 0.58948846958872 -0.03424071188093215 0.6465620142335542 47 47 46 5.57
80 0.6882519693273266 -0.09227981608209254 0.2742416294340973 124 122 114 5.06
81 0.5956136507184926 -0.1751983495939122 0.6359823194039679 142 139 128 5.16
82 0.5863819458813915 -0.1008027041932737 0.6920668796197568 97 98 92 4.19
83 0.5931442144949753 -0.1059949700534422 0.649877694431329 84 78 69 4.79
84 0.6410346957529569 -0.1064556471314009 0.6677774679000769 144 142 133 4.95
85 0.6830218719837301 -0.1704377456097118 0.2827350708502993 85 82 73 3.87
86 0.5898227358033273 -0.07736830311506154 0.6753899392968402 95 94 87 5.92
87 0.5811402329315352 -0.08172414956600121 0.6726666707973781 82 79 69 4.29
88 0.586495056688495 -0.0829914001138099 0.6629891659648155 114 109 92 4.18
89 0.6946593237206108 -0.1607554338377773 0.2661679323332604 76 73 65 4.62
90 0.6858795023716807 -0.1500513894603014 0.2785029493123587 89 87 81 4.78
91 0.5945122118021684 -0.07278584832289897 0.6505892276344371 94 92 86 5.48
92 0.6617728729990093 -0.09571536000884409 0.5439396671768622 89 88 81 2.67
93 0.6888809841151056 -0.1387220084674017 0.2632926733171516 110 103 91 5.05
94 0.6472224601578231 -0.07931392561153791 0.5718042926695063 117 114 106 4.12
95 0.6845708891357029 -0.1220382442844039 0.2597207778183203 102 96 85 3.8
96 0.6911884327423049 -0.1201247280033843 0.2710893904235926 83 82 74 4.64
97 0.6756437338420358 -0.08648630230443263 0.4560215715824176 132 129 118 4.37
98 0.6936407843455001 -0.07366842074124819 0.3042078849826845 88 84 78 4.92
99 0.6913348146712356 -0.0624662777711669 0.3025381571781735 84 80 70 4.9
100 0.6682090370485533 -0.1842661176602371 0.5433320535724244 140 130 117 4.76
101 0.6168502691472288 -0.1102553498727754 0.5812893478759584 84 80 68 5.29
102 0.6850837457763939 -0.1801626531631909 0.2859770407508883 118 115 106 4.09
103 0.6084653403121226 -0.09398143998158337 0.6645038404110382 118 117 105 3.94
104 0.6154511806073731 -0.08320450298214632 0.6405911963322292 67 64 57 3.86
105 0.6268646331528773 -0.08874586164571874 0.5923916926084638 91 89 82 4.48
106 0.6533941844526682 -0.1084689075765444 0.5003338772503244 114 114 108 4.46
107 0.6599513711430224 -0.09950478390786668 0.5058297483787202 98 97 90 4.6
108 0.6131189330940654 -0.06151626961399718 0.6425902640013662 108 105 94 6.3
109 0.5891252190747471 -0.1221916410197578 0.6939692781236491 76 73 64 4.55
110 0.6172136079190306 -0.1419772670684487 0.6229096843404945 113 108 98 3.43
111 0.6297828325728082 -0.1359510281496276 0.5814734850864862 97 95 89 4.19
112 0.6835494027390705 -0.1798733839170116 0.2764312240853629 95 90 81 4.49
113 0.6783626534246309 -0.07755370855642793 0.3238799357328443 93 88 76 4.87
114 0.6902665666205055 -0.06543333451050223 0.3202164658219464 74 72 65 5.05
115 0.6023434380641004 -0.1530602958016425 0.657667392386199 114 113 104 4.75
116 0.58579259446103 -0.06348917617583824 0.6573196017385796 86 84 74 6.04
117 0.6279000378795916 -0.1060602151201095 0.5683055266110895 109 107 95 6.14
118 0.5818047654079003 -0.04224237263294133 0.6801328866793108 115 114 98 5.41
119 0.6440954473755067 -0.17708202997735 0.4800288579161386 111 110 101 5.86
120 0.6712177578706104 -0.09027571841924789 0.3719460340762007 72 70 60 5.53
121 0.6796460935027022 -0.0891677306282162 0.3102598640901576 93 89 73 4.8
122 0.669059391671802 -0.262020143705943 0.4164526559274132 112 109 101 5.71
123 0.6559121016192869 -0.2283461139470618 0.5359752188185107 106 106 105 2.6
124 0.6534267718958884 -0.21609189113496 0.5644838196245541 87 85 77 4.75
125 0.5885958567882676 -0.1489503508811921 0.6975665544628987 106 102 92 4.01
126 0.6351337853782761 -0.1515394012759465 0.5392988747398283 64 62 58 1.39
127 0.6955202338811618 -0.1974762441747604 0.2693708837654325 91 85 71 4.08
128 0.6510040097846336 -0.1222681929914675 0.5051027279492869 115 110 103 2.99
129 0.6859753738888996 -0.1197403300511005 0.4456345393305983 95 89 78 4.95
130 0.5936249950312907 -0.07837553581026055 0.6955748280571855 100 98 89 4.41
131 0.6318794312195414 -0.09419254224063248 0.5810494028131984 114 113 106 4.0
132 0.6214007432940258 -0.08226895917150567 0.6110904549648859 107 105 95 3.27
133 0.6841012726853259 -0.1192821156422379 0.3452810919325482 70 68 56 4.36
134 0.690397849207791 -0.1238614905373968 0.2880646757690165 92 88 73 3.79
135 0.7043642782003454 -0.109673022331064 0.3233411653251232 104 100 90 3.46
136 0.615126359915741 -0.04699878475111233 0.6422729474505915 103 97 84 3.87
137 0.6263743156904514 -0.05595419962264987 0.5705448580969006 60 58 53 3.89
138 0.6801380853196333 -0.2384698771376585 0.4499493381759779 115 112 107 4.5
139 0.6264294887590364 -0.2181591396959721 0.4816378830703313 91 85 77 3.7
140 0.5978142671576502 -0.1352621568041593 0.6952201751371487 80 79 73 3.89
141 0.6722492537812311 -0.1962477178002552 0.4262363565094862 51 51 46 4.19
142 0.6303187520340873 -0.1452523195403881 0.6524355680513159 113 117 114 2.66
143 0.689623618534043 -0.1899400762202625 0.2835295778707299 118 116 108 4.12
144 0.6157178067151954 -0.108747121977706 0.6341431326465283 85 88 87 3.64
145 0.5015487098997015 -0.0734331320066082 0.6663636987959771 84 81 61 5.97
146 0.5969309719481434 -0.08904521599486667 0.6749275501855884 121 114 102 4.83
147 0.6348328054222853 -0.09106334747015407 0.567850092439199 74 71 59 6.24
148 0.6804844711866348 -0.1056269881790604 0.4655903002497916 91 86 74 4.63
149 0.6038727566377559 -0.04590101294629043 0.6387037364443124 36 41 41 3.94
150 0.6583670575919577 -0.07666261288151471 0.3592297276767796 90 85 72 3.64
151 0.6691169590993078 -0.2397256377024556 0.4387104649834209 115 111 104 4.9
152 0.6346486221210107 -0.1353300805394845 0.5599702507214152 95 97 94 4.38
153 0.5759977255156431 -0.07009549163590847 0.6995873619879256 99 92 82 5.34
154 0.6736354953342221 -0.09278258511988488 0.393849515982822 69 66 56 4.36
155 0.6546014420260947 -0.2199310357170185 0.5082177595119556 126 123 114 3.67
156 0.6933748791944869 -0.1585913073709442 0.2769369154872006 122 120 114 3.43
157 0.646964215746645 -0.07902014416200359 0.5968795510957003 125 127 124 3.81
158 0.6604438081362716 -0.04427421014786579 0.3508227819425028 80 77 63 4.74
159 0.6589026005374012 -0.2009647716172392 0.4477875456271445 111 106 98 4.25
160 0.6369983444637585 -0.07466421404408344 0.6136007503495763 99 99 91 3.7
161 0.6714568004947049 -0.1064901678317568 0.3383293587278078 62 59 48 3.99
162 0.6586036875933989 -0.06814650068408981 0.5204843022068406 108 107 99 3.24
163 0.752504704380771 -0.08869503110103824 0.275247413171534 44 45 40 3.68
164 0.6608141613607124 -0.1708274817150068 0.4458200355608989 92 88 78 4.3
165 0.5644138280744043 -0.06184455553253416 0.5325609252999558 20 23 21 6.56
166 0.7080877927741155 -0.2729978957717414 0.3548999471073991 162 159 153 2.33
167 0.7105540288737063 -0.2175673238906632 0.3626231192098786 119 114 104 1.46
168 0.5907293910320786 -0.09502343109835701 0.7005343283964627 102 98 88 4.28
169 0.6839836939578112 -0.2232045851408238 0.285891218383306 114 111 103 4.38
170 0.6856816740449195 -0.2157031032618965 0.2726332315732904 108 104 92 5.17
171 0.6901554625570099 -0.2162470665037068 0.2656237461829847 124 121 116 5.46
172 0.6163194013618564 -0.09514796379976673 0.6530067671666918 130 129 119 4.67
173 0.6584084868320758 -0.1199069494147561 0.5453220416949172 138 132 122 2.27
174 0.7226533296397112 -0.1817830417083033 0.3147373822294555 114 114 113 1.75
175 0.6853782334398142 -0.1827599858703376 0.2820392999256154 98 95 86 4.05
176 0.7261173014165777 -0.1401606930881374 0.4458045910668182 111 107 96 5.72
177 0.6671599501207278 -0.1424113918943606 0.3993485836365957 125 125 120 2.55
178 0.6970719894279809 -0.1674636092752799 0.262074046819618 65 63 52 5.98
179 0.7429985262307172 -0.1359625635340852 0.4626791053050046 129 126 120 5.93
180 0.6611497094948974 -0.1098568471480868 0.4994225075993267 111 114 116 3.52
181 0.6222983601663324 -0.07998636525302258 0.539663930148485 77 76 71 2.53
182 0.6267270697172598 -0.07563397939670713 0.6120014509192148 119 114 101 3.9
183 0.6790156798965402 -0.1232655967221216 0.4318278217488348 140 138 125 3.94
184 0.6646270403012899 -0.1068834354201055 0.420871201025782 73 66 50 1.7
185 0.6720584825208025 -0.1385200538311453 0.2773175790150264 63 63 54 2.64
186 0.6956427642935499 -0.1600362864332749 0.2652642508616292 74 72 64 4.4
187 0.6494858046248018 -0.1206066515088517 0.3987287197938579 158 153 143 2.66
188 0.734341114520042 -0.1261530823938873 0.3820151797702336 94 90 79 3.31
189 0.674337776186014 -0.1310608922692797 0.3279148388124019 102 98 86 5.64
190 0.7461660804235449 -0.1456964934844944 0.3041168597330581 148 143 129 3.13
191 0.6779130602200593 -0.1213228922367532 0.3667269825328981 93 92 81 3.38
192 0.6381862074981631 -0.07430285845556145 0.5412950203995252 140 137 128 3.13
193 0.6658683798031646 -0.08938395523783854 0.417286269146511 19 19 11 2.69
194 0.667389368311302 -0.1221232615902499 0.3392383054610417 122 117 99 4.75
195 0.6705665279753315 -0.08726097669781743 0.4183720614593883 30 30 27 1.4
196 0.6750708457829924 -0.1199112282472882 0.277696358636922 52 48 32 1.3
197 0.6826288872037659 -0.1147250955494413 0.2810331268924412 100 97 89 3.66
198 0.6746127650760951 -0.1215575538930549 0.2895476711852027 131 126 113 4.45
199 0.6727164149033386 -0.1072290780021959 0.2849493323349912 38 35 21 2.14
200 0.6485819000701194 -0.09426612240464841 0.3891385212669371 54 49 42 2.53
201 0.6724891396391777 -0.104590161171169 0.3166558194826147 138 132 114 3.02
202 0.6965555820933128 -0.08053759959408197 0.3781211854367707 69 64 49 2.81
203 0.6747065102686334 -0.08372560454350855 0.2836795912809298 75 72 60 1.72
204 0.6771154952208988 -0.2825424645175911 0.3764962177520733 127 121 107 4.48
205 0.6908946521427979 -0.2896549177897953 0.3655968435245825 109 107 98 1.92
206 0.6518484834800666 -0.2388309397946899 0.399706841599319 84 85 80 4.7
207 0.6388301067895253 -0.2382378853588072 0.4144460584985523 129 126 115 4.54
208 0.7054019698473702 -0.2514972443338606 0.3647847932767346 133 131 125 1.93
209 0.5959149509850292 -0.1248856792444518 0.6955713645272427 123 124 122 5.37
210 0.5918202520828159 -0.1194642916192919 0.6964664777631069 121 120 117 4.08
211 0.6570391301618467 -0.2227155510687495 0.3462472570304566 102 95 85 3.62
212 0.5792109979412021 -0.1647318885735559 0.4403614001723535 141 140 132 5.41
213 0.6783463111523219 -0.1983414566534607 0.4009073829965199 55 53 46 3.36
214 0.6851038568701158 -0.2060965559609724 0.3733052986550526 125 122 115 3.66
215 0.6357142423064479 -0.1813403223829114 0.405226177986633 136 129 117 3.34
216 0.6490384168085367 -0.1870943556068757 0.3964047111729364 154 149 139 5.06
217 0.6799732314675085 -0.2157749410074042 0.3209413759154757 91 89 81 3.84
218 0.7552334561866958 -0.2348403601410307 0.2824166100344975 124 119 109 2.26
219 0.6670417822124555 -0.1950713585724944 0.3309117981476704 133 129 111 2.46
220 0.6624491336647452 -0.1653785787478618 0.3941062081815275 94 91 81 4.03
221 0.6315872512113563 -0.1092130220783257 0.582673155717635 111 111 106 3.9
222 0.7485529237883379 -0.2096221722786915 0.273780831705022 135 135 126 1.06
223 0.7007028732214886 -0.1591577407850127 0.4179091657176774 108 108 103 3.76
224 0.6157383293088887 -0.08655869151379803 0.6424012190007846 91 88 78 3.93
225 0.6460848790119261 -0.1068652579737266 0.568507481790238 98 96 80 2.87
226 0.6613228650480607 -0.1132547212839547 0.5037397461202494 90 91 85 7.16
227 0.648876964797153 -0.1158244045598553 0.509857777923358 147 146 140 1.91
228 0.6574578367884666 -0.1175525053678603 0.4955243382961284 72 71 64 4.0
229 0.6528129789774971 -0.1351748137388394 0.396603815211921 76 74 65 3.95
230 0.6586435473057227 -0.1330952505745522 0.400033620727656 66 62 55 2.6
231 0.6586435473057227 -0.1330952505745522 0.400033620727656 66 62 55 2.6
232 0.6574889792945317 -0.1090502937029681 0.4943091293969868 97 92 80 4.15
233 0.6298328082128857 -0.07267752616212342 0.5549151578464652 36 37 28 3.34
234 0.9449263964679565 -0.2301058971697013 0.1474850960633403 93 88 74 2.76
235 0.6651743037488702 -0.1411486774895595 0.3436430555844054 98 92 82 3.64
236 0.6645152970324327 -0.104525083688431 0.4173325788274093 72 72 60 2.67
237 0.6665547374012177 -0.1256628675947998 0.391523358534365 118 114 102 3.08
238 0.6981170398831774 -0.1283766086894353 0.3850671837220635 86 84 74 2.64
239 0.6881904750424551 -0.1267076110915361 0.3866234292335375 95 92 79 3.88
241 0.801662323086367 -0.1852569999707832 0.1933127154010037 117 114 99 0.74
242 0.6643338041308815 -0.1359901027611604 0.3264814737572854 81 77 63 3.84
243 0.6957437072784576 -0.1164316652005301 0.3940423239231127 100 93 86 2.27
244 0.6834535261220752 -0.1264735305696311 0.2738294316928945 74 70 53 4.9
245 0.7000941738311471 -0.1042079080019463 0.380481044472726 96 93 81 3.95
246 0.6807539498672008 -0.08348675111039164 0.3814207157574632 86 86 73 2.97
247 0.6465916933551251 -0.08588593750541548 0.3678970718695732 88 80 66 4.1
248 0.6909460735143866 -0.07146412328490959 0.3257788650051608 102 102 100 4.79
249 0.6972087426476404 -0.07779931980075627 0.3025221400060134 102 99 90 4.43
250 0.6218028642355177 -0.1334371639372281 0.681574293788248 98 94 84 5.44
251 0.6740152959263247 -0.2421237403750706 0.3845713474171915 122 121 113 4.28
252 0.6610927663399567 -0.2222389833174176 0.3401012461301697 60 60 50 5.43
253 0.5821826169040705 -0.08994518229179413 0.7116668221978973 109 102 91 5.16
254 0.6824066378551655 -0.2026416233891101 0.2829166661467556 101 100 92 5.36
255 0.5932176887154486 -0.08298814793205286 0.7033324594337306 119 115 105 3.65
256 0.6467992600439699 -0.1520873388503354 0.4788211733634917 108 105 98 4.34
257 0.5963868567420025 -0.08404229669887892 0.6962921043948684 114 111 99 4.02
258 0.6006662730007338 -0.08413912630105075 0.6682817514109816 120 112 98 4.09
259 0.6992711876245594 -0.1877554068844559 0.3203363223374323 101 97 88 4.01
260 0.6116075728759691 -0.08423534135728281 0.62813335820674 85 81 68 4.14
261 0.6796722665945293 -0.1675320223908956 0.3250630401669293 118 115 104 4.49
262 0.7245533542856921 -0.1471693648606469 0.3769276347394682 122 113 102 2.73
263 0.6263516048454058 -0.07859792020131645 0.6098594916126771 102 98 88 4.54
264 0.6671163251337072 -0.1420181243779143 0.3568958197615842 74 70 62 4.4
265 0.6791360462312424 -0.1304663245550442 0.4007808145844247 87 88 82 4.69
266 0.6208835612274677 -0.07287122956979283 0.609555302402903 100 96 86 2.88
267 0.6663892142009009 -0.1417171488989319 0.3361679585458241 86 82 72 4.15
268 0.6636606444701283 -0.0908730597347899 0.5000627871267396 93 93 86 4.67
269 0.6855888112424097 -0.1173446906243828 0.3913551704648734 77 76 67 4.13
270 0.6545254181155358 -0.1114100816896005 0.3830158042371169 91 90 81 4.6
271 0.6749875874144313 -0.100935744150555 0.4272936609321815 88 84 74 4.91
272 0.6672376489834082 -0.1139791300795029 0.3683076815618686 97 95 84 4.22
273 0.6295180927855824 -0.08444091715861529 0.4559715621070457 142 135 125 4.7
274 0.698541772052712 -0.1262542938169839 0.3167148940276905 116 111 99 4.76
275 0.6579393001061044 -0.1019579419562692 0.3839255584114811 94 89 80 4.17
276 0.669291102415391 -0.1127366976505374 0.3210079336546527 103 99 89 3.44
277 0.6601196097600104 -0.0599103429027519 0.4542494484854255 71 73 61 4.67
278 0.5864386053570311 -0.1404626100288799 0.6995225443598804 105 100 88 4.61
279 0.6502137843856142 -0.2471480296706379 0.3804105083815794 133 131 123 5.13
280 0.6053993376652951 -0.212763710382223 0.3924231820010881 126 124 115 5.43
281 0.6847491256563719 -0.2001260186649585 0.315760615713677 157 148 131 2.72
282 0.6522962582900764 -0.1752247071595075 0.3809036220334253 70 66 60 4.05
283 0.663707414541685 -0.1740108186538853 0.3936575638241958 83 80 72 3.97
284 0.6172268961765019 -0.08356049492683007 0.6319235607481385 87 83 71 3.89
285 0.6018494863585728 -0.04296341092062058 0.6268377836443131 86 84 73 3.91
286 0.6152300902510406 -0.04461357212231006 0.6522087050501048 117 114 105 3.99
287 0.6186952379887162 -0.04087022244932694 0.6507817390176697 102 104 96 1.47
288 0.6667892253716523 -0.09941013545648819 0.3209767128968267 94 88 74 4.43
289 0.6709087698729473 -0.06969985496501502 0.3149963519840611 61 56 47 4.53
290 0.6701831808682096 -0.05861846587140509 0.3641135290763741 123 116 104 3.15
291 0.6783057356710166 -0.2566843421864546 0.3804938993454187 108 105 96 3.78
292 0.6810746554167212 -0.1781762356430748 0.3223454832473181 119 114 105 3.11
293 0.6797905216819653 -0.1248190229146998 0.2638918399456157 103 95 75 1.51
294 0.6730397781347423 -0.06361908864824084 0.3992007601284324 160 161 156 4.26
295 0.7108198245038807 -0.2842275107309419 0.4314922886046554 61 64 64 2.01
296 0.627951491725354 -0.2135413448479516 0.5913273413786941 113 113 109 4.92
297 0.675581904227607 -0.2839202264231911 0.363954149480819 116 111 104 5.23
298 0.6665995130231969 -0.249787668584075 0.428917984479849 77 74 64 2.78
299 0.6565288661825334 -0.2171176793048506 0.4909017785265776 108 104 97 4.78
300 0.676348705662675 -0.230170833521925 0.4326999055929627 122 118 108 4.35
301 0.6426541478166556 -0.1887289647049256 0.5469731950913874 90 90 82 3.66
302 0.6368260285990586 -0.1860406408140938 0.5498296355133258 72 71 62 3.27
303 0.6875792556940549 -0.2442630580470021 0.2985651490255559 134 131 122 4.74
304 0.6308767610456701 -0.1725896743485965 0.5524646649453748 135 133 124 4.1
305 0.6722763446122171 -0.1935248495788577 0.5038947222861648 109 105 94 2.87
306 0.5460363867527975 -0.1244406773057876 0.6472583437738233 130 128 124 6.43
307 0.6847135968401381 -0.2057985813403512 0.4181417280784908 73 70 58 4.18
308 0.6355932759040477 -0.187371132035787 0.4214283142278101 55 52 44 3.82
309 0.6839361314282459 -0.2035500517912494 0.403080730071185 67 67 62 4.56
310 0.7131704344504469 -0.256403960726312 0.2240850407401015 93 87 74 2.8
311 0.6726359329986952 -0.1855362138066281 0.4395635840107969 109 105 95 4.01
312 0.6865516949943278 -0.174696211486838 0.489677432047418 113 111 104 4.39
313 0.6953178312872214 -0.2195081239845754 0.2830109320446802 131 127 118 3.97
314 0.707035242283407 -0.213522477809215 0.3469553565351943 131 127 117 1.99
315 0.6745018892244137 -0.1720172362273062 0.4333796882685504 95 96 90 5.32
316 0.6597946998699107 -0.1538793398360214 0.5045330439232123 85 86 79 3.83
317 0.5921784492868128 -0.1007943342702186 0.6987056700089409 64 63 60 3.66
318 0.689723578257985 -0.173865246295245 0.4275000303879385 114 110 98 4.31
319 0.5922527774487866 -0.09734923858192224 0.709578604266525 83 81 77 4.78
320 0.6329424161687881 -0.1153719290113065 0.61928767501161 107 102 94 2.31
321 0.6988454796479184 -0.1617647643937679 0.4093890647995636 97 99 94 4.38
322 0.6981095200288304 -0.1580761852060678 0.4192777077393583 105 105 99 3.37
323 0.6302226134185749 -0.09897011194376412 0.6094511604484103 115 110 96 3.3
324 0.6257191493429666 -0.0976371588087635 0.6106794591078233 118 113 91 3.03
325 0.689546674098934 -0.1355296104309207 0.4253467826105678 111 110 105 3.57
326 0.6990892529527755 -0.1367937728264622 0.4196304952433747 116 115 110 4.33
327 0.6459308069631911 -0.111566584137617 0.5206750807302972 119 120 118 4.13
328 0.6230407874654847 -0.08874595634862617 0.6190033733477026 91 88 79 4.34
329 0.6346818219794803 -0.08978094246670043 0.6132526113281932 101 100 90 3.41
330 0.6631284251532995 -0.1107310805125492 0.4991808318456109 108 111 112 4.38
331 0.6878271155015379 -0.1227958394002301 0.4416126967370799 111 107 95 3.92
332 0.6561697419446818 -0.100938147060028 0.5396420463141647 118 116 106 3.05
333 0.6985990397777824 -0.1751689643775435 0.2208972821959549 74 71 59 4.7
334 0.6985990397777824 -0.1751689643775435 0.2208972821959549 74 71 59 4.7
335 0.7086259187727267 -0.1581106206345467 0.2489087520804813 104 100 92 4.32
336 0.651942456008775 -0.09381111996204194 0.5551893168595755 118 115 106 3.48
337 0.6936965175296124 -0.1403565901787616 0.3307204954483806 85 78 65 3.71
338 0.7350518040875061 -0.1237241463736478 0.4190856734385114 146 147 143 2.05
339 0.6800623257450386 -0.1099390122828376 0.4359069369219162 100 96 82 4.61
340 0.7282902897692796 -0.1662991125299619 0.1966695257222929 93 89 80 2.23
341 0.6232876935427918 -0.07026082912829068 0.6108024633348154 85 85 75 3.33
342 0.8838295836757384 -0.1886306151819125 0.06257580873829771 91 89 81 2.52
343 0.7090999981879914 -0.1300351655275109 0.2487606748031527 92 88 74 5.0
344 0.7093514725907939 -0.1150545192578977 0.2499436605016527 105 100 88 4.7
345 0.6982632961903781 -0.08780256061471065 0.3931296072919203 91 88 80 3.79
346 0.8319260669870153 -0.1279394582365707 0.2292942082456212 95 90 82 0.74
347 0.6922057628281877 -0.08907381646127732 0.2997245834262164 85 80 67 4.96
348 0.6747413884931894 -0.07683028074938239 0.3427630222181375 112 113 106 5.42
349 0.6912322022527222 -0.08663756725897639 0.2952459150401285 76 71 60 4.55
350 0.9423067909897521 -0.1022412439212361 0.1502574763114403 141 140 135 0.36
351 0.6560057849193164 -0.2740061805714097 0.3949385384815936 138 133 123 3.67
352 0.660314274260812 -0.267320517519173 0.4050041622607948 53 52 45 4.66
353 0.6782852652104205 -0.2637740174016804 0.4035158801288297 131 131 124 4.68
354 0.6197652550470928 -0.1815023487020737 0.6276153700151808 94 94 89 2.47
355 0.6745972930681933 -0.2379285782879396 0.4432178579224445 114 115 111 5.4
356 0.6822444777507406 -0.2362669545831736 0.4386719910158101 128 127 120 4.69
357 0.6855178015766702 -0.2307590060019812 0.4316510589638324 119 114 105 4.6
358 0.6975838332726561 -0.2363271816855247 0.4245918417992424 118 115 109 4.68
359 0.6870133992277372 -0.2370351930136788 0.3869571872705049 116 117 114 4.48
360 0.6901321285563095 -0.2527492913640476 0.3048808500162354 90 87 78 4.02
361 0.6897742997128932 -0.230852921857147 0.3835049236233292 132 133 133 2.73
362 0.6554190901823812 -0.213396639437737 0.392737137346582 117 115 109 5.28
363 0.6770355154220594 -0.1891931587567528 0.4980446015089172 113 112 101 5.67
364 0.6167222043743875 -0.1524887453077233 0.6168649962921303 139 138 133 3.45
365 0.6052404342654745 -0.1352440462033379 0.6569833120691128 95 96 88 4.65
366 0.6816016501506631 -0.2011196364589369 0.3988920605994017 41 42 37 3.92
367 0.6866525508677537 -0.2032567759930413 0.3957522355344523 42 43 38 4.2
368 0.6838617758290741 -0.189901678909905 0.4363916178044039 122 121 114 4.15
369 0.7018175292036296 -0.2079421578187748 0.3470042562717552 162 158 150 1.92
370 0.6823487207179546 -0.1632791511108567 0.4825723077058851 97 100 96 2.81
371 0.6510114985769043 -0.131298174377744 0.510612025902623 90 88 83 6.64
372 0.6943153254312958 -0.1650563694125398 0.4094410920143096 47 47 43 4.75
373 0.6275090089620001 -0.1076498684175076 0.5915646944790088 112 112 109 3.49
374 0.684894627962469 -0.1343049215881912 0.431910773053672 85 84 78 4.63
375 0.6462198901417323 -0.1034171785045925 0.5458254118406047 106 105 95 4.51
376 0.6600369148633367 -0.1334110094972716 0.3808423247450982 84 82 72 4.43
377 0.6586596006984967 -0.1028858066641467 0.5099299060143487 104 104 99 3.89
378 0.6738485917061978 -0.1067696122064377 0.4728016604449097 109 108 99 4.49
379 0.6208835612274677 -0.07287122956979283 0.609555302402903 100 96 86 2.88
380 0.6697765721392678 -0.09496064997023604 0.4927548043309606 92 88 77 4.68
381 0.6668470751464268 -0.1116774172433785 0.3859630008500877 79 78 70 4.87
382 0.6636491312087243 -0.106229132837024 0.2985604485215783 54 52 42 4.72
383 0.6549477047604892 -0.07639420137724232 0.5562694664296609 41 40 33 3.6
384 0.6785913681703863 -0.1127982515981794 0.3465476647068085 84 77 65 3.69
385 0.6603061029375362 -0.09838024797308575 0.3721545254668072 76 73 61 4.36
386 0.7098698870510812 -0.09779662982571191 0.3870423143189936 70 68 61 4.38
387 0.698285441749117 -0.09322117189633383 0.3983282867683863 42 42 38 5.13
388 0.7706995816571599 -0.115294076309828 0.2612665830791814 30 32 25 3.34
389 0.6846447340629404 -0.05823317420631188 0.4147342268887833 80 80 73 4.67
390 0.6781845070807995 -0.07973997331593435 0.3918835741785042 69 66 57 4.59
391 0.6883976540219912 -0.08174919493333838 0.2996493164579325 81 78 66 4.52
392 0.6869909096953031 -0.2923937176644716 0.3040927888323925 103 99 89 4.58
393 0.7377020872975107 -0.3120164778505556 0.2716613880474126 67 67 60 1.96
394 0.6257544541326729 -0.1638456566907243 0.6314748314400546 93 95 90 3.04
395 0.6797338839949233 -0.2377886161782293 0.3268598305436742 112 107 98 4.76
396 0.6601286610317091 -0.1713806187725494 0.5512468403594845 106 100 90 3.79
397 0.661782309258317 -0.1634689817499275 0.5499759417758256 112 104 92 2.89
398 0.6871038624292337 -0.187706060443448 0.4446757719226478 35 35 32 3.62
399 0.6442319645522723 -0.1509699568305083 0.5863710749009973 108 101 90 2.67
400 0.6290705750449803 -0.1476991796206662 0.5837083213915532 79 76 67 4.34
401 0.6916773820887139 -0.1897527291493004 0.4136548771771473 33 33 29 4.57
402 0.6766877669238053 -0.07438023469651722 0.4959637587531276 93 91 84 5.53
403 0.6216632610624203 -0.050878821566179 0.6066520265952076 104 95 80 4.36
404 0.7907937789254846 -0.120642771391052 0.147624634007504 115 115 111 4.19
405 0.7012742033297579 -0.09102458704080837 0.2586180749109867 98 94 85 4.7
406 0.690677560343698 -0.08788228010885671 0.2682644896924203 96 91 80 4.78
407 0.6516693087127364 -0.04410516438530281 0.3486565529012432 82 80 72 4.21
408 0.6393357910284103 -0.2133073560397553 0.593522083525834 129 127 119 1.61
409 0.734553454603879 -0.3019703501916291 0.2707407026155051 49 49 42 1.41
410 0.6607756552665344 -0.2432168005321099 0.4041820190720903 109 107 97 3.26
411 0.6857957303133468 -0.2710727385442478 0.2931634885565179 132 128 118 4.21
412 0.6138433662553141 -0.1265166897387352 0.6575740672700313 118 113 105 3.45
413 0.6413662056849081 -0.07663505741670024 0.5483109733449374 82 76 64 5.11
414 0.6317511769313285 -0.04782515229600545 0.6047556415536992 111 102 92 2.8
415 0.6987081347989095 -0.08412960634442163 0.2645586231464121 101 98 90 5.27
416 0.682810071172556 -0.2434927614556418 0.4190873259886545 88 85 78 5.52
417 0.6809823243556544 -0.2360184749334812 0.3057196479162607 88 85 76 5.44
418 0.6740594432327888 -0.09793498323589056 0.3872026151240245 83 81 75 4.19
419 0.6592194798600801 -0.1702659028628212 0.4467261246827007 97 92 80 4.32
420 0.6855510748674569 -0.08136883017585578 0.4067812646302082 38 38 35 5.05
421 0.6855510748674569 -0.08136883017585578 0.4067812646302082 38 38 35 5.05
422 0.6699203997840939 -0.0908784842557066 0.362745514817566 132 124 108 4.62
423 0.6641192111615606 -0.08942470831115812 0.3668003163618824 124 117 101 4.15
424 0.6236719332921471 -0.1324611664737387 0.583572943637495 95 95 90 3.15
425 0.6189419623516629 -0.1198501930602679 0.526818615478875 100 98 93 5.32
426 0.6918317814150248 -0.148493371874887 0.394457607594379 86 86 80 5.49
427 0.742388482108143 -0.2071960171969272 0.2129084122264535 91 87 78 2.8
428 0.7412645590664331 -0.1942234564499425 0.1878349035882381 103 100 92 4.42
429 0.6352285845058039 -0.08352094610815916 0.5720347530871683 84 82 76 4.73
430 0.6162547470830605 -0.05005111752041661 0.6526670964969374 116 110 98 3.04
431 0.6311761649970806 -0.05965198561232055 0.4338828784998228 102 99 91 1.75
432 0.6778140692859121 -0.07784487310749116 0.3139138827331391 76 69 57 4.7
433 0.6882917561151614 -0.06999912606613684 0.309420225579354 91 87 77 4.51
434 0.6701313658737108 -0.1955203025184868 0.3078409247364026 90 84 74 2.68
435 0.6660400748721411 -0.1471057678974048 0.3630244056781168 103 100 92 4.04
436 0.6381212809064944 -0.1311084872513627 0.3964163402917221 110 104 90 4.18
437 0.6792989966191371 -0.0999430616859818 0.3724213308864943 89 84 73 3.72
438 0.5838622088496301 -0.0935231133634295 0.6294734814534034 91 89 81 5.08
439 0.6838656939608329 -0.1369504738563325 0.3922426839517914 57 55 49 3.42
440 0.7302342451898945 -0.2234926142301305 0.2504239541051989 114 113 107 2.69
441 0.6673594888392105 -0.1517260975566716 0.3188743964901708 104 103 98 2.35
442 0.6847171045592448 -0.1077609509094093 0.3184479254047172 89 84 73 4.03
443 0.673823781311926 -0.08913153001055937 0.2806869174301148 73 66 54 4.32
444 0.6483323663833296 -0.2287449131913395 0.5197692625257879 114 113 112 5.47
445 0.6457860437569194 -0.2202367872815858 0.5200023204010298 120 121 118 4.89
446 0.6801075612975971 -0.1760670204215478 0.4341617156290221 99 99 93 4.65
447 0.6907366132477746 -0.1719395752954108 0.3916052674715917 103 103 100 3.75
448 0.6641952511908195 -0.1277654263001552 0.5489317765845803 88 85 83 4.23
449 0.6759134430043633 -0.1314377561615968 0.4721424137914966 91 90 84 3.9
450 0.6457583075844231 -0.1090557323075745 0.5921704772869782 124 124 117 4.27
451 0.6107389224737061 -0.08063346783254619 0.629220129786176 72 73 71 5.22
452 0.6619907917771568 -0.1055188578242493 0.497240362639812 118 119 115 3.87
453 0.6648269162109813 -0.1111232058458685 0.4667338792608123 105 102 92 4.37
454 0.6255068364561616 -0.1049297311826106 0.499778454349362 111 111 106 2.19
455 0.6409313546338709 -0.06800362387514203 0.6019390426407196 127 118 103 1.08
456 0.6983490660774493 -0.0884903650702108 0.3963552689170186 58 59 56 3.03
457 0.6854209975099683 -0.07648149120044817 0.4199534695759455 99 99 92 5.81
458 0.6613027310832352 -0.2432505065281586 0.4925675357405767 98 100 100 3.64
459 0.6802189098024529 -0.1614656535822905 0.5023561174433004 121 123 119 3.33
460 0.6129189356369628 -0.1083476676744582 0.6276894424463779 92 93 90 4.44
461 0.6346992935874523 -0.1003956472215782 0.5506048141856532 113 112 104 4.23
462 0.6763191553085603 -0.120688142356503 0.4267390142329839 117 111 95 3.58
463 0.6500176831281969 -0.08512814576394223 0.5635980676718855 104 103 100 1.72
464 0.6668630459619225 -0.2447440261082416 0.496336800247124 171 175 180 2.09
465 0.6724866476051455 -0.2472196380288679 0.4664327208307142 162 167 167 4.13
466 0.6406664124482589 -0.2183013368797239 0.5567757547536726 112 114 109 3.69
467 0.6917831369960642 -0.2548378116286493 0.4315738253264587 157 156 160 3.22
468 0.679432575603635 -0.2495427847736086 0.4329791518263177 137 134 131 5.65
469 0.6366311100251001 -0.2080609776764877 0.5588286207461814 118 116 109 4.37
470 0.6441036772364481 -0.2214436358745587 0.5075005372069198 100 96 86 5.14
471 0.6954637412170174 -0.2577072271306389 0.4194446616974655 125 122 115 4.83
472 0.6165918318947202 -0.1099160486638478 0.5982128353903572 86 90 91 4.21
473 0.6442988348631367 -0.0644936923418514 0.6004724504869633 112 107 100 3.34
474 0.6729431435112421 -0.24258756543178 0.4124558777987803 96 90 84 4.4
475 0.6785019574292545 -0.1035252568347606 0.4631458523015296 91 85 75 6.02
476 0.6445633961529396 -0.07060164485086054 0.5656251370067797 93 92 86 2.59
477 0.6578058597752959 -0.2334339210900419 0.5010903462283733 99 97 89 5.01
478 0.6853700445901604 -0.1271844412817283 0.4217857632915347 139 134 129 2.57
479 0.7132464551984014 -0.2764971889506502 0.4310119859648522 60 61 62 3.93
480 0.7290559424374737 -0.3252646671559258 0.273667415170182 134 129 117 2.25
481 0.7460127911428335 -0.2846798582107131 0.3846590546660467 61 59 54 1.67
482 0.735963492337409 -0.3090766750099918 0.316886612145367 42 43 41 2.66
483 0.6873796005671283 -0.2786009285015999 0.3032021977987541 115 110 99 3.26
484 0.7825928090476032 -0.2699923633547083 0.3874487625726661 131 129 122 3.41
485 0.6418206206430246 -0.2136658732975905 0.4031243308870162 128 125 117 4.4
486 0.7979161088733387 -0.2447881984116612 0.3658175199882304 118 116 106 3.4
487 0.6697717368979004 -0.2110852832398674 0.3662021348492316 102 98 94 4.88
488 0.7464927092253804 -0.2757923245838954 0.1940676768709502 110 109 104 5.05
489 0.6714991980342522 -0.1949673127904159 0.4049272598829275 60 57 52 3.96
490 0.7746160850928525 -0.2237378669365557 0.3717307819038097 66 65 59 1.52
491 0.7383098156894297 -0.2381590171612851 0.3073977695789422 84 79 73 2.27
492 0.7383098156894297 -0.2381590171612851 0.3073977695789422 84 79 73 2.27
493 0.6856600006873357 -0.1724347982204095 0.4193503022108234 94 92 88 5.16
494 0.6686039615447206 -0.1943558286168879 0.3336827078345891 100 96 78 4.59
495 0.7472527489946372 -0.2030405792012514 0.3049621194267021 98 94 85 2.33
496 0.649138851048513 -0.1648954485840182 0.3828745282464391 88 85 77 4.38
497 0.6696204819235231 -0.1721520581309122 0.3584561877536428 108 103 94 3.8
498 0.7181217288171928 -0.1806966023425291 0.3123493811392448 92 91 88 2.47
499 0.6492343646705514 -0.1243530625076355 0.4093350766010455 84 86 81 3.22
500 0.6502639606706606 -0.1359536278080601 0.3617043316534777 82 79 68 3.67
501 0.6606854953388771 -0.1141365405357491 0.4419248179315198 126 119 105 4.81
502 0.6806241135650717 -0.1298153747087312 0.3880157420821088 82 83 76 4.6
503 0.7470543553411172 -0.1791168868253298 0.1896381870652746 121 117 107 5.34
504 0.6760707552279389 -0.1373541459941721 0.3407218926030234 94 89 80 4.66
505 0.790694909053832 -0.1552502944585735 0.3144399645230835 85 85 80 4.82
507 0.692862794439313 -0.1436257432069922 0.2856151703472711 123 119 104 3.31
508 0.6814208306995281 -0.09692134716158182 0.3986605348996884 57 57 52 3.47
509 0.6866070832786234 -0.1068991030976559 0.4107311623436497 99 95 84 3.68
510 0.7691010957941603 -0.1350567324603858 0.2901219044801941 130 125 117 2.49
511 0.6946772826348703 -0.09898802668371051 0.4090243338530315 60 56 47 3.36
512 0.7167793477117664 -0.09218066998517405 0.3951030543113117 29 35 29 2.98
513 0.6677840886086712 -0.07594139349670936 0.3907443437413801 127 127 123 4.59
514 0.6348184136911358 -0.06269909063373333 0.3353819679075152 39 38 27 1.09
515 0.759842181429834 -0.1032779271306048 0.2053408507202994 147 144 136 3.04
516 0.6934254861231323 -0.07530409704420984 0.268458208079298 136 133 121 5.61
517 0.651194638321007 -0.05004836454100028 0.3778219814537689 109 107 97 4.23
518 0.6907067248211773 -0.06787453209540958 0.2792166718622645 99 97 89 6.31
519 0.6685499178465024 -0.2621322049112937 0.4550083046268952 70 71 71 4.85
520 0.6845463614021498 -0.2879342112333556 0.3905942021460784 85 85 79 2.69
521 0.7079687978233528 -0.2638003259671702 0.4283799930550197 139 136 130 3.55
522 0.7917115238311302 -0.2552924562291665 0.3716991500702743 131 131 125 3.9
523 0.650000247398172 -0.2010812554372375 0.3973686448669004 82 81 72 4.81
524 0.6696632185365519 -0.2101521123562126 0.3842596233133426 69 68 60 4.13
525 0.6733347520900175 -0.1957426576230427 0.4220972276214227 98 93 85 4.84
526 0.7032697965227998 -0.1940066755190568 0.4016825651371502 108 104 92 3.78
527 0.751097628079971 -0.2597630200530294 0.1771666235631855 94 95 90 5.29
528 0.7418840072185847 -0.220052883988166 0.2907512238726376 121 114 102 2.15
529 0.6644257709841733 -0.1683401608098415 0.3959987077991554 93 93 89 4.37
530 0.6684571450532094 -0.1696696299968039 0.3936985897699549 83 83 76 4.32
531 0.7215434699438159 -0.20302577214067 0.3051338577522355 110 107 96 2.6
532 0.6556560166797301 -0.1689551394384074 0.388150354977792 94 92 82 4.72
533 0.6547635488895059 -0.1706398531385611 0.3801169988861663 108 104 98 3.75
534 0.6775347277519201 -0.1695666942972414 0.3631687567007144 83 81 75 2.6
535 0.6941345071962306 -0.1779434797553508 0.3041780164047483 118 116 107 4.86
536 0.6661232521445728 -0.1564326883339917 0.3377018086127494 103 99 92 3.4
537 0.6771103917842665 -0.1331003277691481 0.4220322339567317 90 88 80 4.57
538 0.6494395473050744 -0.1356614693297056 0.3913630000103187 104 100 89 3.0
539 0.6730588918356118 -0.1448490813933517 0.3631317828895274 74 70 62 4.21
540 0.6993844299640022 -0.1662165607166722 0.2785948361631447 90 88 80 4.64
541 0.6498563175891351 -0.1327797100038314 0.394490120456477 137 134 126 4.71
542 0.6791973770141079 -0.1222718455659786 0.4101700487383331 160 148 132 3.3
543 0.6503918412794576 -0.1220835659726597 0.3855755145526779 113 108 93 2.87
544 0.6578776982564627 -0.1123048754806009 0.3626938302885683 76 72 59 4.49
545 0.6536897162022146 -0.1113434875938475 0.3563865274073417 105 101 90 5.38
546 0.7100600029957919 -0.1296391429378873 0.2656799028387322 122 122 112 5.46
547 0.6847115655724996 -0.07607780953458126 0.3792913857942071 125 128 125 4.68
548 0.69833656822906 -0.09737201492667222 0.263183961794219 111 107 92 3.92
549 0.8308468113535187 -0.1187921384169881 0.1356231361561461 147 145 143 4.54
550 0.6691386843208269 -0.07652613618109952 0.2977501678642803 101 95 88 6.93
551 0.6645075058251694 -0.05437532124732166 0.3776440700192535 74 75 68 5.44
552 0.6899711989092059 -0.06545516515396146 0.2950689762607027 89 85 73 4.68
553 0.6502740024937234 -0.2749702040977507 0.3821926201901111 146 138 131 4.4
554 0.7093623032567563 -0.2645086993906665 0.421962395538762 148 146 141 3.44
555 0.5778766368348486 -0.2058276820594265 0.3902892062050519 83 81 79 4.85
556 0.6817128460467591 -0.2157147675278015 0.4259972140288423 112 104 95 4.26
557 0.6727293882521992 -0.2545665610317848 0.3016519660174506 124 122 112 4.46
558 0.6894053576799246 -0.2530004160035964 0.2985138590826735 157 149 135 3.4
559 0.7150345973966273 -0.196866706374244 0.348864614745506 98 94 83 2.34
560 0.6692087920287486 -0.1755940873454499 0.3665318309732806 129 125 120 5.2
561 0.6665159505267607 -0.1025216579285394 0.360690618748288 99 92 83 4.47
562 1.024736000767577 -0.1114134658698715 0.1310026661986682 97 96 89 6.84
563 0.5701506503381483 -0.1879427129063699 0.4276830732228925 125 122 115 4.78
564 0.6771545851717403 -0.2412935562590421 0.3543753564841953 166 161 149 3.16
565 0.7320901210987725 -0.2363622522429854 0.3186654014205184 77 75 68 2.53
566 0.7164244915006314 -0.2231623591536517 0.3367677416627128 181 181 175 2.45
567 0.6806137416667276 -0.1665161615245861 0.3926388863379888 132 126 123 3.92
568 0.6508936262046312 -0.2362326758663883 0.3418066546126761 137 133 124 5.86
569 0.6411883703133444 -0.1741089372276625 0.4017634361341234 106 103 91 4.83
570 0.6602978582671921 -0.2153367922444287 0.3314595084571108 130 122 108 5.3
571 0.7299657961240394 -0.15966374096953 0.3710235272151838 132 130 123 3.02
572 0.6705873684663868 -0.06907403967245374 0.3488448064805106 127 123 108 3.67
573 0.6060096427957657 -0.1651637288166531 0.6914624462457838 111 112 96 8.22
574 0.4797010930648625 -0.07270469628196305 0.7045227042861371 88 86 76 4.36
575 0.7547874255822415 -0.202705976933983 0.2614450578271519 105 102 92 0.91
576 0.7803751503145691 -0.1979995583009502 0.1591852665240585 51 51 46 3.89
577 0.5963491983879323 -0.07627445934200483 0.6923223062503295 68 69 64 2.7
578 0.6851659374199185 -0.1108758842957657 0.4859756409095762 130 127 119 2.29
579 0.6773873609513537 -0.07687943497655403 0.4761615681238965 82 85 79 4.66
580 0.6931053569638655 -0.06859601433861942 0.2769607736504157 101 98 90 5.49
581 0.6554257288810333 -0.2511004709633812 0.396349502013917 118 115 106 2.58
582 0.5843714600356483 -0.08801237422048902 0.6992907896938537 127 122 109 5.7
583 0.6802026405366189 -0.09524434958685227 0.4925382688328778 89 88 81 3.7
584 0.6581964613239735 -0.0593570520617822 0.5600142110180981 104 98 86 3.63
585 0.6272746185206044 -0.156060070317357 0.5462064854153224 112 108 98 4.59
586 0.5919588510422027 -0.07042312021505107 0.6866059744869595 124 116 108 4.77
587 0.6255547853195813 -0.07134203177591922 0.5594010227955628 30 30 26 3.86
588 0.5988208723297759 -0.04346203951115262 0.5744384833515185 13 15 13 4.8
589 0.6536023304196532 -0.2136703221639884 0.2994794465973882 74 70 57 3.86
590 0.5977486404865157 -0.1028028629034929 0.6794092253588623 79 81 76 4.04
591 0.6214797125949286 -0.07022284978882001 0.6682126580379284 52 53 51 4.26
592 0.6303980737933834 -0.1734699903533133 0.4397931532947663 130 128 119 6.33
593 0.5801178392966332 -0.1036828478597006 0.6266784675241209 112 106 93 7.95
594 0.5677351885857409 -0.1268325549029608 0.7057790659713363 106 102 93 5.28
595 0.5722420546424435 -0.03215472830097305 0.6807812462462211 70 67 59 5.23
596 0.6483251119412428 -0.1496335419738646 0.5706756354250916 137 140 143 1.3
597 0.5972689744253289 -0.1129541981883483 0.5908063351629466 91 93 89 3.63
598 0.6502913767357663 -0.1210920925506458 0.5476724334318421 106 102 90 1.84
599 0.6606577146451867 -0.1234878203522686 0.4972250939413096 132 129 120 3.53
600 0.5946889232907216 -0.08477985437283014 0.6969620399486285 119 115 100 4.03
601 0.644048422832028 -0.0832125459292257 0.6701961055500696 82 84 80 1.54
602 0.6706697298777238 -0.1292122649566547 0.4808303542358728 88 87 78 3.74
603 0.4454291141081821 -0.03800198956435365 0.7192284872142783 91 91 74 3.17
604 0.6707379410690975 -0.08390509119405751 0.4245161697312957 75 74 67 4.73
605 0.6628252790717994 -0.0984061613722004 0.2968470051427812 64 62 56 4.95
606 0.593601926164139 -0.1380572654147574 0.6275543854084851 100 94 84 5.48
607 0.6214277627991518 -0.1441000179170861 0.583126204441846 102 102 96 4.65
608 0.6180892285255746 -0.1606944140678055 0.6378569746260381 44 45 41 3.05
609 0.577647573015814 -0.09661364743138148 0.6841619530671675 62 63 61 5.56
610 0.6685007656966682 -0.1625602269440584 0.5194030980982076 74 80 78 2.81
611 0.5070074988550043 -0.07533559018472222 0.6783509371715497 84 82 69 3.23
612 0.6411496978657001 -0.1183967953496377 0.5593063652036087 108 107 98 3.79
613 0.6664425750376791 -0.1101044078974045 0.5157715450782141 87 83 78 6.39
614 0.7030677575994789 -0.1217123754959176 0.4312025396993281 88 89 69 3.91
615 0.6732727688504463 -0.1285075440845399 0.4484849357729602 119 118 113 3.49
616 0.6398192263270494 -0.1192444050207908 0.4477008969080214 118 119 110 4.0
617 0.7276309365695841 -0.136206794824548 0.4269648851580276 152 150 139 5.82
618 0.6737050084914258 -0.106034262507141 0.511156329602507 109 109 100 3.25
619 0.6639208902492046 -0.1045085044340648 0.3027287654627163 38 36 32 1.78
620 0.6745716753267378 -0.1972927878413772 0.481532018683325 92 86 73 2.5
621 0.6687451404835841 -0.1881837232573569 0.5144503138984895 110 109 96 2.93
622 0.6553446780157884 -0.154455064590302 0.5173135393912067 106 102 90 4.15
623 0.6952816363036068 -0.1070938364194844 0.3818444892872676 95 96 87 4.45
624 0.5932070202142568 -0.1632134161962062 0.7089754578841435 116 112 102 4.02
625 0.6385538765081066 -0.1785408473622475 0.59225989038155 96 91 83 3.14
626 0.6505374411086347 -0.149712611377216 0.4944392136479984 79 81 76 4.75
627 0.6136897515000068 -0.1740357229482405 0.4431335798441888 84 80 67 6.27
628 0.5826889633521505 -0.1539621828249221 0.483150784475982 101 101 92 4.81
629 0.6492465430492679 -0.1675116208900648 0.448953447538826 90 87 79 5.1
630 0.670439382462196 -0.2614179978997894 0.4294780798640145 99 95 81 3.53
631 0.713624561310956 -0.2700900693386903 0.4045653071515994 49 47 38 4.54
632 0.6572435604232383 -0.1896835759872615 0.409867623000741 78 77 72 3.21
633 0.7026436941056063 -0.2752791353047174 0.4058269044801713 113 107 97 5.99
634 0.7161498551424406 -0.2696052480190789 0.3273702305914878 176 176 170 1.62
635 0.6794250499972141 -0.2453656010231858 0.2919129508061888 137 135 127 3.28
636 0.687525157694311 -0.1544231108200294 0.2618517521602003 105 101 95 4.23
637 0.6952456620820203 -0.2843435236035431 0.3382798457566015 78 66 55 5.03
638 0.6876512314515373 -0.2470933724568194 0.2982037847843286 129 127 116 3.63
639 0.6516198882920872 -0.2175403681870699 0.4301995169795967 151 149 137 5.87
640 0.6551486502450875 -0.221244098363357 0.4730549784485144 132 129 126 4.16
641 0.6693500514640699 -0.1213236573091735 0.4712296842235295 93 91 81 3.95
642 0.5881755303156246 -0.009074237682428404 0.6479019852869198 106 110 112 2.69
643 0.5944760330685134 -0.05011790900716701 0.6496509654284189 93 87 72 3.5
644 0.6367620024416587 -0.2219938927394743 0.4835264114405736 100 95 87 3.81
645 0.5854052291745104 -0.1332156087405895 0.6794405926245343 84 88 89 3.75
646 0.6476899398005639 -0.170799757588985 0.6349811555537664 124 128 126 2.44
647 0.5867529420721908 -0.1261047302843191 0.6980451537509398 115 116 111 4.46
648 0.640051734229504 -0.148106609812341 0.5447824253630842 109 106 94 2.79
649 0.5574550687357074 -0.09537921705802863 0.6740877984059124 86 94 91 6.08
650 0.6636160169246443 -0.2255517039134341 0.4854225903337059 113 104 89 4.01
651 0.6504574249814222 -0.1600414392544963 0.4780819210901958 97 90 73 4.44
652 0.6260855668215488 -0.1714145786819877 0.6732577938366902 95 101 103 2.17
653 0.636500548121602 -0.2133830254905046 0.5328004540867175 141 138 128 3.66
654 0.5915438103352382 -0.09804715591810262 0.5444267975669292 118 119 111 3.77
655 0.6770447917680126 -0.2657174278796161 0.3920640215243381 187 186 176 2.71
656 0.6257956146769031 -0.21480139279931 0.5605204003954452 131 131 128 5.34
657 0.6381081470246781 -0.2172467610135929 0.5532725393414505 125 127 122 2.58
658 0.6579551122785749 -0.1936747035414948 0.4747640016045163 89 88 86 2.73
659 0.6130186483868547 -0.165110613854835 0.6232932694241502 158 156 146 2.19
660 0.6137451011854702 -0.158229169769944 0.6185711151462718 140 138 131 3.43
661 0.6142174162336345 -0.1555465905742977 0.614513624438597 154 154 148 1.14
662 0.5993198921053836 -0.1411624282935711 0.6868249809707108 73 75 77 2.19
663 0.6013215549653464 -0.1080335543699526 0.684181318596654 122 127 126 3.64
664 0.6191152529256415 -0.1122543673781223 0.669748470884687 105 111 115 2.73
665 0.5948397717388098 -0.1032527660788493 0.687762099176326 91 94 90 3.81
666 0.6155295934587171 -0.1108255361095023 0.6798082173315199 87 90 87 4.78
667 0.606583406104509 -0.1067702376853927 0.6776510087221804 66 67 63 4.39
668 0.6144339037269293 -0.1077778275095658 0.6758587435385548 56 61 60 3.01
669 0.6359923188354765 -0.1185812032505902 0.5435839694234251 126 124 118 3.48
670 0.5955777602450226 -0.09814281103927985 0.697453789356893 77 78 73 2.91
671 0.6523415149675934 -0.1207326415743061 0.5076712742385741 119 121 121 0.94
672 0.6493603108295075 -0.1118411640840841 0.518562625295986 122 122 119 4.34
673 0.6367413050164537 -0.09267967986201275 0.5915435026911431 91 95 91 3.72
674 0.4660006177868679 -0.0425863175477662 0.6707129251199492 38 38 34 4.99
675 0.6033142190954054 -0.07354505399528957 0.6777328635706819 89 92 91 4.69
676 0.6222750557079157 -0.0808125076077586 0.6106831657468479 110 106 98 3.34
677 0.64931144790633 -0.08629932567548934 0.5375343079554236 108 107 101 3.15
678 0.6147086641135946 -0.03420162597728402 0.6069763472581934 137 143 142 1.69
679 0.5162781385467475 -0.002813573288994405 0.6776370434598097 82 91 98 5.78
680 0.6583093206844678 -0.241634339335658 0.4935489688396905 120 124 125 5.34
681 0.6722884035309994 -0.2464026493228599 0.4817002191930264 147 161 169 2.98
682 0.6432658306057402 -0.1696938218653367 0.5591895239645468 88 84 75 3.9
683 0.606967915354898 -0.1537422971438392 0.6270314812533622 141 140 129 1.11
684 0.6978222368755975 -0.1395560832232149 0.4589302429568726 74 77 78 5.33
685 0.5898336170846671 -0.06723518184186447 0.6937444809000527 105 108 105 2.4
686 0.6387832863142273 -0.07812812793307572 0.5800537346977646 87 85 76 3.83
687 0.6625193197069327 -0.2437302055764681 0.4988868144845611 124 126 123 3.58
688 0.6563049297907955 -0.2273584818547822 0.5063267291698668 94 91 82 3.52
689 0.6569551345085362 -0.2277080021728854 0.5059436240955335 100 99 93 2.56
690 0.6248462175125148 -0.1628968612366684 0.5757337753518266 92 93 86 2.94
691 0.6246588114451331 -0.1628057294645933 0.5758297597339797 99 100 94 3.45
692 0.6181718670315675 -0.1513789979559787 0.5846650371758272 112 111 104 5.08
693 0.596942879153239 -0.09413355440974294 0.6024366675500405 72 71 67 4.32
694 0.612648575154239 -0.1087722949654866 0.5914211677503014 92 94 91 4.85
695 0.6680947191673628 -0.07165326544924241 0.5355108351011493 111 110 103 3.99
696 0.6050640982751763 -0.1553028190785113 0.5775189429445202 31 34 31 4.49
697 0.5878717937223278 -0.1303529794160297 0.6577027493489438 124 128 124 2.85
698 0.5655740290123789 -0.08836439968112442 0.681132366963771 123 120 117 3.87
699 0.6294853446795228 -0.1084107255462012 0.5973063817064207 123 128 128 4.16
700 0.648855633505916 -0.06616554613439857 0.5492917933939372 29 30 27 4.39
701 0.6240092411109669 -0.2061977888639954 0.5921248023938398 108 104 96 4.35
702 0.6498260961667031 -0.2125038925784405 0.5325471390195313 50 47 40 5.16
703 0.62334417070491 -0.1196414357404825 0.6491242181617464 129 129 125 3.3
704 0.6543537180004816 -0.08293453613662158 0.5269051097594131 131 130 123 4.16
705 0.6813228957001038 -0.2394620680463029 0.4496037999029667 105 100 90 3.75
706 0.6694444407998442 -0.2295694040276063 0.4606925701315839 96 86 82 3.42
707 0.6686949593112569 -0.1892189261273777 0.4898989826827118 43 44 40 3.83
708 0.6643955063508624 -0.1866606572793588 0.4914620032680825 41 41 37 4.02
709 0.5780332441434199 -0.1301794126069637 0.6599944568484871 98 96 94 2.25
710 0.6093928215539476 -0.1361536865387738 0.6204956615564959 114 105 92 3.2
711 0.6746820785434811 -0.1152589554480687 0.4926248455201776 113 107 98 4.77
712 0.6605003115296983 -0.0653277969372883 0.5043742386165067 86 79 67 3.51
713 0.7354264313646039 -0.06393144019309008 0.4225631278901137 87 80 65 5.05
714 0.5765942579926714 -0.1939887710048473 0.5439164901798529 116 114 108 4.07
715 0.6781277248026725 -0.2266716386477228 0.4451229211811314 90 87 78 5.05
716 0.73565181954133 -0.1241821386296797 0.3572985174947581 120 111 102 2.77
717 0.6730487027507501 -0.08528080137896404 0.469519651221372 91 85 74 3.98
718 0.6799465327041199 -0.2552168777333148 0.4102135764006487 137 130 119 4.75
719 0.6438397715048678 -0.1932162491840829 0.5659640492697413 116 106 94 3.96
720 0.6707373283117121 -0.06929332580603853 0.5147404822664743 171 155 141 1.99
721 0.6803188145129019 -0.2252058189378467 0.4881260562678496 75 68 56 3.87
722 0.6414309128345023 -0.2086933903271947 0.5065781183665605 85 73 61 6.39
723 0.6169822215277114 -0.1400179048148423 0.5912343999218451 122 110 96 3.84
724 0.6136621780573664 -0.1168435558416176 0.5848897815528866 125 115 103 6.01
725 0.6560590162896904 -0.1333993688584777 0.4420025560076483 117 109 97 4.92
726 0.6666859576102806 -0.1278113587421708 0.4171948355130374 112 105 93 4.51
727 0.6953423837553036 -0.291502746978235 0.274897191102556 154 154 150 3.89
728 0.6588832260176968 -0.2223333200639724 0.4962209461758648 141 138 128 2.88
729 0.6440176406608679 -0.187734320799355 0.4820674521957973 73 68 66 3.27
730 0.745898930427767 -0.2481128199018753 0.1860646095158364 85 88 82 3.12
731 0.5957254513939233 -0.1065708462320757 0.6852293928046533 134 135 133 4.87
732 0.6561762899118192 -0.1028968034599758 0.4123214302366668 103 102 99 5.8
733 0.7038346609435269 -0.1038365694976059 0.4066096605766639 118 117 111 2.4
734 0.7016695424011519 -0.1049961847113458 0.3152211801200945 44 42 32 4.01
735 0.7016695424011519 -0.1049961847113458 0.3152211801200945 44 42 32 4.01
736 0.6477679577960841 -0.1885308871232904 0.5893086411033066 123 117 107 2.68
737 0.6319284598375569 -0.1732693010094479 0.4605318979518982 121 118 105 5.38
738 0.6861511652885399 -0.1948541672873841 0.4179797415583228 23 25 22 3.18
739 0.6641012538575897 -0.1776361534130487 0.452364975247791 107 102 98 3.42
740 0.6521659573435422 -0.1527227341752048 0.4888346233785375 101 99 88 4.47
741 0.5448910067235717 -0.08461028308408158 0.7103395560825194 77 76 60 6.36
742 0.6386524118036284 -0.1393559672354818 0.5322923386548883 115 115 116 3.47
743 0.6993192908258314 -0.1663141802302462 0.4349082780720781 75 75 74 2.18
744 0.7617271537247677 -0.2059784299516565 0.1852819366969228 88 88 84 2.66
745 0.6913889386442841 -0.1368701799193181 0.4210766833386195 83 79 69 2.32
746 0.7162508728504741 -0.1590715153781656 0.2778962766578581 92 90 84 2.94
747 0.667916052437836 -0.1192847463131047 0.4119674418529636 91 88 81 3.29
748 0.7029479519239479 -0.07764666859106908 0.4696333322774338 116 117 118 3.63
749 0.6713392631279116 -0.1977862004714789 0.4792665594307799 101 95 85 3.74
750 0.6528931710531037 -0.1740197518663975 0.4957604325170404 37 37 33 4.69
751 0.6795208130969914 -0.1285411959684464 0.4100451976317759 113 114 108 4.33
752 0.6318954769125376 -0.06779192805100673 0.4960866406313087 24 26 22 5.09
753 0.6813297929431502 -0.06139623000822785 0.3490925132614431 84 80 73 2.07
754 0.6741236901504416 -0.08739984178595042 0.5047308024901838 46 47 40 2.38
755 0.6501207260703125 -0.1550372262490138 0.4645000363792088 30 32 28 3.84
756 0.6601643653215147 -0.1949930602962761 0.4780967375056755 77 76 68 4.19
757 0.7088971600414348 -0.1501213805797039 0.4375958662884906 108 107 100 4.76
758 0.6504617158007869 -0.125129611539508 0.4721727652517462 106 101 93 4.14
759 0.629978634815349 -0.09246609049400853 0.6040018844530071 140 138 125 2.32
760 0.6428145314423342 -0.1056635489160563 0.622945515874673 114 112 105 2.89
761 0.700552582087915 -0.1634918628753793 0.5834035442071827 86 86 77 5.26
762 0.7133569026061956 -0.2561297821648025 0.5046556428519596 120 118 110 5.7
763 0.6112053709612899 -0.171470726314532 0.6275770297373878 101 90 78 3.53
764 0.6517048599282872 -0.1932914812564801 0.5049762888901116 100 94 84 4.07
765 0.6350701147913881 -0.1765372951335031 0.5544440826773759 140 138 130 4.03
766 0.6618936309988298 -0.1902524690228983 0.5088358269379947 128 118 103 5.17
767 0.5117765792888902 -0.1162172637440774 0.6544745385317378 102 95 86 1.86
768 0.6954231664283921 -0.2062389751194773 0.2573526737217138 106 105 93 4.63
769 0.6337043799837364 -0.1395143336589752 0.560921828636208 113 108 99 3.83
770 0.6356257000462777 -0.1274170623946921 0.5397565736431442 154 157 154 3.32
771 0.5590936537604412 -0.09825581774769621 0.5365503847396829 76 75 73 5.74
772 0.6256971499244216 -0.1093463679820103 0.5016594102436966 55 53 47 1.38
773 0.6627284900632384 -0.1255664216041537 0.5407328331972614 124 122 109 1.87
774 0.661661848646015 -0.1205213118140911 0.5519356234018176 133 126 113 1.68
775 0.6584084868320758 -0.1199069494147561 0.5453220416949172 138 132 122 2.27
776 0.6737211436597047 -0.128191144840935 0.4753099372937008 155 150 138 1.39
777 0.6681575432709317 -0.115626190959756 0.5154377938925925 155 153 137 2.25
778 0.8913814202593301 -0.1908192784021664 0.2634085187956249 94 93 84 3.92
779 0.6155574082851696 -0.09117134337013247 0.6143375848434059 146 134 108 1.61
780 0.6155574082851696 -0.09117134337013247 0.6143375848434059 146 134 108 1.61
781 0.8611771534135937 -0.1677312498543735 0.3098022233495852 127 122 109 4.83
782 0.6430371983918597 -0.09681160274129411 0.5508927619051323 82 74 61 2.84
783 0.9111648020954625 -0.1765707922759783 0.2521491391565723 114 115 108 4.73
784 0.6888494294913753 -0.1048425419619631 0.4654408703841267 109 106 97 2.11
785 0.6217656744648115 -0.0759723082867462 0.4814002474949616 76 72 66 1.11
786 0.6699937803547746 -0.1042598939657941 0.3189054483456732 122 116 97 3.13
787 0.627840363618976 -0.06691404638666643 0.574261811337325 122 113 92 4.02
788 0.6836347140964962 -0.0884987862629836 0.3073095090415501 75 70 54 4.08
789 0.6121474528949639 -0.04583793774417563 0.4787821444716656 60 62 63 0.87
790 0.6671993529255615 -0.2408053510554895 0.3592116954545473 159 156 145 3.05
791 0.6641532461333083 -0.1895690503813735 0.3398898473162467 77 74 66 2.81
792 0.6974555882395573 -0.2179744481857955 0.2799390638476096 135 137 137 6.17
793 0.6121471702983671 -0.1103020490886562 0.6154785398784864 96 91 79 1.48
794 0.495764284010534 -0.0707928167631017 0.6636828428491806 105 105 100 3.04
795 0.6360832249249019 -0.1177945236065063 0.4497415443860915 125 127 115 2.5
796 0.676474394971842 -0.126857543396786 0.4136737439408416 93 90 81 3.78
797 0.6749920180853778 -0.1144897461509824 0.4608504262039567 117 111 100 3.79
798 0.6716726697044948 -0.1248769236807695 0.3138897135443928 141 129 110 3.5
799 0.6597163569565944 -0.08919563161047644 0.3503382057067147 33 31 28 2.94
800 0.6577176788923331 -0.07598738795453863 0.3503647387968501 34 33 27 3.55
801 0.6823714295406109 -0.09475996914733456 0.3387702903808504 123 119 105 3.72
802 0.9179250494046626 -0.1279709622041179 0.2429814139763372 129 129 121 5.72
803 0.6714947536802987 -0.1667228653226313 0.4403700262966546 131 127 120 2.77
804 0.7326342424181959 -0.1499769709214693 0.396128671132269 99 96 87 2.63
805 0.6800181691706532 -0.129878483248816 0.4197269359010996 101 97 87 2.92
806 0.4642743068327185 -0.03468094438707314 0.6521027010979121 9 13 15 2.33
807 0.5801640436267858 -0.1919364319466188 0.5700405686158656 108 107 102 4.57
808 0.5193508239157067 -0.109712061897046 0.6413333679090726 39 42 44 3.95
809 0.496689420947978 -0.04300525546417634 0.6365242803217787 14 17 20 1.6
810 0.7026399719959627 -0.2516387004070716 0.5400228546640261 144 142 136 4.36
811 0.817102988685697 -0.3574626019956379 0.3203446643118444 179 176 160 2.48
812 0.7363472028891523 -0.2731249664758418 0.4759751731984249 134 132 124 3.72
813 0.7079072772043992 -0.2825365517285333 0.4246763808551042 119 120 117 4.23
814 0.6932736954140554 -0.2534974836402752 0.4692080827496972 149 143 131 4.01
815 0.7632341385523594 -0.2855614716807292 0.4244234725984031 136 131 119 3.4
816 0.6584313975176506 -0.2188457059085723 0.5201209159600442 146 140 132 4.75
817 0.703039490503051 -0.2233391448659139 0.5305922973338659 127 123 118 4.65
818 0.6587223511007015 -0.2190097048591564 0.4927334323329816 136 135 127 3.72
819 0.6350115586149826 -0.1810321314367394 0.5867082224362803 104 96 85 5.14
820 0.6703490734101319 -0.2234288048010243 0.4818772651600813 101 97 87 4.99
821 0.7140184823810249 -0.2546271011315263 0.4040357213731985 114 112 109 4.24
822 0.8055623084956164 -0.2801944941973362 0.3715767541090564 125 124 118 3.26
823 0.8120753466638271 -0.256712268633643 0.3606275348146197 106 107 98 3.43
824 0.8185995737343128 -0.2508504596816326 0.3571055239447337 130 127 119 3.5
825 0.7429127977792311 -0.1972759117558111 0.4692550977967029 115 111 101 4.71
826 0.8492751199817411 -0.2675918368603848 0.2973403663093799 92 91 80 3.3
827 0.7487490740054233 -0.1935151891090127 0.4599113065236068 115 115 113 4.6
828 0.7758728270540745 -0.2121043219362188 0.4076832713661968 145 145 138 3.88
830 0.6599227937642604 -0.1355293513656217 0.575853561107742 131 126 121 5.25
831 0.6885852526325531 -0.1625439538873868 0.4976321608250729 145 139 130 4.95
832 0.6238198250444708 -0.1164258337873334 0.5909043132192167 54 54 49 4.48
834 0.7383347553610967 -0.1951504663841231 0.3593408940803797 73 71 64 1.92
835 0.7383347553610967 -0.1951504663841231 0.3593408940803797 73 71 64 1.92
836 0.9195802585602232 -0.2950873581556147 0.1185513807943857 125 123 115 2.4
837 0.7000573074753484 -0.1301213456948536 0.5252265083516149 142 139 126 6.22
839 0.7874371470142412 -0.1682008290736994 0.3946081187031719 57 55 50 4.93
840 0.7949134135640502 -0.1658094862607639 0.3912127283590725 165 163 155 5.34
841 0.7449832222998347 -0.1382961622998698 0.4600361937419102 119 117 110 5.85
842 0.8835388912087963 -0.2046132995921185 0.2736431714284322 88 92 88 3.87
843 0.6546365283406906 -0.1343966289461779 0.4005758628349168 114 115 107 2.55
844 0.6370792764448934 -0.09112385335341877 0.5577501093381929 105 102 92 4.9
845 0.7704821891088071 -0.1398971555024262 0.4270826449385663 118 114 107 5.84
846 0.9001096723050483 -0.2006181394242342 0.2590751156089797 62 59 54 4.2
847 0.8146201387057449 -0.1550168514684779 0.3644206232152409 130 125 111 5.25
849 0.8177803280113736 -0.1514396544259197 0.3620244602027146 121 118 105 5.37
850 0.7825695768543981 -0.1365011965611033 0.4003799675494436 119 118 108 5.69
851 0.6320820493208286 -0.09819576117751788 0.4764859820582636 152 153 151 4.54
853 0.8333714710348779 -0.1430011301508098 0.3443448787434517 73 70 61 5.44
855 0.9148805123731517 -0.1699673668756583 0.2494409659293932 108 110 103 4.7
856 0.6859776360853418 -0.130223028957717 0.2926520532913475 102 98 81 1.83
857 0.6859776360853418 -0.130223028957717 0.2926520532913475 102 98 81 1.83
858 0.9149808232204758 -0.1640462825996456 0.2414651509229274 65 64 54 4.68
859 0.9149808232204758 -0.1640462825996456 0.2414651509229274 65 64 54 4.68
860 0.9406433931035646 -0.1710264161717701 0.1982236492521222 82 78 66 4.19
862 0.6757261195329518 -0.1100487387177554 0.3157801677336161 106 98 82 3.01
864 0.6512602278608204 -0.07118535299760817 0.4596576238977138 95 95 88 6.14
870 0.673251121094032 -0.06227262213398516 0.3476044421617944 96 94 82 3.28
872 0.6592766428636162 -0.05190301394250616 0.3769125120701671 103 101 90 3.2
873 0.6903211411295314 -0.06134196074565647 0.2815582251964884 106 106 100 4.46
874 0.6385480341380878 -0.2239804444264563 0.5508505673564177 157 154 147 2.54
875 0.6497275640113561 -0.2298232191418262 0.519015800108577 112 109 104 4.44
876 0.6798137358734226 -0.2759740108544561 0.4093496112421858 140 143 135 3.26
877 0.6370922668434591 -0.2427800712728211 0.3844403139397716 64 63 58 3.64
878 0.7507212637333346 -0.2428893441211794 0.461448316309685 99 93 84 4.02
879 0.6669913685116783 -0.1999095825663663 0.5185484937580472 102 94 79 2.51
880 0.6337123480621232 -0.1799455961935543 0.5429084475123905 55 56 55 4.47
881 0.7019218895803314 -0.2412170372469397 0.4131929815746667 101 98 93 4.04
882 0.7469252307472856 -0.2252885640939473 0.4651594518628594 110 110 102 4.28
883 0.7267955925327007 -0.2370073226838734 0.3902794829199032 90 86 76 1.73
884 0.6668138549680438 -0.1938709333159269 0.4747550192817737 134 130 120 4.53
885 0.7038595899672884 -0.2420217002208732 0.2949447026678463 140 137 129 3.66
886 0.6870681609918359 -0.1957810521476537 0.4213431758623877 93 94 88 2.56
887 0.7532672570363278 -0.2674351521635508 0.187924975701378 109 106 94 3.5
888 0.8239174266728418 -0.293176123924521 0.1350034381294916 117 115 109 1.02
889 0.7660671260273778 -0.2466875539735946 0.2348924890233315 116 111 101 1.02
890 0.7631700261985592 -0.2600734023853589 0.1792397119827263 78 79 73 3.42
891 0.7893200899455425 -0.2136434560111208 0.3225246554806435 110 110 102 4.57
893 0.6285951244697915 -0.13159540557879 0.4830728968822097 161 161 155 4.55
894 0.6285951244697915 -0.13159540557879 0.4830728968822097 161 161 155 4.55
895 0.6630282651354555 -0.1191911196942281 0.5452831077446967 140 138 133 3.33
896 0.7011282042314453 -0.1896309666034421 0.2739072790489497 154 154 150 4.39
897 0.6329495041866392 -0.09699220606031636 0.567826494614925 137 134 122 4.65
898 0.7429985262307172 -0.1359625635340852 0.4626791053050046 129 126 120 5.93
899 0.8816362047508612 -0.2033213210939661 0.2590811836418291 71 73 65 3.69
900 0.8570505728994819 -0.237309095688471 0.1028788854752453 133 133 129 0.87
901 0.629217130278824 -0.08324657360358262 0.5814885120102492 124 117 106 4.52
902 0.7351489041013147 -0.159580084083461 0.3261790291636009 135 132 122 1.61
903 0.6941381840062197 -0.1180120181103909 0.4478464944286372 150 143 129 2.52
904 0.7819289797556527 -0.1307253839564616 0.4087043509716277 99 96 89 5.76
905 0.6694346851660542 -0.1262648913336635 0.3437584902224251 118 108 90 3.09
906 0.6963216546740389 -0.1082947491190633 0.4262750384503529 115 112 101 2.32
907 0.7614005638431603 -0.1445448592333931 0.2910911579422343 93 90 82 1.59
908 0.7614005638431603 -0.1445448592333931 0.2910911579422343 93 90 82 1.59
909 0.7010234425200395 -0.1092815491336346 0.3851939414173839 122 121 112 2.52
910 0.6572753556630605 -0.09880675204247236 0.3937836214116623 92 91 85 2.29
911 0.6968555686298556 -0.08228530796999475 0.4789165578413053 148 144 129 1.95
913 0.6926493089251806 -0.1151251696768178 0.2670862873728821 129 124 111 2.74
915 0.6660769649975683 -0.06524260653845373 0.358726046091713 123 117 103 3.2
916 0.85552336634431 -0.1065161917007719 0.1951580096771599 120 120 113 2.14
918 0.6823890001489183 -0.2539455745420195 0.5076255474328808 156 154 145 3.71
919 0.6552129709327614 -0.2188943529808925 0.5747010749478259 157 160 154 1.93
920 0.6856431527058489 -0.2552747470060786 0.5000825319788407 153 152 144 3.71
921 0.6617497546880849 -0.2437586900295748 0.5040538948972242 154 150 143 4.28
922 0.6493757830845766 -0.2382780811404078 0.4752635303167759 72 70 68 4.52
923 0.6996697504272861 -0.2604499197723228 0.4455411621902016 165 163 154 4.23
924 0.7026845235888972 -0.2617013028260133 0.4375852092828749 152 150 143 4.31
925 0.6722487191935125 -0.2243742024866686 0.4579841276577632 102 98 90 2.93
926 0.6607254518451474 -0.1954836746965789 0.4783401921717884 95 94 89 4.54
927 0.6747698838540683 -0.1836447972299881 0.480286087122329 113 107 93 3.23
928 0.6722310764491716 -0.2049454939923568 0.4054344637565242 64 63 60 4.44
929 0.595996236706162 -0.1709293529954631 0.4470988117296242 55 53 46 5.31
930 0.6940619100064308 -0.1570619741338669 0.5448721063522672 137 135 129 5.81
931 0.6831859029917906 -0.1312430782969027 0.5649983754775598 125 127 125 1.25
932 0.6371037240786809 -0.12051609958735 0.5362248211585213 99 96 87 2.57
933 0.621631576089992 -0.1151061700966396 0.5431823400596094 94 92 86 4.15
935 0.7006492497028424 -0.1568482208550978 0.3896662905484669 139 137 131 2.89
936 0.6890889868692452 -0.1350992635355195 0.4643231636967329 80 77 70 3.41
937 0.717603671558491 -0.1885200261845912 0.2701355234849494 87 84 72 3.09
938 0.6976257400710028 -0.1390839165945375 0.4033338243208741 90 84 74 2.47
939 0.6509404641279189 -0.09517095767790087 0.540802050242261 87 85 75 5.5
940 0.636774469283398 -0.1298825778396109 0.3905615605433516 102 98 90 3.5
941 0.633294938924244 -0.0798227744144181 0.5317983189119152 46 44 32 4.86
942 0.7641150588652403 -0.1301697266230687 0.3259331062945309 97 97 90 2.49
943 0.7113777335960632 -0.08519267211044945 0.4343119367961911 146 140 122 2.2
944 0.8511398178359574 -0.1531632283123516 0.1595668752650106 54 54 48 1.08
945 0.8559554631001948 -0.1521855543652856 0.1499323805496436 102 98 86 0.98
946 0.6621000748262676 -0.08757047730230044 0.3385344076511829 98 93 83 2.11
947 0.6270045013611204 -0.1929612723653529 0.5671556984337768 69 69 64 4.55
948 0.6783564478377884 -0.2696967962563219 0.425194460166216 63 61 57 3.18
949 0.6742660929606049 -0.2353042717263558 0.4636007116395883 142 139 129 2.98
950 0.6926485637576513 -0.2109522484112999 0.4655776277325812 122 122 117 3.91
951 0.7051256618655848 -0.1948343347681699 0.4971532873392632 126 122 113 1.52
952 0.6446152574709378 -0.1835632519929158 0.4665096711172693 107 103 93 4.29
953 0.5722223196824678 -0.1208540972101693 0.5959999921357431 100 105 106 1.08
954 0.7098514317607488 -0.1692138970169409 0.5108295476133098 154 153 148 5.59
955 0.6403353562183531 -0.1456190544469022 0.5366327799703766 29 30 26 3.86
956 0.7379933896719131 -0.236947397721942 0.2992605682134042 68 66 59 1.1
957 0.688091059975978 -0.2164630799095268 0.3351054470248792 72 69 62 3.59
958 0.653528915380581 -0.1197672962813424 0.5742575180584973 129 127 119 2.89
959 0.6848049946391195 -0.132957457837419 0.4969193274090596 111 109 103 3.14
960 0.6869113099840309 -0.1335342358191563 0.4964323976916543 104 104 98 2.98
961 0.6387589071128272 -0.08687706559088915 0.5078352878095959 87 83 73 4.78
962 0.6576477022037195 -0.09440575601599271 0.284690960721349 119 115 106 2.33
963 0.6603064268547106 -0.2419403877770235 0.2977683064906532 102 99 90 6.34
964 0.7179567161629539 -0.2302945770679208 0.3277396403373412 83 81 73 1.42
965 0.6333516201869593 -0.1257960041832414 0.5692122445464234 151 150 148 2.93
966 0.5031695610239428 -0.09690323808053747 0.5670171175525418 79 83 83 4.7
968 0.672532387022175 -0.2527017126481849 0.4147771561201578 138 138 130 4.88
969 0.5047207458843063 -0.1276427821576048 0.6183455553345795 27 26 25 3.13
970 0.6402487761195352 -0.1796321671990031 0.4821866256299464 161 160 155 4.09
971 0.6853195696653919 -0.1612982550738403 0.5071359931306301 84 86 81 2.14
972 0.685791510761402 -0.1852507921927464 0.2759569658076642 70 66 54 3.96
973 0.7536537404713877 -0.2394270053938984 0.4548988128052243 127 123 115 4.49
974 0.914830598800165 -0.3567376934989703 0.08386257944036157 147 146 141 2.59
975 0.8054187791838021 -0.2332109550708522 0.1403934445926167 28 28 24 3.62
976 0.6343087927591995 -0.119933562334214 0.4532699357787298 102 98 94 4.65
977 0.6776793258327838 -0.1213572000838445 0.3152924724565407 89 85 71 3.76
978 0.5521517636025003 -0.1285092652644892 0.5256784435063835 117 117 109 5.12
979 0.6191380609872587 -0.1823187812938825 0.6208202296264499 126 124 121 3.42
980 0.6088999713419578 -0.1676734370267877 0.6179286279170599 127 126 122 3.15
981 0.6077346847197407 -0.1248851137791796 0.6258671275183105 131 128 120 3.76
982 0.6228583230883966 -0.1074628688839308 0.5946020090892693 116 111 102 3.46
983 0.7759038818976873 -0.1465828208069823 0.2790631181225317 67 65 57 2.89
985 0.6405569623626113 -0.1183022736912157 0.6206102749271691 92 89 82 5.19
986 0.6238358412663365 -0.113319303574366 0.5117848321853994 83 81 81 5.48
987 0.5756654216699678 -0.06234843390354106 0.5842783954705189 79 78 74 4.14
988 0.774673055823038 -0.0692606677459858 0.3653393835853188 60 66 66 5.02
989 0.4551517718162342 -0.1570051149262759 0.5497850253269885 67 68 65 4.68
990 0.5757328488251241 -0.06066136295809987 0.6484133359245358 36 34 33 5.51
991 0.6651471543960067 -0.1869674070311785 0.4807859135422007 102 94 83 4.55
992 0.4732984214178239 -0.1047461595686586 0.6838197505283803 28 32 39 2.21
993 0.5087490137094335 -0.09828492596714533 0.6361505490182929 83 90 96 4.67
994 0.6084524072546788 -0.1723636923509535 0.6690609793783362 116 109 99 2.12
995 0.6794882043461059 -0.1705903980916055 0.4710000052344302 123 113 93 1.78
996 0.6007431354698096 -0.1029444900296438 0.708550249149185 75 74 66 3.9
997 0.6838674879911797 -0.1305375428084844 0.4930963811804961 147 147 142 3.12
998 0.7077325577116922 -0.1025098263696659 0.3885478576717317 91 84 69 3.34
999 0.627212252150354 -0.06565525966561989 0.573977989908773 108 101 86 3.9
1000 0.6130892679578911 -0.1526048978989331 0.5826591823005761 31 33 30 1.58
1001 0.5337642062340798 -0.1063956628574754 0.6405729286268907 133 130 124 2.48
1002 0.5528485614398918 -0.1143895523289051 0.6303279699469158 47 46 46 3.97
1003 0.6147825526262651 -0.1305836152279186 0.6049876700625276 107 107 100 3.97
1004 0.5742007360921916 -0.121235104782104 0.6628232306256844 98 96 88 4.03
1005 0.6155755830393616 -0.1108035955345425 0.6156492882459 116 111 98 3.32
1006 0.6518878242761145 -0.2579724185708607 0.4058264295433265 188 182 168 2.22
1007 0.6722208218716466 -0.2465618274306073 0.412970710918836 126 122 108 3.17
1008 0.6136792179186351 -0.1745610473869921 0.6247956680096252 105 97 90 2.22
1009 0.7124039742832348 -0.2347233956088295 0.4383256318754813 76 68 57 2.76
1010 0.6293183885776656 -0.1500186757589632 0.5789723875282652 123 125 124 4.13
1011 0.6258848752165121 -0.1031110421417847 0.6111909391909306 156 146 117 2.54
1012 0.6258848752165121 -0.1031110421417847 0.6111909391909306 156 146 117 2.54
1013 0.5971880621236165 -0.0980827418294212 0.6115680504772129 86 78 59 2.74
1014 0.6118270837103768 -0.09092497540496439 0.6195752505593437 109 103 92 3.77
1015 0.6634980444603997 -0.1102979745032134 0.5169551333809208 152 147 123 1.05
1016 0.6693514011701157 -0.1431271611258609 0.3220493912080791 93 88 74 2.75
1017 0.6914312840447365 -0.1267776418195333 0.3861067974510136 108 102 89 2.47
1018 0.6698917290804124 -0.1268864635549494 0.3473960273155868 114 101 80 3.2
1019 0.6888506791440703 -0.09549537194752489 0.5125624812837473 139 134 119 4.68
1020 0.6888506791440703 -0.09549537194752489 0.5125624812837473 139 134 119 4.68
1021 0.6595272787132461 -0.0927704863902814 0.4625485965429959 126 120 106 4.97
1022 0.6897316818429892 -0.06448428656247743 0.2756958653159978 89 84 76 6.06
1023 0.6446100292812531 -0.2256410189395249 0.5677244393354133 123 122 113 4.29
1024 0.6154801523184007 -0.1432548992295476 0.6202675268003339 122 114 103 1.84
1025 0.6451455857035838 -0.1183100856234434 0.5046571191449892 141 138 127 4.29
1026 0.6445655928330741 -0.142069681308134 0.3737947719996356 94 92 79 3.97
1027 0.6792256471347703 -0.1244536621395091 0.3357730080589459 128 122 107 4.92
1028 0.6592026540102178 -0.05438366451188423 0.3735956627476972 96 94 84 5.93
1029 0.6478852024050904 -0.1112324113078826 0.4930409791243227 121 116 102 3.05
1030 0.6999646747613699 -0.08932351366953992 0.4700976111013264 65 61 54 1.6
1031 0.6223217312556379 -0.1904068971300722 0.5695410894702185 111 106 98 6.41
1032 0.6533556504434298 -0.03467007655978823 0.3552678283269343 78 73 63 3.49
1033 0.6778593603713617 -0.1138280582332317 0.3150493144941497 126 120 113 3.94
1034 0.6816099600471955 -0.1407393637442905 0.5051216425096483 142 142 138 1.19
1035 0.7235144872629502 -0.2581521330243502 0.5019069084418409 89 84 76 6.6
1036 0.6676489000585902 -0.222220361658013 0.48287242482955 107 102 90 6.21
1037 0.6858029860386857 -0.2904364491270076 0.4059795224348236 175 176 170 4.81
1038 0.7237489091954006 -0.2524328613201109 0.5009798705688218 116 113 103 6.8
1039 0.6358108283946435 -0.1827141964031885 0.6521728605900203 142 135 127 3.53
1040 0.6755571627206021 -0.2369323072128439 0.4414220381445178 145 146 143 4.44
1041 0.6797647389622804 -0.2281258321036833 0.4245687883476775 72 69 59 5.79
1042 0.6585517990712084 -0.1793891301451585 0.5456072041973977 123 118 107 5.75
1043 0.6755197916378749 -0.1665428101569917 0.5353674123243937 155 147 138 5.13
1044 0.6475220572155259 -0.1496981222893821 0.5453651446708572 132 134 130 6.15
1045 0.5941123144609016 -0.1038984297421213 0.6666788430320825 62 56 48 4.58
1046 0.6618020957251777 -0.1064206195302654 0.620014245976601 118 111 97 5.03
1047 0.5927875587964342 -0.1075734366452785 0.6669708679634042 65 64 58 3.93
1048 0.6708647026429287 -0.1283761238378314 0.5872209137504751 125 124 118 5.21
1049 0.6782730520248934 -0.1314368126678723 0.5541482442024832 105 104 98 5.41
1050 0.6637726801753998 -0.09693980007049027 0.6243823176021597 126 119 109 5.16
1051 0.6524099933679937 -0.2342539112186798 0.5238104459864665 90 89 83 4.63
1052 0.6035912886493006 -0.07654978899886664 0.6616900497536845 90 89 83 5.14
1053 0.4890936716319543 -0.09705806417593324 0.681847331393751 115 121 123 4.73
1054 0.653374514946147 -0.173594250665576 0.5804142291640317 153 154 149 2.46
1055 0.7316777570136055 -0.2196020229252729 0.1897757143217585 105 101 95 2.97
1056 0.5838449666585109 -0.1010638436751405 0.7021385565403208 100 97 94 4.85
1057 0.577597137380528 -0.09599794493163566 0.7095237610829618 57 51 46 4.17
1058 0.6041673542220481 -0.1088371386488967 0.6106164530922327 91 86 78 3.61
1059 0.6690648411679412 -0.08425072367138725 0.3396422536405213 58 59 54 3.79
1060 0.618995613796157 -0.1097310621635295 0.6420609728297791 90 91 90 4.93
1061 0.594229417714864 -0.06718932104946376 0.6862526653097171 117 115 110 4.67
1062 0.5893075096692688 -0.1300911293761902 0.5326594613265407 54 57 50 3.86
1063 0.645365415212846 -0.07979780406158501 0.6673701065807274 84 85 80 1.44
1064 0.6366753799802946 -0.2152120437969705 0.5823168801292719 148 149 143 2.16
1065 0.6258795243906554 -0.1485404076323243 0.6516916276696212 120 121 117 2.81
1066 0.6834898352368969 -0.07040976638771848 0.4391975603153467 47 48 38 4.75
1067 0.6418749418300266 -0.08344010576973021 0.5736392188027412 109 106 94 3.86
1068 0.6537721950359623 -0.245959183905689 0.5027240426459719 158 159 154 3.83
1069 0.6364184994072143 -0.2012073007597388 0.5630753411187326 111 108 98 3.36
1070 0.5997164167171467 -0.1264680070293252 0.7019329222778405 86 85 78 2.85
1071 0.6004999373190291 -0.1225448972702227 0.7038989332133668 136 136 134 3.06
1072 0.6002528634535136 -0.1018159541925275 0.6982843352332582 93 86 77 3.29
1073 0.6226677579040223 -0.1220878004434487 0.6105133171933437 165 165 164 3.82
1074 0.6187640072557621 -0.08609736572931431 0.6087172202569665 149 148 141 3.62
1075 0.6724961669021043 -0.09121249493942121 0.3887608588158242 131 133 129 2.69
1076 0.6467102876197522 -0.05284194581349199 0.3640219414876605 142 137 127 4.73
1077 0.5696831246575743 -0.1878400983457212 0.5142829598416114 98 94 88 3.98
1078 0.6312345531194131 -0.1329751898602093 0.478169508175903 112 111 102 2.71
1079 0.6869274118160243 -0.1632058303760832 0.2748812635311867 104 102 90 4.04
1080 0.6718038556748147 -0.08295015069379041 0.4238080814337122 120 120 114 4.14
1081 0.5943398963812802 -0.08519378711359629 0.4185866773432769 94 88 76 4.08
1082 0.6890341743409093 -0.2848502377483424 0.4018923966338661 106 110 103 3.93
1083 0.6134787499269918 -0.07965086685865458 0.6739955810136031 127 129 127 3.29
