# Image list with two lines of data per image:
#   IMAGE_ID, QW, QX, QY, QZ, TX, TY, TZ, CAMERA_ID, NAME
#   POINTS2D[] as (X, Y, POINT3D_ID)
# Number of images: 143, mean observations per image: 486.343
258 0.9943634955041568 -0.013664869053514321 -0.10339965210885352 0.01905297414505374 0.22167180208861978 -0.09262226805676603 -0.4622320281377134 258 image_000258.jpg

322 0.7001335980047569 -0.17446239917691267 0.09640914783124657 -0.6856246154582549 -0.45299696098041087 -0.1346990917281224 -0.7189587848673473 322 image_000322.jpg

132 0.9810385303036517 -0.05021234372640953 -0.1812763666375518 0.046701099001793665 0.5651969120537086 -0.1631293833941453 -0.5972284086637216 132 image_000132.jpg

354 0.9645701955053957 -0.06992988511206664 -0.243416629690152 0.0739087186151516 0.5909619250390582 -0.15048419111451833 -0.49483190860940296 354 image_000354.jpg

303 0.9977085111332743 -0.06457624187579579 -0.01997498769994913 0.0029387062833022 0.18187163923236416 -0.2515987803963983 -0.8085687229131385 303 image_000303.jpg

179 0.9493857174628243 -0.02689845169456909 -0.3022790154151969 0.0810594566609749 0.6701862271322747 -0.08256560403789698 -0.4330609196302906 179 image_000179.jpg

154 0.9496507354577487 -0.0113178095537784 -0.30847062957726745 0.053677539952633475 0.627883252881791 -0.06592836565938943 -0.33681430053055705 154 image_000154.jpg

382 0.9943063547849151 -0.08383564757689252 -0.06427534294461089 0.013969407820219359 0.1788443160583223 -0.21457907391780162 -0.6003056976567063 382 image_000382.jpg

287 0.9918767486125256 -0.049676689543082055 -0.11284021655533084 0.03130234785008426 0.17617450379099917 -0.15477923938156452 -0.551423234079597 287 image_000287.jpg

32 0.982107838294612 -0.031174611258000483 -0.17889029806566042 0.04990592129634262 0.3584103740951391 -0.11324996329347664 -0.49983865489846846 32 image_000032.jpg

293 0.956230838154005 -0.061219225299334996 -0.28036681911281064 0.057177165247559815 0.5990350238663855 -0.11150316873589772 -0.34683960643862904 293 image_000293.jpg

71 0.9725545027338305 -0.08746979372316556 -0.21127774861109946 0.04299398343858377 0.5605294154343218 -0.25620798843752524 -0.6696032137148727 71 image_000071.jpg

72 0.9967508302552431 -0.019973021265047745 -0.07797208785537287 -0.003036934726498255 0.22496353322938412 -0.10323893740075837 -0.45222042593236594 72 image_000072.jpg

123 0.9973217062036633 0.008497701055470003 -0.07259577606890757 -0.002655282669634028 0.06456123795113491 -0.03989767262759622 -0.241609836563021 123 image_000123.jpg

95 0.9971656007782485 -0.07320960780080905 -0.01672844901023494 -0.004613473497237192 0.002183029949803905 -0.14081862668386752 -0.4365214131299972 95 image_000095.jpg

514 0.9994782133145383 0.010022880214774366 0.030620259907547055 0.0022885460934377005 -0.040624148081962394 -0.053511335281700344 -0.3198052128207801 514 image_000514.jpg

264 0.9966756374049757 -0.062223048576604954 -0.04260929592597362 0.03082860472536622 0.1447395202411665 -0.2207166410880524 -0.7327498683563567 264 image_000264.jpg

314 0.999548173644455 -0.02145368129589196 -0.019837764935451828 0.007046709481161628 0.051604565395746135 -0.04382595786271031 -0.23298530019469038 314 image_000314.jpg

460 0.9976255250800553 -0.008994965864640296 -0.06774314376761098 0.008559605937197956 0.11416792359083273 -0.07368784322049293 -0.3788997247291045 460 image_000460.jpg

400 0.9988109633519234 0.032936971934135 -0.0357589821796744 -0.0036194376366632825 0.1497158286518987 -0.02124330977442488 -0.1475882480380858 400 image_000400.jpg

90 0.9998411117486765 0.0009004155697927116 0.006713176918375284 -0.016488493926184674 -0.02436414628409351 -0.023246659546291654 -0.1291015625175457 90 image_000090.jpg

37 0.9972314696962896 -0.07217616887542266 -0.01746431706504126 -0.003872683651740285 0.08996107528504918 -0.1854616242518673 -0.5585264945268558 37 image_000037.jpg

319 0.7352886299965752 -0.1756124318296332 -0.016546921336823853 -0.6543982915132023 -0.37679748052325757 -0.4479469848254933 -0.8990016198833208 319 image_000319.jpg

46 0.9618861558152282 -0.045900480995166276 -0.2677020171815483 0.031682666580335 0.502131314233403 -0.1571449360018224 -0.4954816464038868 46 image_000046.jpg

189 0.9999132848290148 -0.004110711344499875 -0.009253758754799932 -0.008419395398564334 -0.07800676841827753 -0.0711616192417505 -0.4378458377138519 189 image_000189.jpg

386 0.9999203418084454 0.010944573335184926 -0.005768335254099925 -0.002502573438105744 -0.027940494672963907 0.003233880091352401 0.00022262648055775078 386 image_000386.jpg

506 0.9990323002442231 -0.017855111137131598 -0.03993365436856555 0.004578096562195774 0.0199163551065126 -0.07443559221737542 -0.3355964518113642 506 image_000506.jpg

375 0.945554794317643 -0.06868021484772578 -0.30781442217674787 0.08037057261788828 0.7004039698203937 -0.13472950040722564 -0.4138602107024223 375 image_000375.jpg

25 0.9617368415049404 -0.09477738631922523 -0.24864267330310344 0.06524049203403258 0.573145864882302 -0.22494872660398912 -0.5748619676203925 25 image_000025.jpg

329 0.9863435730893083 -0.036669480278625724 -0.15366260297972484 0.04657811187877924 0.38064498146408454 -0.12005233421970045 -0.5110235308239187 329 image_000329.jpg

372 0.9499474787781225 -0.027307994946785943 -0.3041647544755122 0.06586237297359943 0.6129949004170638 -0.08309815633893823 -0.34223991781846197 372 image_000372.jpg

340 0.9498627052959961 -0.12343375363322028 -0.2444590269204139 0.15087984908758892 0.6412580156680556 -0.18081425707974053 -0.5470721751886668 340 image_000340.jpg

523 0.9718590609878452 -0.05575369136435139 -0.22662546275666534 -0.03197474291415689 0.3071766659778875 -0.1422604384556449 -0.3228405527204925 523 image_000523.jpg

409 0.9904967050834165 0.00288655175791461 -0.13599539508321512 0.020327016760963663 0.2331054696413489 -0.08254977149475283 -0.4870311764042368 409 image_000409.jpg

176 0.984916909634039 -0.03018439898557244 -0.16392353619810535 0.046439904400164225 0.31393159119660996 -0.08927975600676867 -0.39484433024290894 176 image_000176.jpg

323 0.9933839119158144 -0.03533167546037964 -0.0946334619392843 -0.05463135418337915 0.2864064333455635 -0.266330332062369 -0.9488860672545961 323 image_000323.jpg

342 0.9955100080568325 -0.038712850480407644 -0.0834032647375178 0.02247335425301323 0.13821082385838093 -0.1272639790804355 -0.48810785601080614 342 image_000342.jpg

479 0.9972223156429008 -0.04842535645925421 -0.05550022911438239 -0.011061319974841924 0.11615046988224842 -0.1398872413676414 -0.4863879398437824 479 image_000479.jpg

361 0.9617662793640607 -0.09466338661809474 -0.24860016603534835 0.06513374363246165 0.5729594659727866 -0.22475455983401882 -0.5750189481998489 361 image_000361.jpg

341 0.9761248582243579 -0.04384236112956621 -0.20652382404788816 0.05104920271989434 0.4180636667937737 -0.13442611811091923 -0.481098786375019 341 image_000341.jpg

434 0.9907978963091999 0.008868151565546108 -0.13384119381184026 0.018094985639897206 0.20530002832286254 -0.0712767213892329 -0.4587180117901997 434 image_000434.jpg

449 0.9852248427808009 -0.01867081239328633 -0.1684349985797855 0.024760378276756794 0.216857300384457 -0.0773900750417186 -0.3538336386515198 449 image_000449.jpg

330 0.9935747927506278 0.01057502832690763 -0.11149530530070616 0.01631273493570045 0.23406881698925924 -0.10054292051875545 -0.6393470497622676 330 image_000330.jpg

461 0.9992027465932236 -0.03357073881006022 -0.020701141945870825 -0.006192126166388346 0.06101085243199518 -0.04929264382018785 -0.19345757166526895 461 image_000461.jpg

309 0.9477909340321753 -0.03423746017676845 -0.30809516021695516 0.07481650034869636 0.6548797720529009 -0.07249397605628582 -0.35441427231126854 309 image_000309.jpg

152 0.9808101076971839 -0.017976961300114763 -0.1866929300472525 0.05323639839060472 0.327416776739033 -0.08386182703600117 -0.4227553499118164 152 image_000152.jpg

317 0.7236988107200474 -0.2506309175328429 0.010212782016882747 -0.6429151389301677 -0.5417381972941233 -0.5539833706687969 -0.8697320617283015 317 image_000317.jpg

4 0.945521231003059 -0.09907738489683106 -0.2985132096615133 0.08404242640776706 0.8185878989919723 -0.2477006419804735 -0.5927251898734984 4 image_000004.jpg

325 0.9438818971761335 -0.06450373772958112 -0.31231469626209807 0.08594058759241316 0.7526778261142935 -0.12057704329012241 -0.4111885804591856 325 image_000325.jpg

404 0.6718293160182355 0.08647589596044171 -0.15337949844231033 0.7194734349363536 0.1748646500314278 0.5465535240836648 -0.62956289173107 404 image_000404.jpg

216 0.9848846450890992 -0.01551341492153009 -0.1707206636899167 0.024819731429759052 0.2694907898557938 -0.10223844554204656 -0.48636559130490836 216 image_000216.jpg

425 0.9998588230605693 0.0009878515934823328 0.00324546821444021 -0.01645669399463345 -0.023503136627553465 -0.02320330614635026 -0.13037534022214564 425 image_000425.jpg

94 0.9939982515555085 -0.023442275240636554 -0.10685472270340445 -9.799157756114522e-05 0.15994068377890605 -0.08780228287551332 -0.38983269859033653 94 image_000094.jpg

190 0.9861752104909544 -0.04393469345443961 -0.15549891519937697 0.036718911016222634 0.29151253678555433 -0.15867531810477487 -0.5900483713891993 190 image_000190.jpg

191 0.9828270171996584 -0.05218216319722956 -0.17035112459504917 0.0480477043479882 0.31218497511939414 -0.1633998738788512 -0.5781824531770771 191 image_000191.jpg

311 0.9866526378445782 -0.0798368613295288 -0.13874104721135605 0.02989277185840005 0.2540293294150664 -0.1712077162430427 -0.49647570174893874 311 image_000311.jpg

80 0.9941174793486098 0.02742017685797537 -0.10463714091841785 0.005444302637822208 0.28990023342489424 -0.08999301800912995 -0.3763074491896756 80 image_000080.jpg

106 0.9755418454922368 -0.011019716292595187 -0.21877068458528054 -0.018332104505458427 0.41177941588158673 -0.14965258450274666 -0.6079560222984702 106 image_000106.jpg

47 -0.04160670453458472 0.1817532448532994 -0.04045174796026291 0.9816304120120627 -0.3268170169237187 0.17050037582433625 -0.6495469840466439 47 image_000047.jpg

343 0.9966251301832074 -0.04810089239966981 0.0661220278367857 -0.007248400775021662 -0.23455998023048696 -0.1206707035361934 -0.5247641570332326 343 image_000343.jpg

249 0.9853124586835621 -0.005548047634154856 -0.1695117270196104 0.019858168372443 0.31620321879046726 -0.1090155917956036 -0.5814141114473398 249 image_000249.jpg

39 0.9837823320004534 -0.03998309364264623 -0.1718763700258006 0.032127938837354826 0.2828311829724292 -0.11098456404418958 -0.4186871698361243 39 image_000039.jpg

89 0.9990561925003875 0.00541284617941556 -0.042870360906714804 0.004422357000700272 0.033302207924120766 -0.020614235316953274 -0.17909493668311433 89 image_000089.jpg

520 0.995216031834637 -0.0049307149034175796 -0.0655914075969927 0.07223917089435847 0.1508955584475952 -0.1117528452827732 -0.6664312112655539 520 image_000520.jpg

77 0.9997959716891335 0.004441562191900425 -0.014817264493919291 0.012990257727883278 0.06999077865808653 -0.049624671957892115 -0.2971389168021327 77 image_000077.jpg

126 0.9908856814703176 -0.06928525332522503 -0.1150444144655838 0.010483054502306929 0.21653797815527398 -0.2302487409052231 -0.7063251876147975 126 image_000126.jpg

521 0.9850363506809073 -0.014391626409126517 -0.1690671051384691 0.030208982072370903 0.0824315111291419 -0.02674221221193665 -0.18701754458450146 521 image_000521.jpg

61 0.9957236026883989 0.014941341310118313 -0.09115074172483213 0.0016755862717875549 -0.015934375551294563 -0.030610942024551252 -0.16304988256303315 61 image_000061.jpg

143 0.9947382116057891 0.02217773682539169 -0.09948733479247115 0.010311003353046012 -0.03369808488098157 0.015553280617463994 0.14772876957429568 143 image_000143.jpg

53 0.9896764271739891 0.0391359882350361 -0.1376222880315517 0.008310447769418352 0.017336719529995055 -0.019368648978881874 -0.1702072464664167 53 image_000053.jpg

115 0.9757370419603615 0.013822315609251637 -0.21848116073159252 0.0034875400269249505 0.17536309567757713 -0.026405839342120985 -0.0773762224054058 115 image_000115.jpg

302 0.9992575044269797 0.009329519465422369 0.017645995917148268 -0.03295473335147093 -0.0226551521708728 -0.032467350782321665 -0.4943997918041972 302 image_000302.jpg

20 0.9958472157745998 0.01185665609339831 -0.09010818738195281 0.005315039289850781 -0.03293322704186257 -0.005821315893647785 -0.05045788814059331 20 image_000020.jpg

268 0.9839770101624332 0.03344494223459283 0.17380644920800714 -0.021494163696075298 -0.46342687827872175 -0.03563512359346676 -0.4110882671484156 268 image_000268.jpg

17 0.9953755753498228 -0.0067167984273375884 -0.09548252438825756 0.00808921001502089 -0.029516007110178204 -0.009136917906334628 -0.06382470641398776 17 image_000017.jpg

473 0.9700298213922195 -0.031598682825352484 -0.23676872054658482 0.044544776195298265 0.5546005087066443 -0.1074137671852593 -0.4218568956750297 473 image_000473.jpg

487 0.9987076861445919 -0.05037487743123375 0.0035622475132988723 -0.00571260496130162 -0.11575905980031145 -0.13006216822199718 -0.5033662332238238 487 image_000487.jpg

362 0.9740286912275845 -0.03393997184193852 -0.22176859209813088 0.030575779193226446 0.41074332484899456 -0.1435783053130608 -0.5937434877218198 362 image_000362.jpg

383 0.9987753435859242 0.036107210871552185 -0.033006797736871284 0.0073910975605375505 -0.00548336768537561 -0.03518345112665461 -0.31929678324438693 383 image_000383.jpg

52 0.7049096034164105 0.0360694314255207 0.004376089425302872 0.708365901591217 0.02465071478982238 -0.015713549843375356 -0.23016751798564108 52 image_000052.jpg

483 0.9882260307148938 -0.06879081816570669 -0.1366638362516871 0.0003605451388993257 0.427724794738329 -0.21528052939653272 -0.6004466185838921 483 image_000483.jpg

457 0.9904911896886167 0.002863344050979624 -0.13602594746115312 0.020394734472489313 0.2331834380269767 -0.08257907162862252 -0.4869306841434755 457 image_000457.jpg

266 0.9785461525971872 -0.17357702334931133 -0.10080774919318898 0.04643526404244745 0.3639167039946407 -0.4861188948274032 -0.8541392014682445 266 image_000266.jpg

497 0.9998704814017062 0.015681643931959477 0.003618126971079096 0.00014580058199736316 0.020137701373184255 0.0022452152774126155 -0.01751906330633156 497 image_000497.jpg

320 0.9936735554615069 -0.09256646484540029 -0.0635900655544392 -0.000796340922297375 0.07935138732052338 -0.15768010580912584 -0.40468863594024385 320 image_000320.jpg

87 0.9826715944685684 -0.1637687465739286 -0.07893245882218769 0.036138582318545366 0.29172091598222405 -0.4793337267644119 -0.8801041299455951 87 image_000087.jpg

423 0.9912991220676511 0.005615054475760134 -0.13014961527391627 0.01885714832844312 0.02320730772458496 -0.016018869606446034 -0.08616160168585843 423 image_000423.jpg

510 0.9879194040391185 -0.11193098465678847 -0.09620149128338032 0.047243856142341806 0.2272762257319048 -0.33365711262627773 -0.80436385447475 510 image_000510.jpg

214 0.9957363159303951 0.016800654897296905 -0.09048364193368477 0.0062947803847085235 -0.06322552213298743 -0.032885711294802784 -0.24760753558044102 214 image_000214.jpg

348 0.9500981293102855 0.020553818182385854 -0.3097171417800124 0.03108670435086585 0.6413170298388806 -0.0680916348543615 -0.40029776855051863 348 image_000348.jpg

208 0.999752061509712 -0.020945812755333536 -0.0030128867062124464 -0.006928649564367228 -0.18140736264404872 -0.041487010418190376 -0.1873766495528425 208 image_000208.jpg

513 0.9898462227181668 -0.0686396625457476 -0.12203312483462427 0.024514650986985832 -0.06665194566255456 -0.08027060188418216 -0.24293293923955023 513 image_000513.jpg

215 0.9815508416658206 -0.009581260011798565 -0.18874707476164654 0.028994519641440963 0.16528700397169205 -0.06538072232616018 -0.3470580869183998 215 image_000215.jpg

336 0.9852708802252002 -0.0741239617084838 -0.13889976708867957 0.06673674240005398 0.585352290016754 -0.2645745416624476 -0.8846763823013135 336 image_000336.jpg

522 0.9080846132745429 -0.0896479434668307 -0.3975842846029837 0.0962928957955938 1.0412839483657752 -0.1820900330904478 -0.42412984014950017 522 image_000522.jpg

511 0.9821473601535449 -0.1154808397522517 -0.1381744109914673 0.054392668863805456 0.30114089294518187 -0.33226081476720254 -0.7823294272383856 511 image_000511.jpg

19 0.9892462876680006 0.01689490644365612 -0.14490659578602913 0.010412275690324007 -0.02052609604516112 -0.0045218558078066766 -0.08237396846263173 19 image_000019.jpg

295 0.9618273890799958 -0.17069734510092247 -0.19675971488743038 0.08388147024419547 0.6692296339451848 -0.435396361498143 -0.7656175417888246 295 image_000295.jpg

122 0.9995885102430038 -0.002350262391933211 0.009254672559536535 -0.027048804758484948 -0.16156889765820415 -0.06653821893124597 -0.5393835365084385 122 image_000122.jpg

485 0.9977979932099154 -0.03977319407674305 0.04658975687065442 -0.02542915447673237 -0.16121671319030817 -0.049098035128298884 -0.20603591208078725 485 image_000485.jpg

421 0.998449072436711 -0.051055767747538894 0.020234537886741292 -0.009128166735004542 -0.07055230687686301 -0.1433527208413718 -0.5235005097537796 421 image_000421.jpg

8 0.9932805118489015 -0.04542924698717099 0.10415263551385939 -0.021960082288124544 -0.31520439112964493 -0.02862754121621764 -0.06595519215578718 8 image_000008.jpg

225 0.9980360911719175 -0.03646842022212776 0.048892633228839535 -0.014266368407443459 -0.13759361021475858 -0.07120949942680024 -0.5883522798274069 225 image_000225.jpg

350 0.9939309152315997 -0.011556460398515692 0.10715144162344234 -0.022053311626539996 -0.318024737305625 0.02198552628765861 0.2207791959118126 350 image_000350.jpg

318 0.6786157531903078 0.039501771960639316 0.11573304860700953 -0.724241720889117 -0.17630248350117805 0.3320902020786982 -0.9971923846786133 318 image_000318.jpg

212 0.9998078061588119 -0.014655561618311639 -0.007443138860457603 -0.010684648012555767 -0.03186774932544836 -0.041662065732208736 0.609363456145667 212 image_000212.jpg

7 0.9901772320074245 -0.08062129234344435 0.11043286325678559 -0.02922032502812621 -0.33404597271159214 -0.1483099839139836 -0.027122376778733928 7 image_000007.jpg

265 0.9698300559386177 -0.21231154782473094 -0.09815445597376722 0.06869626231699365 0.34270327359530367 -0.5129460412546174 -0.7620296605828871 265 image_000265.jpg

420 0.9835211684668466 -0.08954620810305138 0.1473523178372264 -0.05435884258225827 -0.44387984090747656 -0.16300006886772844 -0.5115196231770978 420 image_000420.jpg

3 0.9999691734679437 0.00606571285943618 0.004535275139518605 0.00206958233699231 -0.0060808859911944775 0.019492136539612546 0.7358626461058664 3 image_000003.jpg

452 0.9043792281792975 -0.1590339139168229 -0.391260357800271 0.0610061537316981 1.0108778117021484 -0.38074248174423986 -0.4480796679955126 452 image_000452.jpg

165 0.9677269786223155 -0.009942050515995868 -0.24211568338201203 0.06917840225992251 0.13358312098812514 -0.03116205389794813 -0.029858281484304264 165 image_000165.jpg

451 0.996764110771706 -0.04754861005090659 0.06435514190122207 -0.0076726558057598785 -0.2017765916381354 -0.10558179132057217 -1.0713583856443452 451 image_000451.jpg

116 0.3163481608427185 0.6545793574323879 -0.44304188123238913 0.5245604142706269 -0.5838980978984059 1.2450436076730897 1.1539421091201552 116 image_000116.jpg

516 0.9413837752480939 -0.12300097832595491 -0.2856158420068448 0.13073232746265837 0.9309845714766228 -0.28843226533573585 -0.6576265713525123 516 image_000516.jpg

285 0.9624976512909321 -0.038217412303016424 -0.25780740177263217 0.07531965374468919 0.8251857409370404 -0.1496879206993842 -0.7930226379625669 285 image_000285.jpg

220 0.8921827707259841 -0.122930967166151 -0.4057442088898691 0.15578680994811817 1.0870512587344572 -0.20443478749384247 -0.5490398474568688 220 image_000220.jpg

