# Image list with two lines of data per image:
#   IMAGE_ID, QW, QX, QY, QZ, TX, TY, TZ, CAMERA_ID, NAME
#   POINTS2D[] as (X, Y, POINT3D_ID)
# Number of images: 88, mean observations per image: 1394.920
189 0.9813292902186823 0.014059100609287873 -0.17992037722408463 0.06651189504416678 -0.024134899330566534 0.17644565394009223 0.4242371023343299 189 image_000189.jpg

55 0.9813290753489152 0.033821744978052556 -0.17984720772296806 0.059197177723550085 -0.04542647374861199 0.14520347218472257 0.3992226240551915 55 image_000055.jpg

7 0.999996448492263 0.0018478977320644584 -0.001917582789332943 -0.00011141094571618873 0.002390878218055777 0.0031858078563401504 0.011184289546153412 7 image_000007.jpg

205 0.9953286703182316 -0.01002057866459404 -0.09420447246308397 0.01859949512141526 -0.010138537030034693 0.12150336473334229 0.2762563252477027 205 image_000205.jpg

94 0.9965071686804328 -0.029565214710463895 -0.0767062201113204 0.014680843975633705 0.09683275431457082 0.15414057769356643 0.3089942657281275 94 image_000094.jpg

117 0.9289777593213454 -0.0021744762645587914 -0.19940154453755582 0.3118246473020649 -0.1521183735609683 0.16667777302296485 0.3731741091019058 117 image_000117.jpg

125 0.9961959894081072 0.08683946433199542 0.0017229885494521402 0.007034339121561882 0.15090908660875113 0.12289912649640336 0.45953714563160136 125 image_000125.jpg

216 0.9922073136296563 0.08007232170497218 -0.09527957192932283 0.005905969012671741 0.04939258228470739 0.05865915231707436 0.2147076772621259 216 image_000216.jpg

218 0.9956483472975799 0.0379567071733478 -0.07250717516610042 0.04456868733884278 0.15241555623346223 0.14754388574674832 0.40017869586626326 218 image_000218.jpg

116 0.9934477518650595 0.019158093714066234 -0.10648835248139217 0.036807270752610685 0.08367256758007542 0.11062225583660895 0.2929910991726025 116 image_000116.jpg

47 0.9939814363764695 -0.03342688014214501 -0.08935345063819644 0.05384717489242936 0.13191754746619885 0.07855702404983873 0.544070211642191 47 image_000047.jpg

161 0.9957064681574904 0.07962392424229044 -0.04719611755030414 0.0010887361497369517 0.020399069239961317 0.07333005312167923 0.27807413417782273 161 image_000161.jpg

122 0.9885732335004637 -0.12352322005336719 -0.08617431713518534 -0.006241190708158512 -0.06670324590371782 -0.2227985109663717 -0.31012001671751255 122 image_000122.jpg

86 0.9992076123658348 -0.021451184918769243 -0.03327697114096379 0.004078129668749301 0.17287861065244087 0.22565543010920663 0.4674684647007588 86 image_000086.jpg

58 0.9848729760467054 0.07058945178987419 0.14668495047132216 -0.05937920398590458 0.24420153441304288 0.08277309106974154 0.31709588853185794 58 image_000058.jpg

18 0.9895335107809525 -0.03132416151199299 -0.11651098601633461 0.07916708306707668 0.2594881258349535 0.044392162081260025 0.06087446443021742 18 image_000018.jpg

46 0.9987394947709685 0.009582773081159273 -0.04205394551595168 0.025672010328226233 0.07546877434770846 0.140612622619651 0.34027450242752255 46 image_000046.jpg

193 0.994780836694142 0.08138715279079681 -0.060439013399590305 0.01159089476937547 0.12297122874399752 0.11489878416195583 0.45548327399385197 193 image_000193.jpg

211 0.998255074816206 0.04021456294116706 -0.04127562261004241 0.012880973103108595 0.048776374591582614 0.14349088510863436 0.43290415341210753 211 image_000211.jpg

151 0.998173084650991 -0.003420170802788384 -0.059683771845641824 -0.00875494163996847 0.104349027642038 0.17680485388577769 0.4006916742876133 151 image_000151.jpg

90 0.9966355439501192 0.0023755199885245114 0.07333320777290955 -0.03652649974488105 -0.16270031416517278 0.10881691422709291 0.23410348803891862 90 image_000090.jpg

154 0.9904048904938174 0.09651439649261315 -0.09675949029365985 0.020511654855147256 0.12089131810129129 0.06397414545539801 0.2824589675541506 154 image_000154.jpg

37 0.9991279573462439 0.022726551061381804 -0.03483228385946784 0.003678124737565241 0.05440885524687544 0.16430260358278512 0.4284372040277595 37 image_000037.jpg

72 0.9712972039880655 0.0976605249081669 -0.2087419210285934 0.05891498066833032 0.08678947914362747 0.08644354324097475 0.4461042814052952 72 image_000072.jpg

173 0.9892632096933967 0.08392393129206764 -0.10843373858671994 0.05056889733314149 0.18986735839410085 0.13504253329361188 0.4182614780461685 173 image_000173.jpg

166 0.9945267902337067 0.02338800697582017 -0.0980707493315161 0.0274152070298908 0.11577590684646873 0.19377666793346818 0.49118015414862276 166 image_000166.jpg

149 0.9957921023501782 -0.060838846663508986 -0.06736096993454406 0.012618612712551602 0.05657550767461073 0.0022388674186789247 0.00553544188893019 149 image_000149.jpg

180 0.9831993845339598 0.10983719973924136 -0.14429909466480198 0.020797272278641123 0.18519615075161608 0.05037201653517798 0.32322467945731065 180 image_000180.jpg

177 0.9504854462151456 0.10740960685782844 -0.2779454886833025 0.0882433887876623 -0.03669275190899016 0.08456675937910138 0.45571370703502745 177 image_000177.jpg

226 0.9937802171744086 -0.015258583639965581 -0.10959112654602354 0.01256310692680675 0.09124441078124752 0.13832766489019255 0.33479606159404923 226 image_000226.jpg

137 0.9933534844219433 0.06960117371616668 -0.08656449776856251 0.03018486294141627 0.015524080486506553 0.13388313915598402 0.451363725807356 137 image_000137.jpg

45 0.9964745138586751 0.02596037119320744 0.07529953762835218 -0.02635484191630701 -0.17706192398010281 0.09769365220154194 0.24306278600277448 45 image_000045.jpg

183 0.998197462343269 0.028094527942020064 -0.04731386096621727 0.023956654657271294 0.050058407235966815 0.14465921855734032 0.38712029895539707 183 image_000183.jpg

210 0.9764811847811253 -0.12775125007079657 -0.15535561395767614 0.07764496950090255 0.1483660975263805 -0.11770022001300168 -0.15181056121971492 210 image_000210.jpg

23 0.9623245709218781 0.1211747356843334 -0.23505054540868928 0.0632403463773901 0.06625054382250467 0.07148167232451023 0.439652582299236 23 image_000023.jpg

102 0.9882908949695445 -0.021304524417255572 -0.14327887369273803 0.04794148129082784 0.17541799688246507 0.0836093749603608 0.17518441158993453 102 image_000102.jpg

212 0.9943306021298078 0.061911955768654256 -0.0812049131897557 0.029653458646506883 0.10739923836598252 0.1408195987353433 0.509002277647031 212 image_000212.jpg

24 0.9592917472598352 0.12045262645806934 -0.24434608288058637 0.07446819619817324 0.12088820994260419 0.07764687550459783 0.4401052922783498 24 image_000024.jpg

140 0.9712558070750581 0.12055429635131895 -0.19329566232133247 0.06903334612021768 -0.0180464781047332 0.08266008063520004 0.47216561668285273 140 image_000140.jpg

167 0.9842182920437724 0.12291094145402141 0.1221387586875445 -0.03590782474457345 0.31447914247920983 0.06016101567729834 0.36556060925457956 167 image_000167.jpg

153 0.987226900981985 0.13441239718234219 0.08416446270146616 -0.015254324133503035 0.3518866977049947 0.07748126311930452 0.3171368151852109 153 image_000153.jpg

22 0.9603414678688029 0.01992420620899943 0.2584250768980362 -0.10278017086261575 -0.5613404224064917 -0.020019792218055426 -0.049533449991761874 22 image_000022.jpg

106 0.9190732053035972 0.15783362678265064 -0.346303107310719 0.10230907687295664 -0.05225946914131946 0.05996684108981665 0.4942127234967799 106 image_000106.jpg

150 0.9614159754817136 0.16944725700661595 -0.21032625050528975 0.052247743229264926 -0.09512876468196746 0.03162357461147758 0.4609149207391732 150 image_000150.jpg

30 0.9655489151556765 0.16743089223798965 -0.19575329681865147 0.03691638337774454 -0.0972477963714269 0.025955290919129292 0.3920311846683857 30 image_000030.jpg

132 0.9991842855122928 0.03664376012309189 -0.0073415028696955835 0.015300158803585222 0.055225330915940146 0.17978761336764207 0.4615454500316512 132 image_000132.jpg

171 0.9845642051534169 0.05536514966208376 -0.1492734161696634 0.07270129862545607 0.2508188978469312 -0.0012814405589645153 -0.04344567662223543 171 image_000171.jpg

34 0.997945796818474 0.02606675311705797 -0.04882692996594285 0.032259026946038084 0.08258410629977922 0.09903615120321223 0.2584211976261627 34 image_000034.jpg

145 0.9905368128710087 0.11266091931529987 -0.07838265226749522 -0.0007046732320450607 0.09089543524645759 0.07646988668611 0.4523001394071705 145 image_000145.jpg

228 0.9817540777403349 0.18359422394029257 -0.049414601480108865 0.0032061766515551855 0.06771141593422957 0.015427444580039834 0.4240302259795605 228 image_000228.jpg

31 0.9308245162625017 0.1430278255181539 -0.32624250888176415 0.08169812757773422 0.04030587972709514 0.023513522489046666 0.22743314399314923 31 image_000031.jpg

131 0.9914257168451658 0.0409714127513332 -0.1175124905834893 0.03983974849571657 0.12022523520493389 0.17056091844280585 0.47353125547451524 131 image_000131.jpg

133 0.9960652441933834 0.03721235107870083 -0.07434482453319784 0.030693804960963286 0.09605013023493741 0.1525210896101049 0.445614482815678 133 image_000133.jpg

139 0.9967964241372997 0.06982847933972663 -0.037498975183019805 0.010710093891438295 0.02503367430600401 0.12216107740451393 0.3886318936874114 139 image_000139.jpg

143 0.9910510278151524 0.05072359991155681 -0.11928512643174363 0.03187533278936003 0.09505554054252205 0.14416487332485614 0.44758785258620876 143 image_000143.jpg

144 0.9972137372819188 0.026840027998672425 -0.06922210665534735 0.007257969859109693 0.08083199520356722 0.1395343245896138 0.38002563460809585 144 image_000144.jpg

178 0.9956252230846903 0.005113822701467078 -0.08823602424840685 0.0303096257188945 0.17501790792296215 0.1520359250512745 0.39244546334963865 178 image_000178.jpg

174 0.9951600517013168 0.08516038688620915 -0.046371757381006004 -0.01593245787492814 -0.030883176336392707 0.09777259332033504 0.32735644371670103 174 image_000174.jpg

59 0.991081687404554 0.08863472931296329 -0.09363668396022813 0.03366220460497638 0.10943407836730856 0.1262555759624038 0.5211507905027377 59 image_000059.jpg

186 0.9983852242624592 0.010431717533019693 -0.04770851729183749 0.02901757582759843 0.0454456999607081 0.15921910705988662 0.37443573493576826 186 image_000186.jpg

202 0.9857760293685891 0.09179234809245045 -0.13489498695614555 0.04028813735881188 0.030299908679072507 0.14237996406604164 0.6424759240756658 202 image_000202.jpg

233 0.9788313976614568 0.16805552996729897 -0.11405056231940067 0.02527654848585626 -0.02300035640635782 0.004889500181258236 0.06842448000938971 233 image_000233.jpg

74 0.8208659606216705 0.10067001387746617 0.5407660801967591 -0.15367722649578308 -0.2524083265350378 0.03973812276004055 0.2753841452384151 74 image_000074.jpg

99 0.9550018342372579 0.1298089517215762 -0.2581922752506147 0.06676726938968235 0.14739668266780817 0.008188309787748689 0.07146235925037989 99 image_000099.jpg

203 0.9940364749468973 0.07286063904462352 -0.08028187207854527 0.011731347139568207 0.1437620564440158 -0.02374104135121468 -0.08500464347501328 203 image_000203.jpg

68 0.9685239283183634 0.13577514676245744 -0.2030875883775304 0.047769513329591035 -0.004980074504070977 0.006963329582825969 0.06523414173946522 68 image_000068.jpg

70 0.8853965032964396 0.04206188724153382 0.4440560423709149 -0.1308359950733745 -0.6891153441950855 0.046361181186932374 0.3317170484094071 70 image_000070.jpg

168 0.9519342640807024 0.21723553389944827 -0.21294383042158585 0.03584422648359502 0.08126607006914646 0.0012008041668754577 0.5015560293698933 168 image_000168.jpg

57 0.9856839568846507 0.02178446365036477 -0.15374176913628743 0.06569659150688258 -0.00968728069456827 0.14098053590732157 0.3823474461377482 57 image_000057.jpg

191 0.9944578740273798 0.031928685905217725 -0.09828092404524214 0.01936387424340595 0.06794465968466394 0.16363307752716094 0.45316483058495255 191 image_000191.jpg

115 0.9834545781607481 0.03695775362312929 -0.16363762144317867 0.06836634672827559 0.16662860723334938 0.19696253605105576 0.4758800741982204 115 image_000115.jpg

119 0.9967349453175657 0.03704243274520757 -0.06940479039147483 0.01817345233057168 0.06924050114567731 0.14182880726151836 0.3833155145563887 119 image_000119.jpg

121 0.9795660430707158 0.18510179008044905 -0.07864296259692027 0.0017251216163137767 0.13311446290231746 -0.008177352747911038 -0.14214677428949163 121 image_000121.jpg

8 0.9862694237092557 0.015254982069776454 -0.15521930842766718 0.054285311947294926 0.1074873160051352 0.15223242004769058 0.3983559510531681 8 image_000008.jpg

215 0.9949109278073798 0.01191013366295977 -0.09384329115203861 0.03469643334769093 0.15582456885238413 0.22465021391428558 0.6542190600944193 215 image_000215.jpg

48 0.9763501325929228 0.13787008746541032 0.1627224180154741 -0.03540708697958182 0.39027353013662625 0.06776000796149353 0.29593277380557204 48 image_000048.jpg

51 0.968464367343471 0.14695754457952265 0.19663679523532768 -0.04259374584752908 0.2915924659904437 0.04621980430854805 0.33926119356949 51 image_000051.jpg

225 0.9853754693641512 0.04685476658938769 -0.16002493598396922 0.03509739372375067 0.04430477801143842 0.14270195279465367 0.5237333103573903 225 image_000225.jpg

182 0.711107779736897 0.12296233900437895 0.6749550597138568 -0.15375826941527024 -0.34161081578083685 0.016074409514481178 0.4682694349728362 182 image_000182.jpg

170 0.8120965765755603 0.07410378819678534 0.5582623571093662 -0.15281005580445134 -0.23905115761218118 0.05422690039735059 0.381308455248384 170 image_000170.jpg

14 0.698499516374933 0.08855291177561313 0.6835208373815118 -0.1924995589753662 -0.24511804609627574 0.09615926455372587 0.6552695652312416 14 image_000014.jpg

82 0.7711435848682665 0.0912214203697035 0.6088963679618207 -0.16205384938256592 -0.2550832957725061 0.051124269357626484 0.46241261971182107 82 image_000082.jpg

69 0.758130444007814 0.08157005949588844 0.6234834215738848 -0.17278028377059043 -0.2676196077659966 0.0771223449858339 0.5825888122612772 69 image_000069.jpg

100 0.729112423075307 0.09612629074121992 0.6546177159469179 -0.1750153488356007 -0.3115786684779691 0.07528699319261083 0.6828049141043937 100 image_000100.jpg

78 0.9516715761464245 0.07812260719206557 -0.2733803242648373 0.11610885361896117 -0.2925250320571409 -0.11753778170222415 -0.38758342567160287 78 image_000078.jpg

80 0.8993460919753596 0.1260462768493978 -0.4060435862089504 0.10206637332782002 0.13946861511486575 -0.05764189891969981 -0.3462563857222591 80 image_000080.jpg

79 0.9838677080773233 0.08584206435377784 -0.14451333351172366 0.06124848705931287 -0.5560763491631916 -0.13581694809229194 -0.4600503426897936 79 image_000079.jpg

