# Image list with two lines of data per image:
#   IMAGE_ID, QW, QX, QY, QZ, TX, TY, TZ, CAMERA_ID, NAME
#   POINTS2D[] as (X, Y, POINT3D_ID)
# Number of images: 84, mean observations per image: 206.155
124 0.9930239316197718 0.0007036869647364471 0.11483440323784286 -0.026758919256571295 -0.22487538193471326 0.06588815076744999 0.17474345337495462 124 image_000124.jpg

28 0.9978769073551604 -0.06445758784966504 0.005185323430279927 0.007747731187100497 -0.052322157882366584 0.05013556463348933 0.10938831848167734 28 image_000028.jpg

13 0.9936392932312156 0.02817886778043682 0.10901841490537441 0.0013744940632283776 -0.17937362540804866 0.11860006814674673 0.4875706906148385 13 image_000013.jpg

201 0.9949446395109408 -0.0027525405982534216 -0.09269052766000446 0.03854914240991382 -0.26327047099582107 0.12022067246733793 0.35139533761182246 201 image_000201.jpg

158 0.9979154607828047 0.03349082692423388 0.05507870246142908 -0.0030719303985025253 -0.14062217940455093 0.2565649733299463 1.195877313876286 158 image_000158.jpg

175 0.9831703546316816 0.07444921254480251 -0.0032313507709803824 0.16680205391271588 -0.2200455860121594 -0.028696434262132843 0.24727086001556806 175 image_000175.jpg

39 0.9879594096467184 -0.06779205958469037 0.13827498217759404 -0.014848394031873139 -0.22986577182100992 0.13346160169291868 0.2856686044673169 39 image_000039.jpg

2 0.9716193802753805 0.08764019424832918 0.21917425986457134 -0.01541500707364859 -0.2945143350717638 0.18944962934738627 1.3194721431652192 2 image_000002.jpg

4 0.9780244970069293 0.10134419894829116 0.18140256975968114 -0.017045119028535036 -0.34424211510751745 0.2646891352747842 2.0624407429448524 4 image_000004.jpg

135 0.9754049108565709 0.12077680884663629 0.1834442804200397 -0.018612476458264138 -0.32362959225096016 0.03484519359167132 0.5057705657193872 135 image_000135.jpg

9 0.9632650163392354 0.09441472993599143 0.24984781394503958 -0.02797218635747727 -0.42977412221171646 0.07422218309645744 0.6411821760537837 9 image_000009.jpg

16 0.9844403892061496 0.0872626217498926 0.1524776979796191 -0.003593071288207053 -0.23268677634053275 0.1998396278149579 1.4190528907827227 16 image_000016.jpg

146 0.9883143625818195 0.04449926146602976 0.14413231814226285 -0.021918439080730392 -0.21675229273244528 0.16419929748794798 0.7117471379679082 146 image_000146.jpg

157 0.9869486744895981 0.08683395228640434 0.13561510596240808 0.0008504948582837949 -0.04807687095384949 0.19934713878621826 1.3985267312415817 157 image_000157.jpg

176 0.9857388087972224 0.11286380274220147 0.12479508023909107 -0.0026382657633750688 -0.1573825179029727 0.08292184611657397 0.9770962854741526 176 image_000176.jpg

187 0.9994797071462548 -0.0008254748958498303 -0.024585532174023324 0.02086115333443067 -0.0926333721238046 -0.004724035975291762 -0.013359516215472529 187 image_000187.jpg

200 0.9802941284352524 0.04665460881514564 0.189923186775754 -0.02785591051004456 -0.31210844252891307 0.06317080173871158 0.2670160498725947 200 image_000200.jpg

85 0.9359131842605765 0.07312024487243858 0.3383855591117883 -0.06492422133767208 -0.6551160417707571 0.1611504490918008 0.8559415503166526 85 image_000085.jpg

214 0.9623085479971217 0.10429616190516522 0.24894348516400458 -0.033342217616200966 -0.4467514512856277 0.09332745076568788 0.8475940744277908 214 image_000214.jpg

92 0.97735207016781 0.07173465782856303 0.1980146208803329 -0.020670811450986138 -0.3578627706683559 0.11218320512245568 0.6408382691738554 92 image_000092.jpg

93 0.9656647106605718 -0.020598902013751967 0.251728089811888 -0.060830239615213645 -0.48967525041560234 0.06252732312293537 0.1644191128640405 93 image_000093.jpg

224 0.8478979893441373 0.030418165302843143 0.5072992319249667 -0.15096756302575562 0.15670533061645575 0.5048843599615467 1.678203813867917 224 image_000224.jpg

98 0.9999811145106683 0.0014757920898672025 -0.005966290752050809 3.713691220023788e-05 -0.011669466832084288 0.025642929684712875 0.10491094821032415 98 image_000098.jpg

109 0.9107706124700364 0.06369461445675502 0.400954601489111 -0.07533453490722676 -0.5074236213466977 0.150547285296755 0.8355799406073745 109 image_000109.jpg

113 0.9296133346205837 0.16624408096377835 0.3283158761419238 -0.019764540050657205 0.0404838489214453 -0.029494747828907486 2.107924233675136 113 image_000113.jpg

11 0.9826391908200722 0.13069881287270593 0.1314301218091154 0.008009688802046755 -0.2856133650229692 0.12927402497667206 2.040384357301254 11 image_000011.jpg

164 0.9590853778474414 0.10145337607086867 0.26325324992421484 -0.023667887502013776 -0.42260799510946817 0.16930109142133234 1.224525847649662 164 image_000164.jpg

38 0.9737890974378776 0.08422257193667264 0.209951481505213 -0.023700496183371184 -0.3704743089049596 0.2492813778315168 1.6787218513458444 38 image_000038.jpg

185 0.9295519376882084 0.05287721517734527 0.35740184172275064 -0.07349239368817283 -0.20399241007622193 0.3069895810879477 1.3853886104237634 185 image_000185.jpg

61 0.9925103519300486 0.07940281893125434 0.09254481486385097 0.00733778084435645 -0.16842592978036247 0.24192363208227594 1.5375061287270326 61 image_000061.jpg

77 0.9724663800770673 0.08516762573095657 0.2163654167360348 -0.015544626680976054 -0.44033613310866654 0.12248427295122719 0.831211760943189 77 image_000077.jpg

213 0.9825369344073956 0.1030593481082648 0.15451543241916774 -0.011176941609543826 -0.2655160228038643 0.2495124312603043 2.06563980428247 213 image_000213.jpg

222 0.984031331903652 0.1743259109627555 -0.0055069915247399 0.03553137771758183 -0.9648566557655327 -0.04336323642426665 1.681085164403739 222 image_000222.jpg

112 0.9989551323186957 0.019225042110095323 -0.03969058234870254 0.011987240286316272 -0.062240412749474644 0.22085678773406295 0.8593799734915748 112 image_000112.jpg

118 0.9873642625842209 0.07819396001979827 0.13718923508142375 -0.013290759431471115 -0.24234626164740108 0.3004786140722743 1.6272520431239568 118 image_000118.jpg

44 0.9744976946624925 0.08392419809836765 0.2070755069060344 -0.020753273310474506 -0.3846524040435827 0.09045144129771228 0.6018609039937417 44 image_000044.jpg

50 0.9886868381540909 0.10046086895149933 0.11095898760015832 0.009698491018805273 -0.21164540824385816 0.13393959838264624 1.1933130616158 50 image_000050.jpg

17 0.9831504772687145 0.11683271536425831 0.14040902190873797 0.007110418583694576 -0.25670254932717046 0.14207326289840866 1.7016268251872744 17 image_000017.jpg

33 0.950825901924134 0.11471585742076941 0.2863765410399052 -0.02754746399104012 -0.5086339441509351 0.24568255228152402 2.4450772898722124 33 image_000033.jpg

159 0.9257189732683438 0.1033353963256229 0.36018094314861804 -0.05134066787154733 -0.41915037016544227 0.13515393905142217 1.1351007993160256 159 image_000159.jpg

234 0.9791738138904736 0.07481920980722433 -0.1857667641092419 0.03333843753606394 -0.21588418155306346 0.06250862396389902 0.44514962773054373 234 image_000234.jpg

32 0.9769443026384732 0.09356601923913703 0.19097966762033086 -0.01876160584185001 -0.34089091263559435 0.07807767529980947 0.8185590928587589 32 image_000032.jpg

194 0.9282642221508991 0.1447103619866278 0.342103965502661 -0.018690185814380474 -0.7659952416400531 0.0040023187665731985 1.7073706080543514 194 image_000194.jpg

219 0.9841535953755004 0.15316091594420228 0.08915516271693416 0.0058983154409107475 -0.38232015965027255 0.0612821128125397 1.7205932955741803 219 image_000219.jpg

152 0.9794839877242653 0.16580164135105782 0.11278052090804591 0.020037069178124114 -0.03210545365395967 -0.07393814043734626 1.7999231001523364 152 image_000152.jpg

36 0.9756907921902643 0.0803383421077528 0.2024285327116625 -0.024411265739530164 -0.341404333035085 0.09882988283935466 0.6962961082692852 36 image_000036.jpg

110 0.950638001708507 0.13013011987647743 0.2809764823506603 -0.02014359549397607 -0.4479377843744453 0.13168002470144952 2.295651927896481 110 image_000110.jpg

204 0.9872013618918142 0.13384057426155077 0.0853718111038019 0.015225835952945256 -0.18792013937292285 0.07767011618793829 1.7299993619252843 204 image_000204.jpg

148 0.9295477269070272 0.10444378231182952 0.3515619587360384 -0.03790396901111993 -0.4917704603713712 0.19381611124695675 2.0332888514372165 148 image_000148.jpg

53 0.9938183640574695 0.04650541245895572 0.1007410607505091 0.003681484601203611 -0.3314447849219709 0.39929231988855807 1.7338111003101029 53 image_000053.jpg

19 0.9404462189744178 0.0860639015853802 0.3233760968776204 -0.059848267796546256 -0.5465994094480546 0.21363918881102045 1.2742832770175863 19 image_000019.jpg

196 0.9079518467902014 0.1010958272805299 0.4001461201651175 -0.07270599476348774 -0.5923663767565774 0.18707103227784022 1.546177046433566 196 image_000196.jpg

197 0.9932279860407649 0.097947314047991 -0.05027813867251432 0.03710255266233919 -0.9743644624217612 0.14604134827398163 1.2277589115329837 197 image_000197.jpg

128 0.9935367186457738 -0.008890016577600418 0.11081932545009458 -0.022909544362902608 -0.15519897183190023 0.44865216952457504 1.2217727171427852 128 image_000128.jpg

136 0.9652279062222039 0.07710406031790559 0.24837030256244927 -0.026500065031438397 -0.6840951215683266 0.37170990508951157 2.2307681574970126 136 image_000136.jpg

172 0.9880605335630421 0.10519864645594348 0.11253207500065553 0.0024846744772843822 -0.17113712408137438 0.1692831316913599 1.5061386232886316 172 image_000172.jpg

91 0.9852600030228439 0.1592092583879658 0.0512628039991633 0.035878528592855945 -0.9188429869423546 -0.040917024426979365 0.7557008138272338 91 image_000091.jpg

231 0.9929519139266187 0.06596382000365128 0.09763508029409637 -0.012753844375750719 -0.16160997798408214 0.08729515600501618 0.5962473492485093 231 image_000231.jpg

52 0.9196469250320085 0.03495771797352966 0.3834302930565252 -0.07751582607501732 -0.6247093208461485 0.2241321745095753 0.9322439589773668 52 image_000052.jpg

103 0.9803901011366409 0.09423550406731496 0.1721737147252688 -0.017639117828122226 -0.3235893639901141 0.2430214119648243 1.6519728296211798 103 image_000103.jpg

232 0.985168473131271 0.11144948347482334 0.1304681746930137 -0.00038484343483929516 -0.3372637109510763 0.1848800230867914 1.7849404102201432 232 image_000232.jpg

111 0.9745129261223332 0.10420807896443979 0.19809688389252564 -0.014928466375385755 -0.4418172947319624 0.2581977456054944 2.0554915744401394 111 image_000111.jpg

188 0.9799489130374561 0.10618178206401231 0.16820835979564522 -0.011467378895699244 -0.28860685321674295 0.10499322110266934 1.857970258476167 188 image_000188.jpg

223 0.9401738676644902 0.07746598794175402 0.3266989661526022 -0.05779189923329944 -0.5539920250088096 0.13458751670636554 0.8950386420116725 223 image_000223.jpg

15 0.9871842867976717 0.09738128366172709 0.1260855476298369 0.009301715783226137 -0.4148717679643346 0.20214165324909417 1.6431873151373348 15 image_000015.jpg

147 0.9904516255650356 0.13240555289659037 -0.014752278521801002 0.03545009330007736 -0.9649639226032984 0.10468199846167958 1.833318669310795 147 image_000147.jpg

27 0.960613999294124 0.1335540740252802 0.2435847033477529 -0.007108238222271945 -0.24265362143379327 -0.015079416478758323 1.2688740987240108 27 image_000027.jpg

190 0.992704170166906 0.06981626831708444 0.09759468103285772 0.011806277895067595 -0.33497576672335405 0.3636770470168257 2.0583876055937775 190 image_000190.jpg

60 0.9587619922711419 0.10322185968955802 0.2610133852083126 -0.04463971190699236 -0.41893074460536284 0.27174657765468785 2.1600174815805673 60 image_000060.jpg

29 0.9665441443369173 0.17385700382617483 0.18825816457770925 0.011180833709871099 -0.6433314656864105 -0.18350583466352022 1.921337700024351 29 image_000029.jpg

71 0.945750964878317 0.1149019899946267 0.30182666695664095 -0.035402116493441806 -0.08685378481374317 0.15620802774865816 2.0899741056147647 71 image_000071.jpg

96 0.9549038171153772 0.07185939418240479 0.2830217104928433 -0.053792513669484995 0.07093065463338588 0.2863619999724592 1.5597248471450789 96 image_000096.jpg

221 0.9740530790200399 0.09888901701341954 0.20252777060985125 -0.02059291069111801 -0.21913610943095607 0.11093830890753809 1.6133949203578566 221 image_000221.jpg

43 0.9616170862358212 0.1522399259704676 0.2277033133844707 -0.01633362324070143 -0.26605711042524016 0.035860058674991646 2.0767400808542584 43 image_000043.jpg

162 0.9660631377502337 0.10695424776401463 0.2343619874987856 -0.018901167372356722 -0.5974875032428846 0.14239203892089183 1.5063785478306757 162 image_000162.jpg

227 0.9899618296216676 0.12918839453545863 0.05695000141316569 0.0065296514925207265 -0.4107672176155329 0.09201139928518198 1.6765989742756164 227 image_000227.jpg

97 0.9863285508303549 0.09931200976334961 0.13107083016468415 -0.010656198081037507 -0.044555219483425 0.33793460986973445 2.1501193832146743 97 image_000097.jpg

165 0.9985062703534529 0.03986320106075551 -0.027352847021684733 0.02545543971184099 -0.978911819393584 0.1560969645525064 0.6486878563735105 165 image_000165.jpg

235 0.998443772772327 0.04204306611021739 -0.026522159680086782 0.025278241472506187 -0.9807633170120316 0.16055876410380543 0.6455386468910734 235 image_000235.jpg

