# Image list with two lines of data per image:
#   IMAGE_ID, QW, QX, QY, QZ, TX, TY, TZ, CAMERA_ID, NAME
#   POINTS2D[] as (X, Y, POINT3D_ID)
# Number of images: 236, mean observations per image: 48.093
0 0.9999966937800815 -0.0006380456462290517 -0.002316444637179823 0.0009189280196444107 0.007546524649027405 -0.002100498558430173 -0.008934569438902749 0 image_000000.jpg

17 0.9919274516665735 -0.007657029124018212 0.12627444599370782 -0.00872174722039006 -0.10731149115225673 0.003442443952884694 0.042852809680938415 17 image_000017.jpg

172 0.9949768282856712 -0.01959285361283549 0.09679060841050323 -0.016395181948675907 -0.019922483690722793 -0.004500931468383407 -0.05287164700881237 172 image_000172.jpg

53 0.9932780467888461 -0.07789578951809206 0.08406213634475146 -0.016264142412730484 -0.07865453980703432 0.018356780699360357 0.07702777689950142 53 image_000053.jpg

96 0.9590819641719691 -0.05215258223630065 0.27375621856441174 -0.04999413924060054 -0.1864227515127915 0.007953334256489353 0.019129620682720158 96 image_000096.jpg

3 0.9893316750085183 0.01413572422726025 0.14418606552672342 -0.015277227534138712 -0.1376018859227638 0.006522057029314873 0.1560208332927659 3 image_000003.jpg

71 0.9567143864555945 -0.002608799006122834 0.28950495643826224 -0.029625503854520507 -0.2805799758261821 0.026017971319645693 0.2750874528291757 71 image_000071.jpg

157 0.99129572130486 -0.04070199229176791 0.12424060734833671 -0.015505517793907608 -0.006821659472580004 -0.023027033747486166 -0.09777600288885228 157 image_000157.jpg

61 0.9959478628908655 -0.04471667182949135 0.07677165318464892 -0.01394242719504484 0.011689819979570939 -0.007061031639555508 -0.02865782683053327 61 image_000061.jpg

118 0.9906226441481573 -0.04971635437949345 0.1238229791724118 -0.029375510606821264 -0.0999327818179698 0.008718638521067735 0.018334224914850594 118 image_000118.jpg

64 0.9939619511201426 -0.05804613502158888 0.09169056790017606 -0.01622104383545012 -0.06684879550346008 0.021821009040510604 0.11433230961983486 64 image_000064.jpg

14 0.9885940992997214 -0.03414048440918004 -0.1460954681586392 0.01312435932400544 0.048409862515970944 -0.007398458118770114 -0.01423846944386711 14 image_000014.jpg

185 0.931951196433989 -0.07046204505357148 0.350647666463865 -0.059567460904712634 -0.4384055590414543 -0.0018053194578178736 -0.013833187523805579 185 image_000185.jpg

2 0.9774442898135676 -0.037464838766583186 0.2068271179027162 -0.020532578126537544 -0.25377879657018165 -0.019554008763508268 -0.12617444677459572 2 image_000002.jpg

81 0.9857204440339445 0.08545899216722158 0.145071599660359 -0.0024886546919292694 -0.22302032691198695 -0.02585976224417179 0.21091465051643188 81 image_000081.jpg

111 0.9821249420992723 -0.023307857477589677 0.18524022029410084 -0.023945521337579163 -0.29069525740669616 0.03259913878495571 0.22148859686840047 111 image_000111.jpg

12 0.9729903268494166 -0.05151800351745585 0.2224358212973684 -0.034029784883414134 -0.15117478336556794 0.06699342503556788 0.32635996288484026 12 image_000012.jpg

128 0.985416209936359 -0.1354537889962359 0.09464830898530192 -0.0406060762268786 -0.01724139572236556 -0.05120558537688334 -0.14539444068010107 128 image_000128.jpg

77 0.977786711763013 -0.03758000558057314 0.20519193851248155 -0.020424490847065806 -0.32259020664691046 -0.050598724704000335 -0.35704106054471296 77 image_000077.jpg

146 0.9873339773436256 -0.0808163815734846 0.13168102152804467 -0.036061501947261994 -0.10267734916211782 -0.10308555988596017 -0.40752141958252797 146 image_000146.jpg

15 0.9937955513915773 -0.027954288719791033 0.10735385827043563 -0.008006949288066832 -0.15122861464623683 0.00046877747928271863 0.01866211643912679 15 image_000015.jpg

147 0.9994362099844963 0.008467673029075615 -0.03242464329156732 -0.0020535572501463417 -0.20227036735036633 0.008395932381932598 0.1401785383858667 147 image_000147.jpg

162 0.9732680039792202 -0.01629033421297567 0.22807826496890846 -0.02154804958210244 -0.43703745946892314 -0.007885956279368413 -0.030669797193528442 162 image_000162.jpg

148 0.939088281414121 -0.01839702344354002 0.342225725017611 -0.025618685324207822 -0.5586999574123265 0.017992229403960103 0.27655187762916594 148 image_000148.jpg

63 0.9459615643490565 -0.027361293888929283 0.32153269375982335 -0.03201255772332427 -0.46552180816081146 0.01575198813888471 0.19943612911355213 63 image_000063.jpg

103 0.9861517361902586 -0.03412875703721202 0.1595533047951755 -0.029710610870342886 -0.19455935276025854 0.006038034656155306 0.02516662015927333 103 image_000103.jpg

152 0.9936060736890352 0.04917110761257704 0.10162358231887964 0.0013464516271280763 0.038317273703138095 -0.006851477528904408 0.09492597774162716 152 image_000152.jpg

11 0.9930490340225426 0.005863078861284655 0.11719613057516559 -0.009181461651389652 -0.1067840444149567 0.017383492518593942 0.20386269009703248 11 image_000011.jpg

4 0.9849677065856592 -0.022562716208596394 0.16916059741579093 -0.026725069160008986 -0.21913028540141175 0.038132126150667495 0.2228140698010969 4 image_000004.jpg

50 0.9951274127593659 -0.02342602325799197 0.09528591206610615 -0.00965658213732415 -0.03674533862724576 -0.025019452052481746 -0.19772851303594854 50 image_000050.jpg

27 0.9733147784754346 0.01993007429178337 0.22848324543080029 -0.007519696192557762 -0.2588636419038105 -0.02046335723083132 -0.1542589329414295 27 image_000027.jpg

69 0.9732063986714343 -0.0339042193632454 -0.2252758578638697 0.03115472555247941 0.12177821443185956 -0.004946351244496941 -0.031004625107713193 69 image_000069.jpg

97 0.9906622986778981 -0.03479347427378497 0.12857971993466974 -0.029066693027140517 -0.019091347190563823 0.045402626129429885 0.2648430542055346 97 image_000097.jpg

164 0.9667493195847269 -0.02333734318195621 0.2536569157942577 -0.022567592997852434 -0.39020098763627586 -0.006337584339000956 -0.15659751956311987 164 image_000164.jpg

89 0.996970663999224 -0.06024615937659821 -0.047315454121304536 -0.01345898742914696 -0.19115375211743657 0.0072969796455839364 0.003962042517981247 89 image_000089.jpg

158 0.9947785352154417 -0.0881144606842472 0.04302274555450892 -0.028294116115774644 0.07002523075173397 -0.06824522890652646 -0.16401713051566785 158 image_000158.jpg

33 0.9610713805381618 -0.007686232229986317 0.27516280559916034 -0.023836047452912863 -0.46340328683843746 0.05752492600535438 0.4354048926902324 33 image_000033.jpg

65 0.9844514660271818 -0.10074903448596031 0.1415049375004758 -0.026101621585736656 -0.1386030662554481 0.08124609839976007 0.20917916112895485 65 image_000065.jpg

67 0.9865633636318004 -0.002063258084583726 0.163351173006732 0.0022072529485007383 -0.23324293921753012 0.0061802520884656886 0.18164609885021588 67 image_000067.jpg

25 0.946153642153968 -0.01187841740140313 0.3210704796769575 -0.03957175461535253 -0.2518424068431494 0.04906948627812552 0.35699038929439947 25 image_000025.jpg

120 0.9920575979275781 0.06584084430593432 -0.10668772575451427 -0.010219409449662866 -0.149928210232566 -0.019975708498645127 0.27275441299867287 120 image_000120.jpg

16 0.9892606179656074 -0.03939152365066531 0.13963388420632455 -0.01772337594385119 -0.11869754305680737 -0.020295110959138118 -0.0855383140664642 16 image_000016.jpg

41 0.9920350316821626 -0.04230674659452239 0.1168620702475063 -0.02049120151801706 -0.06311700291354302 0.04121152238716179 0.13283823415764695 41 image_000041.jpg

138 0.9969943332621807 -0.06748022645491852 -0.03797887119750785 -0.0025143574893066686 -0.09654501051606569 0.01891485826866337 0.09675251863986645 138 image_000138.jpg

176 0.9933949707352553 -0.010845945110190911 0.11241291059721256 -0.020301079831515138 -0.03961853888095768 -0.03245794311503363 -0.3055219555290191 176 image_000176.jpg

43 0.9763142503622124 0.02973544815542935 0.21330452609323627 -0.02067504523882776 -0.24669957144922944 0.011740234411770804 0.22986249561342187 43 image_000043.jpg

32 0.9832941090394925 -0.0296548646566278 0.17749770176552532 -0.02734675040647933 -0.2295011412129703 -0.06186104763218055 -0.37472395268267017 32 image_000032.jpg

38 0.9778649408332737 -0.04491672517481636 0.20210256960810072 -0.030285174828976576 -0.2874819892053804 -0.006080903620293761 0.046847759385629864 38 image_000038.jpg

19 0.9460146797818925 -0.03673181674582192 0.3179599573985661 -0.05107298258592258 -0.5535212366801928 0.00109861728585808 -0.09875648169431792 19 image_000019.jpg

26 0.8919024593710435 -0.045314077863625055 0.44282070859414396 -0.07978997774770097 -0.29568335511287275 0.12920806066474652 0.5593474319114407 26 image_000026.jpg

159 0.9333495851190645 -0.018416529119839462 0.3565379888124818 -0.03741684652142231 -0.5489011817765638 -0.00674612891357098 -0.1448445011032893 159 image_000159.jpg

36 0.9802081049972186 -0.03989484181567696 0.19135833497965996 -0.03134414463238546 -0.25379797259175974 -0.06506184991009113 -0.4250839702947691 36 image_000036.jpg

40 0.9131213483437468 -0.07644286638628547 0.3956092792352681 -0.062122324793341926 -0.6771414185518427 -0.0057368534381945155 0.005188631067509886 40 image_000040.jpg

126 0.9432081062873101 -0.010963209027281193 0.3320018952532359 0.0036066377871746148 -0.5598038023893844 -0.013312775511041004 0.24824578242238088 126 image_000126.jpg

127 0.9571044013503136 -0.037459540013526214 0.28682851625085654 -0.016653389862075412 -0.4876682202481709 0.046519551579941455 0.38221245828912437 127 image_000127.jpg

85 0.9399067955034436 -0.05037821640822254 0.3333500441460728 -0.05399056627862855 -0.6298520086098494 -0.043525171587302514 -0.2879997323564457 85 image_000085.jpg

44 0.979421075560385 -0.040698690109971035 0.19576347920417284 -0.027470510650094 -0.28135618967555287 -0.0731318887628504 -0.4709549638633097 44 image_000044.jpg

9 0.9696691106333435 -0.02917640127162112 0.24095480692595864 -0.028832615458526435 -0.3748334099707933 -0.060404334055938785 -0.44408126311638685 9 image_000009.jpg

73 0.9379883022257522 -0.040898819938663435 0.3417549399172267 -0.04133783194659525 -0.3351311599744352 0.021804591667899175 0.09725004469580972 73 image_000073.jpg

54 0.9973583696764462 -0.06915880167687524 0.02200071131034058 0.0030511055618680206 -0.38709137089087364 0.007114389803976523 0.10166017178061659 54 image_000054.jpg

92 0.981156189009915 -0.05099858827636383 0.18418635355672106 -0.028408928052440625 -0.24874953112289575 -0.07771296658304853 -0.4544252869030222 92 image_000092.jpg

60 0.9679740453302254 -0.02082286084891363 0.2463843791785853 -0.043443977124825735 -0.37537285962245104 0.046656167618755 0.2900598300252292 60 image_000060.jpg

29 0.9835246035158046 0.06818061010290417 0.16735413236788454 0.004832553087104766 -0.35309324475286874 -0.021806317712340696 0.1546996773188223 29 image_000029.jpg

129 0.9921803277078478 0.002380580350459578 0.12444627396245914 -0.009255303005580055 -0.14369259398226691 0.014278686913840278 0.2882275911763524 129 image_000129.jpg

88 0.8847216551728239 0.078648236296721 0.45942858197615016 -0.0027274497916343968 -0.23671159879852646 -0.03747447345606344 0.5091295269070688 88 image_000088.jpg

135 0.9851526034935812 -0.006078391380363789 0.16913001657643867 -0.0288519132968904 -0.20286063491263603 -0.04054305484163446 -0.4989436850275447 135 image_000135.jpg

104 0.9957897395537207 0.08362032205509004 -0.03711063719563408 -0.005765196553207306 -0.08680534934084812 0.01660839107845892 -0.17317151587334756 104 image_000104.jpg

110 0.9627637721567217 0.0017326261365248825 0.26974972252459045 -0.017832582839591094 -0.42732224904106636 0.015406089360130831 0.2935468666281878 110 image_000110.jpg

113 0.9470268656495892 0.04043665677485864 0.31847634706347094 -0.008819759836562515 -0.26857756828109264 0.0003696600304474584 0.1958592198885218 113 image_000113.jpg

188 0.987995679404777 -0.015160202093274507 0.15219331343416706 -0.021723317535617827 -0.16286738372966697 -0.02458852728852945 -0.24587977241532635 188 image_000188.jpg

