# Image list with two lines of data per image:
#   IMAGE_ID, QW, QX, QY, QZ, TX, TY, TZ, CAMERA_ID, NAME
#   POINTS2D[] as (X, Y, POINT3D_ID)
# Number of images: 71, mean observations per image: 222.592
161 0.9401704059224979 -0.05871095773638535 0.3288991084895589 -0.06676836917804639 -0.08961880426958363 0.00956698401512827 0.027388049961385018 161 image_000161.jpg

193 0.9451097248653036 -0.059979227360454725 0.3158693281231824 -0.05828108749718438 0.0070660421459794315 0.04424989418757197 0.17154938389102978 193 image_000193.jpg

131 0.9600516080462623 -0.10132114718594627 0.25526350811351417 -0.05362354363210677 0.034683697935001215 0.07195423956063599 0.18184807998431704 131 image_000131.jpg

68 0.9842422296035827 -0.006594644686607578 0.17534593500479598 -0.021852516691250295 -0.030953654729236273 -0.026550350970394446 -0.19618341285557508 68 image_000068.jpg

228 0.942590995312776 0.03764444448645159 0.33083667978370146 -0.025538025120305497 -0.046024332742502595 0.005357778156411487 0.14263723034185577 228 image_000228.jpg

218 0.9473045469717776 -0.11097143129748874 0.29700690975864785 -0.04567656409772248 0.04349395168348473 0.046681614306546854 0.12494205621670343 218 image_000218.jpg

233 0.963384327241219 0.021428996545437486 0.2665688435706017 -0.019299905074532456 -0.0940921965424146 -0.013470090986668156 -0.18034865463236355 233 image_000233.jpg

205 0.946295584182569 -0.14287063107448356 0.275593532397187 -0.09033753863882656 -0.09430365915845791 0.009503622745941851 0.024330856361196168 205 image_000205.jpg

143 0.9608319302052482 -0.09006013337227627 0.25537168565065305 -0.05896161449444996 0.011885611004444172 0.052492168237321585 0.160717544600797 143 image_000143.jpg

47 0.9304251451794344 -0.15877259058054885 0.32095465624290487 -0.07802823802656304 -0.06261549183466597 -0.007832455616214987 0.1787160988931925 47 image_000047.jpg

144 0.9431536385694449 -0.10703738494228501 0.30354105324551806 -0.08286762074387964 -0.025484787284389007 0.044537115975461436 0.11008146426539228 144 image_000144.jpg

177 0.9949866855898307 -0.038104258628322535 0.09240802794146351 -0.0032110635556075566 -0.01527157145048652 0.027223934306677237 0.1485365251668018 177 image_000177.jpg

210 0.9409732336286977 -0.2630179308082937 0.19503243943272766 -0.08575133198334435 0.08387295610119219 -0.2584362904340792 -0.3340287810109071 210 image_000210.jpg

149 0.9291526870208905 -0.19018979151930765 0.29697817402003684 -0.11093743789884293 -0.049710500948650066 -0.11649363115306939 -0.2021998456122664 149 image_000149.jpg

150 0.9852434296602813 0.023792098234222056 0.16940500324702013 -0.005590958774700528 -0.10878497395084316 0.010709898481865043 0.14996922817926556 150 image_000150.jpg

55 0.9744340293591822 -0.10820027156631667 0.19124311541577735 -0.046873230177214384 -0.07881650352499064 0.04414185221015671 0.11718494915883522 55 image_000055.jpg

151 0.9346419897788121 -0.1305580483683214 0.31259294371598007 -0.1080952984266209 -0.013350531020266551 0.06659339154002238 0.13530724471672795 151 image_000151.jpg

215 0.9438602659542618 -0.1402946553016435 0.29079702527938656 -0.06987344827184962 0.025654036173884634 0.0932895240946357 0.2371744430183213 215 image_000215.jpg

137 0.9532272215790801 -0.07535457029613093 0.2886672297023259 -0.04848483163816848 -0.0747215849027951 0.05221013442179592 0.1639994367569213 137 image_000137.jpg

140 0.98293734514953 -0.029836581449679715 0.18137348551145496 -0.006900283376867245 -0.045312732485506296 0.028760249472985812 0.16777497094415056 140 image_000140.jpg

7 0.9175562351912022 -0.13265444560925088 0.36382559939920756 -0.09013475230648821 -0.12294246246111144 -0.08340101332802191 -0.19368952669283562 7 image_000007.jpg

139 0.9364488919415584 -0.07443416352625065 0.3371997396659449 -0.06180100669163817 -0.09139314029353246 0.04127010161405532 0.1424172032654501 139 image_000139.jpg

23 0.9897569318139613 -0.02195666076522945 0.140082203421232 -0.01661630466145104 0.051226997642851636 0.02259491765320358 0.13054568531389169 23 image_000023.jpg

154 0.9573241159370365 -0.04522417614518661 0.2813344250796346 -0.04833476508744965 0.023023046396748598 0.0059639391242441355 0.01287954925742395 154 image_000154.jpg

30 0.9825716571674986 0.02638292870237546 0.18307277912348127 -0.018472930876433934 -0.11211200741275584 0.007984648237340892 0.09148432359341283 30 image_000030.jpg

31 0.9989890300829308 0.003925896443333979 0.04476613509288808 -0.0012282930646190366 0.07803721301863567 -0.005567519096274701 -0.05235079004851533 31 image_000031.jpg

34 0.9385110701343087 -0.11831876335200267 0.3192829000235373 -0.05706203804003408 -0.028968014449247063 0.003948554687052271 0.007646112726025481 34 image_000034.jpg

37 0.9311447948931163 -0.11344942381996327 0.33627464622178843 -0.08377318092958456 -0.06555325913855123 0.06426382046995853 0.16065449946162152 37 image_000037.jpg

46 0.9334337679377968 -0.13304830349528907 0.3257497978747554 -0.06990442046812378 -0.04092630511058337 0.03197802676219267 0.08313205588245784 46 image_000046.jpg

183 0.9375032095587671 -0.11422444240139515 0.32242743768590093 -0.06388323950415048 -0.06071753451391048 0.045833752849656885 0.12088166570596558 183 image_000183.jpg

57 0.9681717603990829 -0.12425346161293017 0.21323410867349804 -0.04166219959298355 -0.054638384346134466 0.03307455430168788 0.09852309295061693 57 image_000057.jpg

191 0.9524487433437882 -0.10460252735575586 0.276405509860467 -0.07415998205193719 -0.02519055976501794 0.0649878982960942 0.16861497425186833 191 image_000191.jpg

94 0.9379958079422531 -0.16128613462766406 0.2907826218473591 -0.09795980691869555 -0.008153543128645704 0.0306625824329311 0.05931992119020451 94 image_000094.jpg

132 0.9224184686045069 -0.12232025508610928 0.35906113967302483 -0.07250542581509227 -0.07307363405095299 0.048342456683634995 0.17821552150173492 132 image_000132.jpg

166 0.952504718469716 -0.11499950199508632 0.27317241720959673 -0.06990491797332639 0.021536308111086713 0.08554697176892462 0.20524668818935538 166 image_000166.jpg

45 0.8861528374044125 -0.11223597972451689 0.4386815050164445 -0.09846211276103936 -0.31701709384146204 0.0070601120315798155 0.02482230876187405 45 image_000045.jpg

173 0.9616901270105894 -0.06646791175186403 0.2645701486030271 -0.02714319722238511 0.09497350021634986 0.057300376661582 0.13099283696429642 173 image_000173.jpg

180 0.970266958062732 -0.027687144772129423 0.23538052115366043 -0.04910658728445947 0.10475748109563202 0.0017516961572773136 0.03548947370813963 180 image_000180.jpg

59 0.9570577075222767 -0.057853420201417184 0.28130776094602505 -0.039490086096114846 0.014636777558712136 0.053650033503432414 0.21982680668975696 59 image_000059.jpg

72 0.9845290517536373 -0.04559618086582921 0.16711136216112984 -0.02640694114971337 0.05242344488130763 0.023635733473499565 0.14242245485553975 72 image_000072.jpg

202 0.968626780604334 -0.05282607686861123 0.24005217660272182 -0.03669473908950287 -0.03226849427450558 0.07012808052305813 0.30555974383116813 202 image_000202.jpg

211 0.9359348609114331 -0.10073750346375861 0.32999995239929847 -0.07055444895513201 -0.06586323426521935 0.049043438473650926 0.15732527202237293 211 image_000211.jpg

216 0.9548231011213365 -0.05570371313016394 0.2837191494681003 -0.06865417616289399 -0.0431542759160803 -0.004382669101509332 -0.040776156107447774 216 image_000216.jpg

90 0.8823879263687592 -0.12574211661935772 0.4387842520533226 -0.11423137485350447 -0.30822744692624815 0.022576380533375403 0.04023923624332529 90 image_000090.jpg

226 0.9492844069588393 -0.1436919444098236 0.2615672087060806 -0.09896637917655739 0.0007501901767998712 0.024044159517335552 0.07197574344561769 226 image_000226.jpg

99 0.9930234421301861 -0.012107170476610566 0.11658658299784946 -0.01286190579137077 0.13541008616980327 -0.02809512446467331 -0.19550184631791256 99 image_000099.jpg

102 0.9586710916922576 -0.1590198653832457 0.22429470804458723 -0.07317299839867168 0.09567327921399853 -0.03451611357733701 -0.07210589166112505 102 image_000102.jpg

106 0.9994697105198885 0.013190131672735958 0.02059654912600325 0.02149646554521013 0.009494999100624584 0.033832991354768506 0.18217252200360973 106 image_000106.jpg

116 0.9547578731406879 -0.12126671316087151 0.2637884437287648 -0.06440060612408033 -0.0019867409741744658 0.008939691571565688 0.032062345133872974 116 image_000116.jpg

119 0.9450916335494746 -0.10220188998961868 0.3022225290435826 -0.07083888454369952 -0.03341869540515261 0.046688787363380814 0.11857709950995096 119 image_000119.jpg

122 0.9198589297050562 -0.23592884039000017 0.27365890856398406 -0.15266939143624614 -0.15475631044202356 -0.3322577732631097 -0.46825968791292016 122 image_000122.jpg

125 0.9244025302012978 -0.058341752415911066 0.3734995326635921 -0.050737676756179836 0.0056945057604294025 0.05503411600855754 0.19380711756843014 125 image_000125.jpg

8 0.9674349752408729 -0.12553193380121472 0.21303077980397178 -0.054121916402700095 0.04751858763013786 0.042842612696118026 0.11278020590277074 8 image_000008.jpg

24 0.9910438040161782 -0.025800643627151003 0.13079834369101342 -0.007635561922193945 0.10183227830408409 0.026174836456593006 0.12926690880835676 24 image_000024.jpg

168 0.982626747224125 0.07523971408416383 0.16963776657117613 -0.0025871490007876056 0.04826079377006199 0.011016479311143922 0.18438471352038255 168 image_000168.jpg

171 0.9706053417575309 -0.0956555096867977 0.21973937231607776 -0.022133668260720874 0.17264476290605735 -0.07726242351241683 -0.28059000066956474 171 image_000171.jpg

178 0.9471182575702916 -0.13437908983307395 0.2821696372859363 -0.07272932113654548 0.0668830743317667 0.0402281785683051 0.12175951316456354 178 image_000178.jpg

212 0.9514624308756787 -0.08230926549069512 0.29214283599399204 -0.05096071489874045 0.006292941406942018 0.055360652184256405 0.20962119911669555 212 image_000212.jpg

86 0.9243694052850608 -0.15379197964534513 0.33474878519456913 -0.09915886020394224 0.0363742048926735 0.10118012365329579 0.20074329521138534 86 image_000086.jpg

225 0.9754042902318443 -0.07439724574686894 0.20290531209751148 -0.04336991775325586 0.019184622020485473 0.08338557365864915 0.15237217746808462 225 image_000225.jpg

145 0.9507840414501623 -0.025586651178029038 0.3027422432404458 -0.0608454572528409 -0.015613600717660853 0.0254720541111358 0.16385452026470743 145 image_000145.jpg

186 0.9356369323873738 -0.1319806673617092 0.32061717612098534 -0.06610037705735917 -0.06492187404633759 0.05155314688203912 0.11798015953283214 186 image_000186.jpg

189 0.9723219940666862 -0.12933654360490293 0.18867191500763986 -0.047591153699167374 -0.05927898282103676 0.060985165859809634 0.14008589786255415 189 image_000189.jpg

115 0.9703932020475127 -0.11418588291026993 0.2095663695586132 -0.03715590044519299 0.09495485346230129 0.0827061170614172 0.17330632214481478 115 image_000115.jpg

78 0.9931056644769746 -0.07421573558866398 0.0899777569621757 0.011711746739468393 -0.2378410066042379 -0.16557990053556607 -0.5943690615317134 78 image_000078.jpg

121 0.951524342462984 0.04188779569557918 0.3031946940453496 -0.030328586700163505 0.025704351269040887 -0.014382103472873591 -0.37082029376794484 121 image_000121.jpg

133 0.947021210404991 -0.10472131638540444 0.29858212996168515 -0.05507250280618095 -0.009866459251474669 0.05927414558704741 0.15384158907045853 133 image_000133.jpg

80 0.9989691411648223 -0.001363021840535463 -0.04524351956884027 0.0034377039738668 0.2132738150063621 -0.06634162391618652 -0.5494759561943919 80 image_000080.jpg

79 0.9711121134607086 -0.06345137135385517 0.2290265755445299 -0.021494705033789783 -0.5483210304297612 -0.1786925734906719 -0.6487283541849311 79 image_000079.jpg

153 0.890929814533645 -0.013092535285704478 0.45199096643980036 -0.04215234504897906 0.1487499329137437 0.038613432135879956 0.1010329194201484 153 image_000153.jpg

