# Image list with two lines of data per image:
#   IMAGE_ID, QW, QX, QY, QZ, TX, TY, TZ, CAMERA_ID, NAME
#   POINTS2D[] as (X, Y, POINT3D_ID)
# Number of images: 529, mean observations per image: 6.272
200 0.9997584400893925 -0.021398378001915713 0.0047794765510816625 -0.001522943375341409 0.009414753420367489 -0.024316662740234987 -0.1020166389029081 200 image_000200.jpg

170 0.9999526728218602 0.0040636810217413895 0.0004246940287428742 -0.008830339106822125 0.024929718310261403 -0.0007948769354145409 -0.05488516035261413 170 image_000170.jpg

117 0.9674289170052649 -0.2517624974331534 -0.020190333212873942 0.01700843301193406 0.08873536306060269 -0.43203029864617987 -0.33283436761807406 117 image_000117.jpg

6 0.998980517687288 -0.042447113555913185 0.011487311412813169 -0.010208549316930928 -0.011754517598152159 -0.0032501439384284188 -0.13263455731224594 6 image_000006.jpg

201 0.9995673987593258 -0.02699501689284507 0.010913472314859878 0.004146461858382913 0.008366477309055353 -0.025067081348383757 -0.10223550626763495 201 image_000201.jpg

232 0.7190191808597546 -0.0280245077218931 0.06900297666326918 0.6909881195317645 -0.013305047845211866 -0.13092646817413278 -0.06067481834409054 232 image_000232.jpg

183 0.9904839558106038 -0.11412829797517002 0.07085590983324554 -0.02992815766923657 -0.16729087748002916 -0.22297108988380648 -0.30007209880849667 183 image_000183.jpg

184 0.9998658888965846 -0.01594568830550959 -0.003691366772235118 -0.0005528012822161142 -0.003730825370218969 -0.045121511562278276 -0.11820243988089492 184 image_000184.jpg

0 0.9999481031615018 0.0011568534543025307 0.008884674212903801 -0.004848622044334233 -0.017089711689693955 0.0020017499952354016 0.2905454671255545 0 image_000000.jpg

11 0.9998433722100968 -0.009597545658737633 0.013769879125325138 -0.005614152116153729 -0.01462474748125586 0.009189769898384069 0.29459887042052557 11 image_000011.jpg

186 0.9993960409617978 -0.032750128483880384 -0.011040885190617742 0.003618170858998055 0.031227488280085786 -0.05139109003468332 -0.1161806103462304 186 image_000186.jpg

524 0.9952978725501826 -0.031523687036154026 0.07970249701569708 -0.0451210291085476 -0.17287005227177754 0.00882720333419704 -0.007196548987003053 524 image_000524.jpg

192 0.99111682134677 -0.1322211327789203 0.013030530794515818 -0.005935368298112227 -0.025282672447944833 -0.22157449015587555 -0.29780419496775307 192 image_000192.jpg

356 0.9987683668443155 0.00518159105849678 0.048488147741256905 -0.009154550531427212 -0.07628244645511195 0.0055515374590831505 -0.032269199892759406 356 image_000356.jpg

34 0.9992876455729697 0.03571200337328636 -0.007019687654006753 -0.009978136165389808 0.025810451022531787 -0.0037597264203980334 -0.053114410017310314 34 image_000034.jpg

48 0.9960677963788868 -0.028909601292539413 -0.08166836278969408 0.018532791755224536 0.18893131260656018 -0.09542669592975711 -0.208738192641772 48 image_000048.jpg

465 0.9928921566401426 -0.004100336541298697 0.11380003308912702 -0.034610883730112695 -0.24311333117585981 -0.023392537026343873 -0.11363453922947239 465 image_000465.jpg

102 0.9901218221361974 -0.01636111259937189 0.13725746985321474 -0.02348344279351169 -0.284210087647615 0.0071351239947891176 0.08582105917421937 102 image_000102.jpg

1 0.9989344080758256 0.045531528111930335 0.0009293077675390963 -0.007486825362234698 0.012789999357728855 0.019977924686940318 0.2886907959741667 1 image_000001.jpg

160 0.9951033710800674 -0.09628032708523465 0.017952852867509583 -0.01330698920293965 -0.043000861715743695 -0.04359783391591593 -0.0771321260783499 160 image_000160.jpg

450 0.9980110045859366 0.023123322850302004 0.057387458126536534 -0.012084441965066427 -0.08258453925828618 0.004797493643585486 0.0983832924067213 450 image_000450.jpg

504 0.9990582447569427 0.0008094541555171483 0.04178299775442894 -0.011668868634261581 -0.07480692882714218 -0.014239466825747647 0.06662514527366513 504 image_000504.jpg

307 0.9995629235959343 0.009249077785426 0.027877924832062462 -0.003353901963500435 -0.17801423519075316 -0.005697808069034812 -0.008882831652128194 307 image_000307.jpg

305 0.9983279169127811 0.02946054542691213 -0.042259758790807546 0.026221420317098346 0.03112304179616492 -0.0004789833500117006 -0.0009445654600163779 305 image_000305.jpg

177 0.9983620192721637 0.055871926042040373 0.010427182073221927 -0.0065490440482426976 -0.038210229873998615 -0.023654600980046733 0.014264558037368646 177 image_000177.jpg

491 0.9980707632292842 0.06079026980156705 0.010267613347369645 -0.007340125587181222 -0.03748779115897584 -0.013712959071727092 0.013515711571485758 491 image_000491.jpg

255 0.9924954739883001 0.047862325754928624 0.10968957674921966 -0.025102240904779572 -0.16135842324014163 0.04064955406770485 0.5136721058809648 255 image_000255.jpg

86 0.9717378608503815 -0.02496783187553656 0.22305800384479527 -0.07312507473816644 -0.4450684344852317 -0.018129238569082263 0.04158840680651593 86 image_000086.jpg

227 0.9971017262799752 0.07556016282525291 0.00811063524177656 -0.0036084039320941675 0.029088762555676596 0.03339345260305303 0.18852330414936064 227 image_000227.jpg

231 0.9336624998053352 -0.0031596095582645486 0.3319546281160105 -0.1344265445945938 -0.7424769403026557 -0.034617630658768814 -0.05657538474880197 231 image_000231.jpg

271 0.9986329569407074 0.03631179063523068 -0.03527856029651555 0.013003567050120618 0.08324114051623574 0.02082527728192543 0.2218781593335386 271 image_000271.jpg

374 0.9997760402705986 -0.0029332968493454865 0.020759773631651546 0.00287804493927449 -0.06328988687692222 -0.028623358052106126 -0.01772874498516445 374 image_000374.jpg

475 0.5628839745218017 0.14800750225847473 0.25154421223807827 -0.7732921900798247 -0.09047492108276166 0.7103748164603125 -0.13364731469085128 475 image_000475.jpg

