# 3D point list with one line of data per point:
#   POINT3D_ID, X, Y, Z, R, G, B, ERROR, TRACK[] as (IMAGE_ID, POINT2D_IDX)
# Number of points: 1222, mean track length: 5.04
0 -0.01808337442199028 -0.2165366950884099 1.225973633568001 178 172 164 3.34
1 -0.213299078826478 -0.2054346191283255 1.155139102552727 144 140 130 2.27
2 -0.07610394423747636 -0.2085914501685435 1.202788724617314 144 144 141 3.05
3 -0.1291689275945081 -0.1955796284800169 1.181609728107262 119 112 100 4.62
4 -0.3109629416318821 -0.19016316831229 1.123091707485903 123 120 116 2.96
5 -0.2168830213247827 -0.1766321831429002 1.150786613233766 181 176 160 4.64
6 -0.1132727582403175 -0.1728757055583734 1.186327595559519 133 116 108 4.28
7 -0.2227347596333417 -0.1691460030889913 1.148484828622205 141 136 128 4.04
8 -0.2128300563362242 -0.1744618455197999 1.159314496401807 153 151 143 2.68
9 -0.2230313874912448 -0.1629436695410698 1.143443924189393 128 126 123 5.13
10 -0.1795946085974857 -0.1643706060990046 1.159984653019383 118 116 109 3.95
11 -0.1466607395303504 -0.1656339532614758 1.178545040045639 194 187 155 4.09
12 -0.1676927843417275 -0.1641181149825789 1.172743225090271 189 171 132 3.44
13 -0.1869139881005104 -0.1665551774513477 1.170285309634932 173 170 164 2.3
14 -0.172464985123159 -0.16025115535994 1.168020372181048 168 164 157 3.86
15 -0.05499490043300741 -0.1608184552474803 1.208027385038942 116 114 106 3.75
16 -0.1542785279040251 -0.1566165231067925 1.169408325427327 176 169 151 4.57
17 -0.249439823998617 -0.1542313323064605 1.136547581675555 144 139 127 4.32
18 -0.2463726882409567 -0.1493627557374636 1.127913949017827 140 137 128 3.79
19 -0.2645183228348624 -0.148807990829702 1.125051305090831 148 146 134 4.56
20 -0.2620753816482211 -0.1551571917020048 1.137186850633949 175 172 162 3.05
21 -0.2612963741061679 -0.1530004805703482 1.13365146428009 157 152 143 2.93
22 -0.06846768412457671 -0.1504855253386806 1.195516991349443 96 83 76 3.97
23 -0.0579913623824766 -0.1553824756593591 1.20787350324411 104 83 78 3.96
24 0.09925739878838263 -0.1514471026033173 1.259300963628442 64 64 59 5.63
25 -0.06749332275705446 -0.1392475256957107 1.199322845989989 134 127 115 3.49
26 -0.1693776337337761 -0.135528712431518 1.175153400057291 155 123 68 3.04
27 -0.177326030431852 -0.1323637043243971 1.174430477590593 111 94 73 3.01
28 -0.2380834740528759 -0.1290396110613895 1.148678970349682 153 143 126 3.71
29 -0.1385487290141292 -0.1283041186267461 1.184620724535057 153 138 108 3.17
30 -0.1350374115597633 -0.1275279136589529 1.184387625262384 159 145 119 3.3
31 -0.008542364703995817 -0.1170364947334618 1.221876356401665 175 168 154 4.5
32 -0.1783596612948657 -0.09161315558287356 1.166994309248159 156 152 137 2.86
33 -0.2516976139746656 -0.08861696316092624 1.131426473279367 134 103 69 4.17
34 -0.1826486091187548 -0.08996354782886917 1.164956496849337 183 159 113 2.95
35 -0.1828467145411658 -0.089914103302936 1.165022265364614 173 147 103 3.55
36 -0.1427020560411574 -0.08864278845510218 1.182348873445316 147 157 143 3.39
37 -0.2425180128377058 -0.08909106140940237 1.149039889469314 122 116 108 3.74
38 -0.2496038057554781 -0.08368890227120088 1.137775583932638 64 56 46 4.54
39 -0.1701476394770831 -0.07981670776018371 1.157830260923648 94 88 78 4.75
40 -0.2464041535433286 -0.08368727914197566 1.142247496509158 69 61 53 4.97
41 -0.2441911649289537 -0.08863428025083459 1.155133804934713 116 116 105 3.26
42 -0.1773185378188016 -0.08259699324271885 1.173459117975645 124 127 113 2.98
43 -0.07995791809173824 -0.0769243442391936 1.195361796783255 89 85 76 3.96
44 -0.1181647167803419 -0.01788265467476381 1.180317278670907 143 130 100 4.0
45 -0.1119364177972581 -0.01843702864096801 1.183928622318913 104 94 72 5.05
46 -0.2378101383151076 -0.02067720523525879 1.137756194527367 109 108 106 4.21
47 -0.1131686673418921 -0.01584457778897519 1.180316446631517 146 128 106 4.18
48 -0.1175995826994742 -0.01666369244326597 1.182753089310338 131 117 83 4.88
49 -0.2268543723062404 -0.02170066107365604 1.157858010258024 145 132 95 3.87
50 0.02896973312376437 -0.001833055616592368 1.221646296981023 99 98 96 6.58
51 0.03016056519950763 0.007744963822287836 1.225045286508949 105 102 100 4.73
52 -0.06707099529259059 0.004080261801650144 1.189938579954631 97 97 89 5.83
53 -0.2300003595697065 -0.001845623426444419 1.138960172145679 94 90 78 5.32
54 -0.1699983120035172 -0.0003947258236586607 1.163671585948186 85 78 69 4.8
55 -0.1699983120035172 -0.0003947258236586607 1.163671585948186 85 78 69 4.8
56 0.05733801151975604 0.009140810438980115 1.235891697535649 121 108 102 6.5
57 -0.1693428640497138 0.0009707661011904636 1.165284378228032 123 115 104 4.74
58 -0.3082704221152562 -2.337656227761192e-05 1.115229147570568 164 160 147 4.39
59 0.08265908341815276 0.02022782830855214 1.248053850628686 107 90 85 6.71
60 -0.184030766999447 0.02278719454866588 1.164066558738577 63 48 42 5.29
61 0.01336579118753345 0.03378638893657621 1.223276651372151 96 75 69 4.94
62 -0.1682225230690744 0.02620159854996821 1.161976818521575 108 110 99 5.3
63 -0.001407605200439324 0.03706853172336363 1.211756181989865 160 147 136 6.6
64 0.000226854934626583 0.03736527866685858 1.211805105764592 138 124 116 6.59
65 -0.06101767225474703 0.03750977139940886 1.187334196032308 155 157 148 6.23
66 -0.04242673874106941 0.03953998609092307 1.199372188511969 70 69 68 5.59
67 -0.004285831965618589 0.04880573649184549 1.208931933913409 125 92 90 6.58
68 -0.1971021822198392 0.04931980551593892 1.146584348457349 84 73 76 5.67
69 -0.1663087799012151 0.05288541745653683 1.155410388545938 82 72 74 5.81
70 -0.1381559064607851 0.06270428520379571 1.159437447981232 117 113 106 5.43
71 -0.1717475781336809 0.06142766717126455 1.150894336605042 88 70 63 5.7
72 -0.0344056364659086 -0.2156007073293622 1.22253108901868 109 117 117 4.25
73 -0.02473774738075424 -0.1948908271327212 1.224994298955707 129 131 131 3.69
74 -0.1905666731286028 -0.1659136348890226 1.159481133060103 168 163 153 4.24
75 -0.1818946470003767 -0.1636228218262641 1.158133631253831 142 138 130 4.02
76 -0.1086344906873338 -0.1621239153868353 1.185883174251448 151 145 137 3.48
77 -0.1093332271319895 -0.1631715892933024 1.187294606726139 142 140 135 4.18
78 -0.1477406189763923 -0.1635747165570119 1.179346051116135 210 201 177 3.04
79 -0.2923484764567245 -0.1547771550276657 1.121279622638756 144 134 123 4.67
80 -0.2463518013777388 -0.1525735332557967 1.132991079132639 144 135 120 3.84
81 -0.248499702473143 -0.1545505631388213 1.137266725156437 148 140 126 4.19
82 -0.2509101872632263 -0.1531747144872453 1.132952367499093 153 149 140 5.14
83 -0.2507113414309362 -0.1525103287843964 1.132259048279499 145 141 131 5.11
84 -0.192481204768497 -0.1536950387931135 1.157830747730514 158 151 140 4.22
85 -0.1769120390920447 -0.1582908953412195 1.170060301245125 176 175 165 2.34
86 -0.1272131175982944 -0.1567865286073261 1.186318712413276 141 139 123 3.79
87 -0.227405429993985 -0.1516740411947365 1.145093288465307 140 135 124 5.23
88 -0.1703055389200452 -0.1512785283968559 1.160924277806632 162 157 147 4.04
89 -0.2051131551805927 -0.1567922966046475 1.159525203484428 149 146 139 2.75
90 -0.2737476641371951 -0.1546166455573018 1.13393326306637 133 128 119 2.42
91 -0.2286745051727872 -0.1495426600685011 1.143745859722205 156 152 141 4.88
92 -0.2179277226004163 -0.149885006150409 1.14865587567373 163 159 144 4.48
93 -0.2624090758282427 -0.146080647004221 1.125845491278156 141 136 120 4.55
94 -0.1302125960211663 -0.1494961952504629 1.180761189238211 130 127 117 4.81
95 -0.1242903930916147 -0.1458299743717656 1.179739453861637 134 129 120 2.33
96 -0.1222187206129417 -0.1516243400845171 1.186855546427197 154 150 138 4.39
97 -0.1223916296655436 -0.1524442812245656 1.188869496230492 162 159 148 3.47
98 -0.2225799746289308 -0.1512662651493487 1.153357133767561 166 164 153 3.04
99 -0.08179769701778834 -0.1538309634157889 1.203024839642463 170 168 162 3.7
100 -0.2157340195782627 -0.1463945878887654 1.145761566466795 164 158 147 6.35
101 -0.2170653738809114 -0.1466744215078782 1.147730398067247 161 157 146 5.48
102 -0.1915280524024784 -0.1467424874904399 1.159093247373787 115 110 98 4.86
103 -0.1732280156301801 -0.145562983323909 1.162963751838555 121 109 93 3.5
104 -0.1013356603566577 -0.1451168082663324 1.188768945680128 171 167 155 4.25
105 -0.09753182730110529 -0.1462420748938053 1.192872301836397 165 162 152 4.49
106 -0.07105445508249388 -0.1430028300947748 1.195322556229127 136 135 128 4.96
107 -0.06540720675263254 -0.1424689366473028 1.203946034571307 132 124 109 4.05
108 -0.06544902429515993 -0.1436244925082574 1.207355115875695 127 120 105 3.97
109 -0.06193768433376792 -0.1448384024320242 1.210110053693821 93 86 76 4.77
110 0.02209260994483329 -0.1400302986422906 1.234654184936254 141 140 131 4.93
111 -0.07794195633017972 -0.1240766231765379 1.20176270594417 143 139 128 4.42
112 -0.2450805743582338 -0.09406671190675792 1.147133787792133 146 121 89 3.51
113 -0.1541141316997977 -0.08910588353954371 1.171085334804055 166 142 106 3.45
114 -0.179477857185076 -0.08839907182377035 1.158844915394589 154 133 102 3.29
115 -0.1955484770085281 -0.07509926044649358 1.10051987009766 86 86 85 2.74
116 -0.1831580289812728 -0.08612517073447445 1.156694324780069 144 114 80 4.6
117 -0.1261711186300628 -0.08984271110675937 1.189525036614469 71 68 72 3.81
118 -0.1150841483744252 -0.08916752475221951 1.192241522523059 76 70 78 3.9
119 -0.1296580448552926 -0.08697757602057113 1.188374810353955 66 58 60 3.67
120 -0.1259771305623186 -0.08250567813523474 1.178607720924533 59 54 58 4.49
121 -0.2578072558689625 -0.0846418565080283 1.138037422410675 96 86 64 3.75
122 -0.1489291903846522 -0.08048147994712773 1.171227063231597 99 86 64 4.5
123 -0.1304157568859388 -0.08320974469797024 1.186277666378027 111 111 115 3.22
124 -0.1027786869316696 -0.0783890288070338 1.18771467412545 144 142 132 4.6
125 -0.09386138510937722 -0.07902175306042997 1.193389857767687 103 92 68 4.41
126 0.03572483854178839 -0.03148881420923486 1.236500174679207 89 75 53 5.89
127 -0.2563073086905976 -0.02119573483179756 1.128191729819243 70 70 69 5.45
128 -0.2219918826808377 -0.0203769575359356 1.148768554746671 121 111 108 3.87
129 -0.1217199195398593 -0.01665128737432063 1.178173899204178 75 70 71 5.66
130 -0.01235285418174324 -0.01215880894404919 1.21405861066096 111 88 63 6.04
131 -0.3310795195953883 -0.0197861102120189 1.113419741423056 86 67 36 4.34
132 -0.117484689158175 -0.01192762503862043 1.179663129131174 134 117 87 4.18
133 0.05836757377158627 0.004889960080408894 1.241277368666403 113 107 104 6.03
134 0.03269709828283085 0.004509820232990187 1.230905830756523 131 127 130 6.15
135 -0.07062524235757378 0.00418270710123915 1.187810077480918 75 70 71 5.71
136 0.0343211033976568 0.009352452628615837 1.227325222498997 113 107 105 6.47
137 -0.2652968168751043 0.0005190430778471145 1.120614643088192 146 146 134 4.22
138 0.02577435624557213 0.01036113567093095 1.224844282564424 124 120 112 4.92
139 -0.1680800786335363 0.008485989500177406 1.157067854576717 114 110 92 5.31
140 0.05235756307435349 0.01932551906156352 1.236634199862638 111 97 93 6.62
141 -0.02920740199247099 0.02304938113820502 1.201190523303151 140 143 136 6.25
142 0.0193030238700052 0.02667180527905055 1.230458470948347 53 56 53 7.17
143 -0.1112090671012704 0.02437896562417915 1.179232602555397 89 83 75 5.49
144 -0.1811520643889033 0.02323128976244897 1.152288205876689 63 53 39 5.33
145 0.0465613755799712 0.03222576454801433 1.235596966277561 94 75 78 5.16
146 0.002019858341856445 0.03715279686655819 1.211737290996826 110 97 91 5.79
147 0.006144082988457783 0.04206047476538225 1.21307032224869 72 54 52 5.56
148 -0.1775332267970408 0.05161688970799982 1.152716928141484 57 41 46 5.49
149 -0.1681410045564652 0.05335386906141362 1.154325205656986 111 105 104 5.99
150 -0.1363289102874639 0.05647470731151029 1.161878304505981 134 135 127 5.54
151 -0.0672204227545567 0.06266211975126221 1.186753495146973 127 118 105 4.9
152 -0.232967891570096 0.05533283715342381 1.132287457050709 120 115 96 5.88
153 -0.2332735943107275 0.05443654439814725 1.133116572410268 126 122 104 6.55
154 -0.06589430913082377 -0.2220810684707803 1.207382164683931 245 250 250 4.48
155 0.08622199918024545 -0.214527827192676 1.265997253368875 226 233 230 4.53
156 -0.1265013885736652 -0.1780680404204854 1.182707615278628 132 132 126 4.12
157 0.1533759149610337 -0.1803884497457074 1.295566456507442 184 194 196 5.14
158 -0.2516452771136954 -0.1576096824517159 1.132348396411832 151 145 135 3.94
159 -0.08983573768942957 -0.1641395830634651 1.199687796010676 148 142 127 4.3
160 -0.1566720515057445 -0.1504426630363572 1.165213352830823 148 143 137 3.15
161 -0.3040446315427325 -0.1580106428697764 1.127823812310602 141 134 120 3.82
162 -0.2970388841415718 -0.1545882783320873 1.128805690001947 140 136 125 2.97
163 -0.1294878962670875 -0.1539276060388895 1.183375171051565 174 170 162 3.79
164 -0.2884843959873986 -0.1479949587689234 1.120062384291246 136 129 118 5.7
165 -0.1654233216563421 -0.1543430109638436 1.171166633999863 121 114 101 3.41
166 -0.2562867079669769 -0.146867850078211 1.127677538462205 151 146 137 5.19
167 -0.256470678116436 -0.1530894128117781 1.140542418030215 113 111 99 2.58
168 -0.2525069465504193 -0.1510271236475163 1.13967712524539 150 147 134 4.75
169 -0.1950168358822338 -0.150077370051434 1.158081835118414 142 135 122 4.07
170 -0.2980778454737135 -0.155298293182129 1.134500138996392 141 140 132 1.89
171 -0.289641605515491 -0.1501316317277824 1.128723709127988 132 129 123 4.55
172 -0.3333448673158993 -0.1460104653206231 1.107306090600657 102 100 91 5.37
173 -0.07182978789659719 -0.1500934854061615 1.204822931140775 148 144 131 3.92
174 -0.1377478951631849 -0.1464474881511996 1.174005713499692 135 135 128 4.18
175 -0.1316638039822776 -0.147469660439236 1.180489420625103 148 142 128 4.01
176 -0.1189640249757682 -0.1461855589655561 1.186061301997206 158 152 140 4.74
177 -0.07370255726235034 -0.1484548574271061 1.205879486851655 139 131 120 3.83
178 -0.06703841486928043 -0.1452139769309974 1.202482053328657 131 125 117 3.7
179 -0.08660212194415555 -0.1428839891793063 1.195794354575369 128 126 114 4.93
180 -0.08660212194415555 -0.1428839891793063 1.195794354575369 128 126 114 4.93
181 -0.05542993652592951 -0.1447489311735466 1.207248338018529 131 123 111 4.55
182 0.006177691148942607 -0.142629557104934 1.233066996053564 154 139 127 4.74
183 0.01463326417726948 -0.1431227064420608 1.238741107640537 144 137 125 4.0
184 -0.05073587424357005 -0.1369721546731536 1.212282132443894 66 65 59 4.36
185 -0.02354956393542288 -0.1325013006244668 1.213476410715545 57 57 53 4.94
186 0.01822276958634571 -0.1357229498963576 1.236771463504175 108 109 105 4.1
187 -0.2557151335280153 -0.02374608035814189 1.129660926011951 103 104 108 5.51
188 -0.2423499502206556 -0.02213722865796823 1.130684224577458 88 89 94 4.65
189 -0.09831917470471521 -0.01046090953547993 1.184141613149312 138 137 128 5.36
190 -0.3367558417775892 -0.01877055034403116 1.118038639097764 141 113 74 3.78
191 -0.1681533805105564 -0.007994571637851736 1.151615176850866 123 122 112 4.65
192 -0.1405754722689553 -0.00179483138711653 1.165293581290544 124 115 107 4.9
193 -0.1694647590080608 -0.0006707827299508723 1.157938598486294 129 124 112 4.65
194 -0.2651627542473677 -0.002799590297310126 1.114239182997355 141 135 123 5.17
195 -0.2309768071100738 -0.002760972584146565 1.136936679207953 114 110 100 4.94
196 -0.166018989309173 -0.0003435158822150536 1.159997533571176 131 130 115 5.04
197 -0.3039126037692811 -0.00450002476430806 1.112676059135111 111 108 100 5.45
198 0.05207371980339293 0.0149288518901435 1.236098348451971 101 90 82 6.42
199 -0.3025425459443816 0.00753000872623736 1.105458156068907 153 147 131 5.7
200 0.0210701498818098 0.02895017705591012 1.228020056959161 79 80 74 5.42
201 0.01828821995032058 0.02888955657576999 1.231911656784063 67 68 69 7.07
202 -0.1818235750293803 0.02605091860983234 1.158777171224325 83 66 47 4.61
203 0.05080725058624858 0.03911592836536755 1.235922104930808 117 102 94 6.64
204 0.01089249084283873 0.05122928375169782 1.213119016333701 63 54 52 6.84
205 -0.1008923912069321 0.04671172388256129 1.177150613211415 135 129 113 6.24
206 -0.1047518030425477 0.05795990790080566 1.174311370245318 118 108 95 5.22
207 -0.1727767422221652 0.06228092471325836 1.154048593526302 58 55 43 5.06
208 -0.2115594674682864 -0.1998617280675382 1.153561967692813 99 95 86 3.39
209 -0.2082515382678714 -0.1944097730687274 1.155364522283178 113 107 97 3.5
210 -0.1257805058708428 -0.1958612624510674 1.182386553118659 90 88 80 3.92
211 0.06618278205190173 -0.2071667355694711 1.259664384039156 123 123 123 4.5
212 -0.1313955543740316 -0.1936157035069194 1.185441333873442 114 110 104 3.58
213 -0.1976489322879854 -0.1885290971734876 1.159226519056629 136 132 122 4.13
214 -0.1865957778110612 -0.1721408799048607 1.162951002946266 142 138 126 4.03
215 -0.0835442495905892 -0.1706607082435688 1.19197240933202 90 90 81 4.2
216 -0.2106334104294509 -0.1666102633195797 1.154526644684714 164 156 142 2.99
217 -0.1107746122711082 -0.1685775024345374 1.1907091875328 141 138 132 3.45
218 -0.2052524812770771 -0.1590740310799952 1.157878409427663 162 158 149 3.71
219 -0.06850906160824766 -0.1574859374837568 1.198523411330494 111 107 98 4.46
220 -0.1750851594786657 -0.1578673923576508 1.167434096707028 159 153 140 3.62
221 -0.203936678593867 -0.1502097747375233 1.15541988236656 146 142 131 3.98
222 -0.01296271666472827 -0.1489692665240065 1.230647230661218 119 112 102 3.92
223 0.005597078558147214 -0.1474925595448346 1.236591339932255 123 117 105 4.28
224 -0.1761563449807818 -0.1405442754367291 1.165246849245088 168 145 95 3.81
225 0.03398463605280135 -0.04285177723153698 1.238527506879207 135 116 82 4.75
226 -0.2462764859936737 -0.0232547637764788 1.132578202733697 83 82 87 4.68
227 -0.2297430078951491 -0.01352363539425 1.146948186250808 132 133 120 4.64
228 -0.227624412157909 -0.01210007446272833 1.138167122511987 117 119 104 4.63
229 -0.1358509040937819 -0.002713923779718068 1.168181211433299 132 124 116 4.98
230 -0.1357905406376879 -0.002971752300177342 1.167793773345526 131 124 118 5.08
231 -0.1031448142547616 -0.00237749922841355 1.178453034299675 128 126 119 4.77
232 -0.03558838611820194 0.0004535129834482635 1.201779972948854 135 132 127 5.02
233 -0.2289981597278673 -0.004567070266360961 1.135629540137885 110 108 97 5.3
234 -0.1704079930284415 -0.003996967170994889 1.155348846833189 119 117 109 4.55
235 -0.1675695338489687 -0.003024880114209864 1.159178950015593 116 110 103 4.67
236 -0.232680046804311 -0.004480109530324315 1.132926123441029 131 128 117 5.35
237 -0.04008135295955811 0.008092665501140427 1.195743806329584 128 126 116 4.6
238 -0.2588934279956091 -0.0006370176541270339 1.133133692264299 80 84 79 4.88
239 -0.3060631165493858 0.008113256622240987 1.116178080512532 170 164 150 6.5
240 0.005366171564332292 0.04737580476688331 1.217320291601099 52 50 45 5.75
241 0.007865824837701249 0.05271333678268699 1.213726105500509 84 52 50 6.13
242 -0.1771898111309514 0.05320095487756338 1.153828195336397 49 47 44 5.52
243 -0.1061675860887946 0.05716815252760862 1.178757776593654 108 104 94 4.57
244 -0.1335917131912948 0.06608983421758807 1.164989799482545 120 112 92 5.03
245 -0.06758797223019931 -0.2253263685833945 1.206944366325921 106 108 119 4.48
246 -0.01159744430103339 -0.2130669341006341 1.225656794233881 116 103 103 3.2
247 -0.1351810994904417 -0.1910466239818616 1.184249590367596 144 139 130 3.55
248 -0.1874256839435189 -0.1750616116316316 1.160055996239886 164 156 143 3.34
249 -0.1541461391643766 -0.1785990882489434 1.175208201392181 152 145 126 4.14
250 -0.08638567074071596 -0.1670471663224498 1.199973641139171 110 105 96 4.54
251 -0.06869774995542419 -0.1525865060128999 1.204195185145161 94 89 80 4.22
252 -0.001679819896896098 -0.1468340184576808 1.233622127197814 107 103 91 3.87
253 -0.2307872301816354 -0.08472230812051151 1.145043235397429 183 180 167 4.85
254 -0.230094168674936 -0.07959596811281108 1.146197795799343 160 160 149 4.08
255 -0.06118156008354483 -0.08149191760955971 1.213688735752194 172 167 152 4.59
256 -0.1879726230346405 -0.02439243019620545 1.15826564617676 100 100 103 5.61
257 -0.1110476319699471 -0.01574512302646252 1.183939042535361 86 82 73 4.13
258 0.05183819455065647 0.003910648579571643 1.237432207355414 43 45 37 5.89
259 0.05196835379894288 0.003802036220228858 1.238960131348558 54 54 48 6.39
260 0.04128730860583449 0.04399196451603304 1.229756036231594 79 64 59 5.28
261 -0.1759321957656592 0.04935243818802235 1.159299405999123 107 100 93 4.94
262 -0.1964540613919268 -0.1949653332616983 1.161986524930917 154 149 139 3.53
263 0.07320386266516601 0.03526702057074809 1.243093160477596 135 123 108 6.65
264 0.05296858318711262 0.03752490138219881 1.24163160972644 77 67 59 4.2
265 -0.003512067922808185 0.04829460024865005 1.211765885186856 92 80 71 3.6
266 -0.1954248871023864 0.05272205584386407 1.152817031445936 95 94 83 6.81
267 -0.01118533873974011 0.04384341577805506 1.218742451521773 55 53 49 7.26
268 -0.09082863106509183 0.04222879186111756 1.181584496137235 57 53 52 4.24
269 -0.09004701575723552 0.04265413095764864 1.184881321748186 72 73 69 5.12
270 0.1492100890994148 -0.179136071054762 1.295728284202105 118 127 132 3.84
271 -0.2134272392950153 -0.2198972229955272 1.153756749461701 177 185 189 4.06
272 0.04761416368428534 0.03492109730719756 1.238128832148153 58 58 56 5.7
273 0.09013346117877349 -0.1073143512302187 1.256838386871423 120 119 117 2.01
274 -0.2300842006360765 -0.1711495747357971 1.147852228752337 144 136 124 3.86
275 -0.1828688623591339 -0.1644654588229698 1.162847842443079 124 120 112 3.35
276 -0.2673085562573081 -0.1649036095630414 1.130533905591912 87 83 72 3.46
277 -0.07376905685814208 -0.1509048461133725 1.210638243770358 130 128 120 2.98
278 -0.2098051218303342 -0.146287368994684 1.152590157066157 142 136 123 3.61
279 -0.195612152462319 -0.1446503314527267 1.154727502203874 108 106 95 4.25
280 -0.1751735837305567 -0.1026423169925315 1.168182505743692 149 152 134 3.38
281 -0.1743947158623146 -0.08176301233232391 1.174258802400733 110 110 101 1.27
282 -0.2581632373532278 -0.08247532314533906 1.136609283753402 108 100 82 4.24
283 -0.2386249008919086 -0.08207966510691783 1.145033155151932 157 159 142 2.43
284 -0.211510971241096 -0.07323643932781451 1.153995652958423 52 49 42 2.48
285 -0.2433059982142372 -0.0375599508653152 1.152803732607986 142 139 106 1.92
286 -0.01361758164410805 -0.01382383716811714 1.21597235299168 99 93 71 4.3
287 -0.2803778564880666 -0.02736406758880676 1.142740881782788 62 63 66 2.06
288 -0.0691595465626363 -0.01369127583472842 1.186757041283094 109 108 101 3.71
289 -0.1043551618487869 -0.01677130653690261 1.19023728633092 103 103 94 4.48
290 -0.07086839402615402 -0.0130949383976988 1.192398825837003 104 105 99 4.87
291 -0.3055240233474815 -0.02097748725457148 1.111118589786962 90 88 76 3.63
292 -0.2267566083382473 -0.02032152587972583 1.146006120245664 113 98 83 3.62
293 -0.205305816250183 -0.01716617860235786 1.150958266325436 110 108 97 3.25
294 -0.3010237994165716 -0.01817913530488033 1.108113424398475 134 132 121 5.14
295 -0.3030416515252998 -0.01936150917922611 1.111316875671288 124 126 120 4.44
296 -0.302120485114336 0.03869494436821534 1.116486328302216 139 137 125 6.16
297 0.1608995369774124 -0.1552152919087191 1.293238172285709 179 184 185 3.34
298 -0.1994231805833072 -0.1467763053932507 1.163195076226034 99 90 67 1.73
299 -0.222706973207166 -0.1431562421733994 1.149411182441577 80 76 65 2.94
300 -0.08718009518336117 -0.0858693105992698 1.197903221466067 148 126 78 4.88
301 -0.2814929932393403 -0.08504684451260805 1.126218334017955 136 121 90 3.97
302 -0.2295055041646118 -0.08325785581576003 1.158700201550981 90 91 92 2.34
303 -0.1125865948988903 -0.07714033814292842 1.196439840864362 47 46 45 3.19
304 -0.2641670492531893 -0.07751803783217287 1.137389997180684 159 156 141 3.6
305 -0.2009208852842461 -0.02291880576601958 1.145321701556525 125 116 102 4.48
306 -0.1392570856310649 -0.01822702381394802 1.179487384539788 112 110 107 4.4
307 -0.1732639737289277 -0.01786623389047699 1.160852905212694 107 105 98 4.4
308 -0.0679256033587764 -0.000223965085609977 1.192681345400148 141 141 131 5.6
309 0.06111384629327937 0.03638300223375666 1.239782402093407 134 130 118 5.03
310 -0.07347776250495121 0.03082258653836401 1.185907957096717 145 140 129 4.43
311 0.02764379577564034 0.03956188286006649 1.223529339849984 93 96 89 3.66
312 -0.2820552133886324 0.0413781637937318 1.138791361481177 115 110 100 4.29
313 -0.2134602076122159 -0.08096094363385484 1.161956580921053 53 51 48 2.41
314 -0.197010881858671 -0.08322321719609377 1.172036507001615 72 63 54 1.55
315 -0.2405386790294459 -0.02744819768162117 1.143113022473002 154 150 128 3.88
316 -0.1163910898279412 -0.0132909685492484 1.180943570490371 159 143 102 3.95
317 -0.1165470943629052 -0.01368540360399929 1.180005301088823 134 121 93 3.8
318 -0.1652378658807737 -0.1985830366756625 1.176666971666203 120 113 88 1.79
319 -0.2535032835979595 -0.1649978120609658 1.137976983588058 149 143 133 3.86
320 -0.07826731728038774 -0.1537614387831547 1.202208216528671 165 161 150 4.06
321 -0.01330773963042658 -0.07334955243087972 1.229996528777217 70 75 78 4.28
322 -0.208436235237927 -0.07983247675696772 1.16614853037414 182 176 164 3.07
323 -0.1060923845603988 -0.02035139339486852 1.181265827491389 157 155 141 4.1
324 -0.00886106346894143 -0.01647878723149056 1.216554376358874 132 139 126 4.12
325 -0.3104129563678047 -0.02767239743432863 1.116447240246778 78 73 55 2.63
326 -0.2812310874263936 -0.1471148860781908 1.129250763968114 118 111 97 3.19
327 -0.2879469811270087 0.03228601597872355 1.13611759227825 103 101 94 4.92
328 -0.2800904922746325 0.03844386617525222 1.118793141156308 66 68 65 4.77
329 -0.2819342316829868 0.03732864634987751 1.123322317662871 82 83 81 4.93
330 -0.30268104013873 0.03660601820992315 1.128707664857445 87 87 79 5.61
331 -0.3140468305528139 0.05020482711662934 1.111238178468709 131 130 110 4.55
332 -0.2493732118876959 -0.1516770550674904 1.146060664421939 139 136 122 2.51
333 -0.03275404503612381 -0.006244302364222146 1.202315751887879 122 124 118 5.31
334 -0.2084448814381404 -0.1970581109481932 1.154558874797713 129 122 111 3.47
335 -0.2097177076021543 -0.1719352605443692 1.154394487419591 158 154 144 4.31
336 -0.2515682723301819 -0.16891556984846 1.130584885671078 169 160 146 3.58
337 -0.2072682617489106 -0.1672854002742412 1.153038996652281 148 142 131 3.16
338 -0.146726261165925 -0.1647148513819315 1.179730880087621 188 183 154 3.18
339 -0.2249358236454893 -0.1649965033977774 1.146682561102813 140 137 129 2.99
340 -0.2325375467244545 -0.161582849369793 1.139000115637476 179 169 145 2.37
341 -0.2596541279684793 -0.1579911653408783 1.122677177417456 126 117 104 3.08
342 -0.2113056486706169 -0.1595865609611342 1.150589688160895 151 148 141 3.33
343 -0.2109999832168197 -0.1568978921910569 1.149509372439619 146 140 133 3.18
344 -0.2477976624968586 -0.1592788352097819 1.138331670009916 147 145 135 2.6
345 -0.2135684675157603 -0.1488589529432397 1.142290828761411 138 136 122 1.12
346 -0.1040202884491281 -0.1448111432198924 1.188019183434773 194 189 175 1.6
347 0.01614387563671985 -0.1412792445181581 1.242968188900254 98 94 80 4.12
348 0.01538093537753973 -0.1408191523232423 1.240730781240204 106 104 94 3.94
349 -0.2420498053528608 -0.1479457104667907 1.141494518618039 164 157 136 2.95
350 -0.2542013006323256 -0.08796097708092582 1.127511720339404 140 118 86 4.38
351 -0.2753996912686563 -0.07758164506987597 1.124714740496976 96 93 86 2.97
352 -0.1808354987531468 -0.01753104518874274 1.155916315844352 101 99 99 3.02
353 -0.2064953898952265 -0.01578644799031489 1.146801773488905 179 176 168 4.32
354 0.1270416679604426 0.06992898945167021 1.26284490229016 55 50 47 2.91
355 -0.1975652174788405 -0.1869049337020442 1.158292923336572 137 132 119 3.61
356 -0.122539798844098 -0.1772220531487162 1.191437460615071 164 160 150 3.48
357 -0.1295826940589688 -0.1732891297796881 1.182995831741047 168 158 137 3.53
358 -0.1267914433589617 -0.1751356616349071 1.188186750735789 148 140 125 3.51
359 -0.1396631124217725 -0.1675835495839822 1.173836328560564 136 136 125 1.56
360 -0.1248665497803066 -0.1711744260940642 1.188529183960773 168 165 157 3.26
361 -0.1087021143173294 -0.1676715301158263 1.194186488884332 155 157 149 2.3
362 -0.2611025161921428 -0.159983035190383 1.130734967158829 131 120 110 3.3
363 0.09483426528926789 -0.141811639526035 1.268556886479557 115 110 97 3.41
364 -0.1403842998468975 -0.1506121104875866 1.178755683045384 139 138 126 3.8
365 -0.2818228519607882 -0.09056562115846367 1.123941836725104 206 188 140 2.05
366 -0.2938094628517987 -0.09005887932936107 1.129294042269068 98 88 70 2.33
367 -0.2197559944433554 -0.01288481562337922 1.149804492753928 115 104 91 5.08
368 -0.2979233155676732 -0.003783761101173025 1.112824892438455 86 82 70 3.46
369 -0.1180155922907565 -0.1728072751710407 1.191946823228974 166 163 154 3.83
370 -0.2727226412008293 -0.1619928862518338 1.126212997641741 90 87 78 4.64
371 -0.273530005050332 -0.1640779611106843 1.127438926769542 103 100 91 5.65
372 -0.2734978036641452 -0.1507859608685582 1.125435093693275 143 138 112 1.06
373 -0.06986385968168725 -0.1426033758801948 1.204107984948844 145 139 114 2.78
374 -0.1786433058866572 -0.1979790698065547 1.168738031274643 152 146 135 3.14
375 -0.1831897826747398 -0.1910021763841746 1.166517660867856 150 140 121 2.39
376 -0.1141698687603397 -0.1816446007896342 1.194805468461879 136 132 123 2.82
377 -0.2259046721824561 -0.1620028191017755 1.150185627677614 144 141 133 3.9
378 -0.2722514141970841 -0.1595866132395585 1.13317207613856 98 90 75 4.63
379 -0.3013482161486191 0.004482751296159472 1.093579551087159 155 148 126 1.98
380 -0.1011944581457094 0.06778816102268066 1.173099201490716 122 114 95 3.15
381 -0.2106753808087009 -0.1882490360929142 1.153433226128534 167 164 156 4.27
382 -0.1812038961148531 -0.1857616056882782 1.16727031055777 185 174 143 3.44
383 0.1219989377240021 0.04105112305526579 1.268055961623036 137 133 117 4.33
384 -0.2324526879926317 -0.1756136144619586 1.14351552316991 168 161 152 4.08
385 -0.1527083210700952 -0.1781558315719342 1.171054418510467 152 147 130 2.84
386 -0.1802224583408048 -0.1768957620029976 1.161374318718739 144 135 113 2.44
387 -0.1662316519027613 -0.177157849949209 1.167346181361176 113 111 101 2.34
388 -0.1175419889556702 -0.1734028764378887 1.186302190714415 108 106 100 2.53
389 -0.2149006330641871 -0.176949638241265 1.147380753780206 200 194 180 3.23
390 -0.119972185282099 -0.1727773706646771 1.186045670187416 144 141 135 3.77
391 -0.1203417104420202 -0.1741456936030321 1.189068785534009 142 142 137 4.16
392 -0.1356435970717933 -0.1631920715668943 1.177634116213337 121 103 87 3.91
393 -0.1355005737142635 -0.16343149051502 1.177588241842033 139 125 114 3.34
394 -0.2138259216809049 -0.1632033976785157 1.151794878279704 138 137 134 3.93
395 -0.1838478059104701 -0.1450038113185887 1.159372423631895 111 106 94 3.62
396 -0.243855379336493 -0.08853248396465316 1.130601707961662 135 110 78 4.41
397 -0.1328213281025395 0.02260389281066868 1.164287075515115 111 110 105 1.26
398 -0.2430612278741436 0.03701680413795966 1.127631061067243 33 33 33 3.05
399 -0.1344195562965535 0.04141281392464567 1.163369136027197 106 106 99 3.51
400 -0.1309692401546032 0.05435781301870713 1.163125339062931 139 134 127 2.04
401 -0.2096587722216367 -0.1802368472991188 1.152929799210695 126 124 119 3.49
402 -0.1031419599373201 -0.07874957733716306 1.189722033873719 149 148 138 4.15
403 -0.1706080975690132 -0.08042945614833164 1.164419943427313 147 146 136 4.35
404 -0.2340869280481604 -0.08084539174399497 1.141272627904667 146 145 138 4.97
405 -0.07503654032766832 0.03578827535742457 1.18386949202959 114 109 98 1.74
406 -0.1370686073162272 0.03686121057131703 1.161861411278456 141 136 123 1.76
407 -0.310553258832842 0.0391889807868828 1.097516163163914 40 36 37 4.92
408 0.05437884344152916 -0.1410233974161096 1.253100553068968 120 119 104 4.41
409 -0.07820039736750767 -0.07840756525444095 1.201412881206998 139 135 124 5.27
410 -0.1463540227739846 -0.07978219571871414 1.175114803087367 98 96 86 4.52
411 -0.1331717602168948 0.02964039884041868 1.167336019939112 138 134 122 3.91
412 -0.3109805378373136 0.03700734575085116 1.095010650053707 27 29 28 3.8
413 -0.2970885144916044 0.03656521787427833 1.103479872530769 121 121 113 3.77
414 -0.2597852653711904 -0.01614072087117006 1.125088639263582 141 143 138 4.6
415 -0.2625143261786544 0.03072700187229692 1.125642372917965 133 127 109 5.6
416 -0.02722905285928306 -0.2072699061985577 1.217886635104222 134 124 107 1.57
417 -0.1562623795269886 -0.1848529175213055 1.172760300419117 155 149 139 2.82
418 -0.1956428328846068 -0.1818341657339282 1.155620844057694 143 140 133 3.1
419 -0.1737426715794823 -0.1793242157528446 1.163528627284905 118 113 104 1.91
420 -0.1528102835678024 -0.1797542088028753 1.17587109500906 162 154 129 3.42
421 -0.1155197161657819 -0.1778316873396115 1.189864980620778 127 126 117 4.3
422 -0.1921686329946279 -0.1734871662298015 1.154459518746363 124 122 114 1.85
423 -0.2007771053118789 -0.1721102892181174 1.151757545810476 163 155 143 2.96
424 -0.1115608670965478 -0.1711558247361561 1.182838102725077 156 146 133 2.8
425 -0.2118592578956398 -0.1733677820221698 1.152675037435279 127 126 120 3.77
426 -0.1784305173444173 -0.1692252797445109 1.163956965912548 140 137 132 3.6
427 -0.2300226929324661 -0.1690553005513963 1.147001627700446 148 148 145 3.68
428 -0.146786140788292 -0.1683335471831054 1.179040638944935 203 199 175 3.32
429 -0.1566137610460547 -0.1631524623186859 1.169212665920397 148 143 128 2.35
430 -0.1268262264847763 -0.1623974130891276 1.179650990093936 132 123 108 2.21
431 -0.1357364997133563 -0.1595302759433675 1.173988974853453 166 157 145 2.92
432 -0.2232353885549446 -0.1578480480537383 1.140193659784852 152 151 146 2.95
433 -0.1133778489934481 -0.1617899657169515 1.18924880178101 143 142 129 2.9
434 -0.1133782842624903 -0.1635107984619238 1.19169634650589 144 143 130 3.43
435 -0.09235911441944387 -0.1574098564146026 1.189103674232586 138 131 107 2.63
436 -0.1670712993018298 -0.1596543915449413 1.169028950758159 155 141 106 2.38
437 -0.2800083663198525 -0.1604687572927916 1.12951710023719 100 96 83 5.72
438 -0.2030359707282012 -0.1578689900015916 1.156275514350147 146 144 135 3.06
439 0.09715740726015973 -0.1551276737352039 1.267183817347871 97 92 81 5.81
440 -0.1136657206597666 -0.1549909094422776 1.186107153885837 140 138 126 2.61
441 -0.06631082037835002 -0.1535082236872431 1.2013503029648 68 65 54 3.97
442 -0.2536852684418579 -0.1503852483482994 1.129643980509408 133 129 121 3.37
443 -0.2686418755216297 -0.150816957314633 1.131004859571884 145 141 129 4.71
444 -0.1366212703060154 -0.1436766756197287 1.178044133566118 133 126 109 3.85
445 -0.1118436669702679 -0.1367908864960392 1.188537655611278 63 51 36 3.38
446 0.1151630234863524 -0.1182994214264327 1.270305374796589 147 130 92 2.71
447 -0.1695223583237389 -0.122548373277046 1.161329301041044 140 139 115 3.46
448 -0.0752820130984459 -0.1220281995820218 1.202037076747323 129 123 106 4.12
449 -0.1976220858998782 -0.1159059337247018 1.141981773885237 120 117 108 3.43
450 -0.1107358485651297 -0.1215469323252682 1.190260374669051 147 142 131 2.48
451 -0.009453065737181937 -0.1191856644291615 1.226214262167673 143 133 118 2.59
452 0.08680382566153783 -0.1131273716690961 1.258352212981576 129 96 73 1.66
453 -0.06930914864123397 -0.1176697773141485 1.200800752805624 158 150 138 2.95
454 -0.1066533736206249 -0.1034303587937935 1.176103003503397 173 178 164 3.89
455 -0.1347866907527565 -0.0963803747777095 1.178093461891472 181 183 166 3.93
456 -0.1411806726807003 -0.09224580461902887 1.175873852219275 176 182 167 3.71
457 -0.1427384723320229 -0.09193150447205786 1.175617290192886 140 142 129 2.96
458 -0.07536994143864519 -0.08815379100835052 1.19602146616722 160 165 149 2.82
459 -0.2121596093835534 -0.0937624699154071 1.159172031171533 90 90 89 3.42
460 -0.1767073631125751 -0.09108599299793446 1.163789361385232 146 148 134 2.58
461 -0.1518955364657334 -0.08734589764891187 1.168887048076093 133 108 74 2.44
462 -0.1517875343242195 -0.08911311253207618 1.171370308449317 133 106 78 3.01
463 -0.03105490458203493 -0.08289893482380395 1.211704684505194 54 49 52 2.33
464 -0.2286640443646401 -0.08864766553535938 1.148140093469156 56 60 57 2.87
465 -0.1412860527114557 -0.08733955886645514 1.177784268511737 199 203 190 3.83
466 -0.1477259230869475 -0.08793654273342258 1.178838056789457 127 110 84 3.75
467 -0.2270439887196816 -0.087267161762076 1.148036343153807 94 97 100 2.97
468 -0.09023036032347354 -0.08447660374944335 1.19519926300932 135 107 65 3.8
469 -0.08358387781841106 -0.08441065984000765 1.196512739295591 157 130 85 3.33
470 -0.1852066272420366 -0.08518645502862537 1.161624275932319 135 115 75 4.51
471 -0.1074096517864476 -0.07591022570837329 1.177496905459982 165 166 161 4.68
472 0.007098755103045584 -0.07374663383660052 1.221712117429971 124 103 62 2.86
473 -0.2252428072908994 -0.08499502227440955 1.152073876526505 77 81 86 3.55
474 -0.2121229914745061 -0.08494637098980645 1.158757783344992 82 80 80 3.03
475 -0.175931277334237 -0.07954251997901723 1.159763627057874 120 120 108 3.48
476 -0.05975261587417233 -0.0763333690829688 1.203600191427514 87 78 61 3.21
477 -0.04340833760637655 -0.07075725591811932 1.211235854338731 158 157 148 3.13
478 0.02174347439179525 -0.06777885363668111 1.233982353955685 136 136 124 1.53
479 -0.1725282018113193 -0.07532029516975507 1.163499379570286 171 172 157 4.17
480 0.05047649042493507 -0.06589356774058922 1.242793237084709 156 156 134 1.91
481 -0.1047477685428071 -0.07226894946928844 1.187749126594408 158 161 146 4.26
482 -0.2638674192594037 -0.02646173042204229 1.125429488875629 112 113 112 2.68
483 -0.1357527469187671 -0.02035023701429657 1.165037829299057 94 89 94 3.51
484 -0.2662736084677771 -0.02293719448843777 1.124044625364912 123 127 123 2.66
485 -0.1355371780162599 -0.01827244615765027 1.167641232912559 129 133 134 3.89
486 -0.2064357075065353 -0.01742308539917309 1.143693209910121 163 164 157 2.74
487 -0.2185083720849285 -0.01870810859654243 1.154426859560498 108 105 97 3.3
488 -0.2569410404811633 -0.01634525158195484 1.131955481285718 105 105 100 5.39
489 -0.2118594683288647 -0.01313800256984131 1.145453927469682 107 83 56 4.37
490 -0.1354295631917614 -0.00698871024492969 1.167094013091545 126 132 123 3.81
491 -0.2070560388155071 -0.009791619151662517 1.148186622947355 112 112 103 3.84
492 -0.2673465508317092 -0.010037855733394 1.1258565784332 114 110 101 3.46
493 -0.2553402873159005 -0.007830307270878363 1.116729359621274 96 94 84 3.03
494 -0.2338229030179803 -0.01031583071311991 1.133847187524546 131 130 121 4.63
495 -0.2319713756947264 -0.01005468563555175 1.137119613119074 134 131 120 4.18
496 -0.2012054414551961 -0.009313925302379386 1.142857270090817 123 125 114 4.96
497 -0.03714534502960769 0.00338825176030632 1.201426481137981 141 142 131 5.3
498 0.05462498796324736 0.01047378385291245 1.233428059304355 96 83 75 2.14
499 -0.2127216767787916 -0.001212983084324382 1.150202026252986 40 36 41 4.08
500 -0.1719735208973818 0.0008085071493499282 1.153770333139875 130 125 108 4.25
501 -0.2689856113792525 -0.0007579110390416102 1.111979703518613 114 113 104 2.22
502 -0.2494764634289209 -0.000775399438368421 1.136301688802306 24 29 31 2.16
503 -0.2006400176571564 -0.0003763816679135043 1.146858130387471 115 113 99 5.67
504 -0.2503563823981415 -0.0002169210520383963 1.13335644111454 17 20 18 3.32
505 -0.2981063287503622 -0.001307785281707059 1.108095295458667 102 102 91 2.98
506 -0.3017895209698066 0.0001170879072048547 1.098757039025803 96 92 75 1.53
507 -0.0378392797045999 0.009000701632811171 1.196050358671847 149 154 143 2.84
508 -0.2613787990420101 0.0002434515320050915 1.121335402523522 107 106 92 2.66
509 -0.2371703625828177 0.001906295400235895 1.138025884002762 115 113 98 2.75
510 -0.2402332253690106 0.003089156948391486 1.136601656371961 135 131 120 2.12
511 -0.1734051935025604 0.005561351918381682 1.159109289339199 110 107 91 2.72
512 -0.06820018653035163 0.01009680965005332 1.184420440308522 109 111 102 3.23
513 -0.1676990790340345 0.004842773393608987 1.156921907022469 111 106 91 4.83
514 -0.2628847433298345 0.001887664484662835 1.125708177899844 108 104 88 4.5
515 -0.201320466152139 0.004264691766081484 1.146104217183795 127 124 108 5.56
516 -0.2353335919352196 0.003694383387602106 1.133166906287907 130 127 112 4.72
517 -0.2312624201625733 0.009961254992510181 1.139206079138358 165 164 143 4.84
518 -0.2029461960645007 0.01404248458942349 1.144450089588408 162 151 134 2.2
519 -0.1671115588158215 0.01431030697628627 1.151380564885416 116 112 96 3.53
520 -0.1654277338521993 0.01721049565140923 1.151268730130675 131 125 108 0.9
521 -0.2328915043042697 0.01376799170984663 1.137354450891616 136 136 124 4.63
522 -0.2317637154033869 0.01675722578227519 1.140034913448407 141 140 123 1.59
523 -0.2347188874958454 0.01718485637680532 1.137464280474074 157 156 145 5.52
524 -0.1805429473709925 0.02273287226362141 1.156474603123746 52 46 43 3.67
525 -0.03012737738907479 0.03058576179376338 1.1971953586353 155 156 142 3.02
526 -0.1299845270641855 0.03181940564809846 1.162601164927459 125 122 106 0.72
527 -0.2894883693957522 0.02468220244151435 1.129145978247072 118 120 108 2.03
528 -0.003376557761080132 0.03844490906492824 1.210632037427796 140 129 114 2.3
529 -0.2018939777556029 0.02941502859565611 1.144507032460897 138 137 122 5.13
530 -0.1332046251861945 0.03216003948911818 1.168444039359903 151 149 137 5.66
531 -0.3126084364003962 0.0290455619556189 1.086887972568438 125 120 109 5.3
532 -0.2319533232056204 0.03056237242314721 1.139313985280816 141 141 123 1.9
533 -0.202277669341984 0.0326507664229187 1.142050720040857 128 122 107 4.89
534 -0.01371572373164361 0.04302991994047638 1.207942206417943 76 53 49 2.76
535 -0.007182706673282024 0.04477535813184014 1.206276457165151 115 95 89 2.8
536 -0.06490519353347955 0.04281128787401861 1.184591590688057 155 150 139 1.54
537 -0.06490519353347955 0.04281128787401861 1.184591590688057 155 150 139 1.54
538 -0.005455773583334045 0.04591420926380813 1.206878420953509 107 81 77 2.91
539 -0.2335703638218786 0.03702713194476495 1.138987678794517 114 113 99 1.63
540 -0.2319433023367324 0.0368882282174678 1.13918447439663 128 127 111 1.8
541 -0.2319433023367324 0.0368882282174678 1.13918447439663 128 127 111 1.8
542 -0.1017388963304494 0.0442231514288341 1.170117803872973 102 99 83 0.68
543 -0.202811259841477 0.04011054735009327 1.148674779163013 128 126 115 1.8
544 -0.002916563266825378 0.05027454732979734 1.209245970001185 98 73 63 2.28
545 -0.2335482816090565 0.03967986762991248 1.12923355168061 168 164 149 5.86
546 -0.2322757775549005 0.04324387017471658 1.138695103072373 141 140 124 1.56
547 0.00309978499272269 0.05455826733729468 1.210323696114284 22 21 14 1.83
548 -0.3072029489456862 0.04114680639265125 1.122284899671955 114 114 105 4.94
549 -0.2995377007473105 0.04396233308083754 1.096662465624862 106 99 84 1.81
550 -0.2322454046692549 0.04656876896232819 1.138281732750577 139 135 116 3.6
551 -0.003154456382293946 0.05670378649476355 1.209003053676821 114 90 76 2.27
552 -0.3101836006702585 0.04789072702301719 1.130223196102509 132 128 115 5.71
553 -0.2284345544017652 0.05595734780210713 1.12454228123867 119 112 93 1.32
554 -0.2313618165102233 0.05599822588982442 1.134794612527477 128 122 104 1.88
555 -0.0623556325648134 0.06692804826710885 1.187855619303816 108 107 93 4.69
556 -0.09983857399446211 0.06615921112502038 1.171773318773003 121 118 107 1.93
557 -0.1032245931648625 0.06945712460410061 1.168904966370265 121 108 96 3.62
558 -0.3058102481004251 0.06678324617231716 1.094134882713186 125 120 103 3.79
559 -0.232780835179201 0.07071044406591785 1.140308661197146 139 132 111 2.2
560 -0.004083037283438257 0.08040872780520143 1.205460193920374 133 105 92 2.75
561 -0.3024362973693441 0.06927640766093487 1.10240515853028 132 129 114 4.31
562 -0.2312765285208153 0.07435719356145495 1.136514596946147 130 122 102 2.42
563 -0.03172086739680096 -0.2074569905139468 1.216913451637476 139 121 107 1.52
564 -0.305681213727904 -0.1870391930738191 1.115281656551839 92 94 89 3.54
565 -0.1571846557051167 -0.1846182019378763 1.177187726688989 141 138 128 2.96
566 -0.157599637626053 -0.1786421773841308 1.173152000289514 133 132 121 2.88
567 -0.2373395208181374 -0.1713628016525835 1.142971815991795 127 127 120 2.62
568 -0.2117513642794054 -0.1620756598796556 1.152640868050133 104 98 91 3.89
569 -0.07070415955982678 -0.15821685673343 1.196204423900962 110 102 96 2.71
570 -0.1752236782029217 -0.1597884963201591 1.163994540244649 128 121 111 3.06
571 -0.2193258837579312 -0.1594026242187258 1.147183712033198 121 118 112 3.43
572 -0.2398036294633256 -0.155227164527316 1.142599957658324 126 122 111 4.3
573 -0.1497066613317446 -0.1502928856483177 1.169045618370577 141 132 121 3.19
574 -0.08037572543226026 -0.1508599447038122 1.201570693323059 149 145 136 2.92
575 -0.2092182893022342 -0.1489946117777509 1.149716559158716 129 121 110 3.34
576 -0.07996009626472105 -0.1454632777027442 1.200169806185228 131 130 120 4.57
577 -0.07998672753694554 -0.1450897226268482 1.199352178228341 136 134 124 4.22
578 -0.2138781818749358 -0.1464168910035776 1.150262665414345 155 152 137 2.93
579 -0.2015459027276725 -0.1462648099767035 1.155721870726147 147 142 128 4.21
580 -0.1878324168120631 -0.1452053383391086 1.159595729173921 119 113 100 4.18
581 -0.1238447337055223 -0.1432168059637202 1.182103796130415 164 159 147 3.39
582 -0.04120171010445325 -0.1411304239319939 1.212925992498201 139 129 118 3.21
583 0.1100790525201616 -0.1345614016326699 1.274097829412435 114 107 86 1.97
584 -0.0788721426009719 -0.1334381958819839 1.198042606533796 63 52 36 3.04
585 -0.0382040631588489 -0.1252157455589767 1.211802744487281 148 114 64 1.72
586 -0.006030566629253983 -0.1203703876733803 1.220639864298445 167 140 89 2.86
587 -0.07355980973938753 -0.112286047384353 1.199848580244641 180 177 166 2.92
588 -0.1414516905813353 -0.1061214259149669 1.177466471183261 189 196 186 3.04
589 -0.1407996538780022 -0.1023799324290545 1.175634914006771 193 197 187 2.29
590 -0.141146516729619 -0.0982424930645798 1.176125728403129 185 189 175 3.06
591 -0.2068777894545236 -0.09496663015834209 1.151813859253437 157 156 146 3.17
592 -0.1944394963293787 -0.08808433882317979 1.156801666517357 133 110 72 4.19
593 0.002057506167639445 -0.07433839284721776 1.217657745281823 124 103 70 2.78
594 -0.1126070301574287 -0.07888702505480333 1.186244038658815 110 111 110 2.96
595 -0.1787762854460823 -0.08039776228258008 1.163996164964457 96 93 81 2.68
596 0.02086117384031239 -0.07425764794141969 1.237888366997142 134 133 119 4.0
597 -0.14024219032168 -0.07102009947335357 1.170948599864896 189 196 182 2.78
598 0.02000683772791619 -0.02807018128639406 1.229209377750814 151 147 128 2.36
599 -0.303318646386304 -0.02061458461039548 1.101791261168641 134 133 125 3.67
600 0.05533610222513843 -0.007670585577447202 1.235375849312722 94 84 87 2.06
601 -0.1895459785174571 -0.0175495158210628 1.161762025698583 36 38 38 2.74
602 -0.3017629618421763 -0.01767682449723677 1.098515945285694 101 100 92 3.95
603 -0.1832080279138704 -0.01824294943847776 1.1679539095675 52 54 59 3.61
604 -0.2048712704029115 -0.01767024669223072 1.14828989746212 115 112 108 4.51
605 -0.005058383440688763 0.001198419376989134 1.213242035753332 106 108 103 4.43
606 -0.01421982267704036 0.002648249747954814 1.212036470037239 89 88 79 1.85
607 -0.006927913820145445 0.004733702417568611 1.213624852035504 111 110 99 1.71
608 -0.008346765895612243 0.004591367672173989 1.211421102481215 112 109 97 1.95
609 -0.08556233512564698 -0.0007082244250918718 1.186059838820216 104 106 102 6.27
610 -0.214300430934674 -0.004081718049638326 1.14828675245552 78 72 68 4.11
611 -0.2050530563363479 -0.001824530901304029 1.14593195725802 115 109 96 2.54
612 -0.2056069350307257 -0.004199370345633738 1.146822553677903 125 121 110 5.54
613 -0.2371898612414356 -0.004639079307416749 1.131961811664005 109 103 100 4.61
614 -0.2382568033124662 -0.003978568965785807 1.13780686188093 130 126 118 4.07
615 -0.01402645891616801 0.007261688535640937 1.216646165649474 22 22 19 2.05
616 -0.1044423588855175 0.001326038859957079 1.177670061145055 135 130 116 5.5
617 -0.105253425866669 0.001025235733381785 1.179262072892776 137 133 121 5.54
618 -0.1024492159679413 0.001121173657543856 1.180006181568795 126 123 111 5.3
619 -0.1024780787359733 0.001342544795206381 1.181206937466942 121 118 106 5.4
620 -0.09717727518755175 0.003291462580756861 1.181523261782971 111 106 99 4.21
621 -0.2299775016204521 -0.002459292138218702 1.13384137397334 121 119 107 4.55
622 -0.2636793376853627 -0.001677503554524867 1.126178480483816 86 88 75 2.31
623 -0.2636793376853627 -0.001677503554524867 1.126178480483816 86 88 75 2.31
624 -0.2232818279776773 0.00052005901883935 1.145287176440113 25 29 28 2.74
625 -0.2165609605496406 -0.001454765833288359 1.147922743826558 70 73 67 5.62
626 -0.1883323744090341 0.0003780491517282256 1.156216076335049 46 50 44 5.15
627 -0.2997312716367853 0.001929989945645527 1.113425163288214 127 127 116 4.71
628 -0.166559619359332 0.009210345255383695 1.157160133188961 131 126 109 1.98
629 -0.1664370950237635 0.01277778003955189 1.161515571920988 130 126 112 2.09
630 -0.3015753646759013 0.01619906462627301 1.121849211329341 75 80 81 4.33
631 0.0291061495570771 0.03525963834928322 1.224764868333415 113 111 97 1.38
632 -0.1662110020508656 0.0250217378132631 1.15615799733647 132 129 108 6.41
633 -0.3010582187351721 0.02227572491402758 1.108333527410319 128 125 109 4.16
634 -0.2706218687857946 0.02487553497261744 1.124934201966549 148 149 145 1.91
635 -0.2281972104493571 0.02837667255390147 1.126415240850961 138 135 116 1.78
636 -0.2966164140532875 0.02473957391127941 1.107983344697854 112 110 101 4.32
637 -0.2695715339377417 0.02934937345991765 1.125085998208488 166 164 161 3.43
638 -0.2329139716377399 0.03011635438051444 1.129234598197469 169 164 150 5.43
639 -0.1874007255724421 0.03428905462400127 1.153652046644975 94 88 90 3.57
640 -0.06488180153561286 0.03748356399654054 1.187645688667747 166 163 151 5.31
641 -0.2944681593839282 0.03049752381906892 1.114701948674411 126 123 111 4.87
642 -0.297009483290451 0.03128757673806483 1.110163570666749 111 107 97 5.11
643 -0.03492119054564906 0.04297547145068359 1.197192894518117 128 124 113 1.77
644 -0.03498325666912954 0.0428736200051328 1.197010201900591 125 121 108 1.51
645 -0.2340207447260435 0.0339265135200971 1.132304770715848 169 164 149 5.12
646 -0.1128121646465758 0.03888647606808492 1.17962492116591 62 60 54 5.15
647 -0.2142985808752038 0.03707743654871591 1.150351443044772 53 52 43 3.76
648 -0.2375587564042223 0.03668564657009386 1.137428451687745 98 98 84 1.68
649 -0.1366982143504391 0.04306541347113715 1.161104875311963 125 124 109 0.93
650 -0.3064089121600986 0.03681958022561016 1.120832266958728 133 132 121 5.14
651 0.00484279489054959 0.05269950987169927 1.209484193284796 101 63 57 2.69
652 -0.06464471169045811 0.05083904845663523 1.185992025287134 146 148 140 3.86
653 -0.1954332772879944 0.04742601150469281 1.145904439274007 83 83 76 3.85
654 -0.3048567895982505 0.04303317454969044 1.121722627028596 133 139 129 4.77
655 -0.1842231178723585 0.05168031483706514 1.149505904475839 15 16 15 1.7
656 -0.0695365284292641 0.05430846179886475 1.186318626451534 159 157 147 4.7
657 -0.303999339220084 0.0475829395994206 1.106284071273838 127 122 109 4.31
658 -0.2331199486197228 0.05851678305324183 1.142973565975923 136 134 120 3.57
659 -0.06614005624731265 0.06699143535388682 1.186233981017174 101 100 88 4.63
660 -0.2358822012262433 0.06170646523805171 1.137791585618581 131 127 115 1.47
661 -0.3316092034222556 0.06207455826525884 1.174433714618003 120 114 99 4.1
662 -0.0057454478929196 0.07708872863672851 1.205101725215865 162 138 125 2.61
663 -0.3013078786617296 0.06475749383196447 1.1050848963983 113 110 94 4.26
664 -0.3008338069053246 0.07004637519924101 1.103623395545538 108 105 88 4.29
665 -0.1039777176925506 -0.187344511711903 1.195138869007379 103 100 91 3.93
666 -0.1036265617077645 -0.1865134500786884 1.194363477353567 91 87 75 4.26
667 -0.1404460971507673 -0.1636411730532959 1.176840000794076 133 129 119 3.29
668 -0.2814713385380354 -0.1624764416076623 1.126031713542776 97 96 88 4.9
669 -0.06425806883389704 -0.156449018327543 1.203800311416356 75 73 65 3.42
670 -0.2667260004231236 -0.1595318032009131 1.133736972884706 108 101 91 3.81
671 0.02478703727797057 -0.1531713752950077 1.237399767027979 115 93 81 3.82
672 -0.07490835520734385 -0.152338741598926 1.201708652156727 144 142 136 3.99
673 0.09040607824235128 -0.1463244261488587 1.266581811173388 137 109 94 3.66
674 -0.2068021765101471 -0.1480039914200176 1.151661078320948 138 133 122 3.86
675 -0.1313086453732565 -0.144974637465042 1.177167909122669 121 112 102 3.54
676 -0.06977919357478664 -0.1416952430964622 1.202832892319617 140 140 131 3.02
677 0.06483643810572112 -0.1400921748237845 1.256526546706367 120 119 110 4.61
678 -0.2051207133888419 -0.1452742999805101 1.156908228688889 132 122 94 4.0
679 0.08195294218688498 -0.1378873362255256 1.262316678545477 100 94 81 1.99
680 0.09461310869373707 -0.1322110428521577 1.266891705069428 134 102 75 3.6
681 -0.2317395473452424 -0.09125263703847927 1.140855201875864 166 166 145 4.29
682 -0.0608600206137795 -0.07781144464826696 1.192218532073686 123 100 61 3.83
683 -0.1249191347835841 -0.08101513221168566 1.191032674823051 91 96 100 4.18
684 -0.1212351814768863 -0.07675475065089184 1.185146338834858 40 45 46 2.95
685 -0.2130323627079242 -0.02186210051201082 1.150435172824329 112 99 75 4.02
686 -0.2008302661244864 -0.01850054445907021 1.141736902162311 99 101 99 4.14
687 0.02515315150891473 -0.007499704516171067 1.223980220895236 99 100 95 1.5
688 -0.00795024233045416 -0.008635111333423651 1.213572532040549 155 154 146 3.55
689 -0.1725501917051627 -0.01265256608553087 1.156075688719392 102 98 93 3.8
690 -0.0284484078191638 0.002096997582351913 1.205921938885048 89 84 85 4.29
691 -0.1731243715322528 -0.001484845920215888 1.154423291121367 90 91 82 3.78
692 -0.167578341353211 -0.001931692898287422 1.15946952563671 116 108 101 3.68
693 -0.1152675865572086 0.001438015826516967 1.178436847976311 62 64 59 2.19
694 -0.01194141325707966 0.006102511446295297 1.211312706137775 47 47 42 1.83
695 -0.268621795076707 -0.005048125493940708 1.119482683061654 118 114 100 5.42
696 -0.2332943237312825 -0.003660059008397089 1.135243436989039 132 130 120 4.14
697 -0.3019828419704598 -0.005957889650423084 1.11229096197986 115 115 106 5.7
698 -0.2105224046591892 -0.004336588289081088 1.147844476464224 81 77 74 4.69
699 -0.2928973596769467 -0.005449355670101172 1.118694376632907 103 103 100 5.24
700 -0.2790674327325767 -0.002071729647251011 1.111914081058862 89 86 77 2.97
701 -0.2975656062420612 -0.003888052071845532 1.113365749305163 56 56 48 3.29
702 -0.2865576687545945 -0.004574813838467431 1.117244023269529 101 102 98 5.2
703 -0.1986470768758761 0.006903386750910089 1.143338059785035 142 139 121 5.65
704 -0.1999570475741371 0.006876466056775138 1.146991203688352 133 131 113 5.32
705 -0.2356382039764662 0.01335189654249014 1.130938915658692 144 140 125 4.76
706 -0.1054717048212054 0.0270983282071403 1.177658497157787 103 100 85 3.0
707 -0.1802136848162906 0.02395507411139911 1.167553520202445 58 53 40 4.62
708 -0.003005402724432699 0.03622172185094819 1.210735723142399 113 113 104 1.82
709 -0.002128079008865788 0.03478768546514548 1.21155644071074 108 105 94 3.05
710 -0.3123634362898651 0.02487137449253414 1.08881519231761 120 115 100 4.42
711 -0.2366902291639733 0.02695392021080253 1.135821913849266 127 122 109 4.06
712 -0.07353407020813911 0.03709677848447528 1.185036111152252 148 146 135 2.94
713 -0.2556812051868859 0.03304715731206995 1.121463054608409 98 96 84 2.68
714 -0.06655106023575495 0.05501738344001576 1.185753801666858 107 108 97 5.3
715 -0.197918313618748 0.05133330210375635 1.138453122651101 91 90 82 4.14
716 -0.3044875223086088 0.04815322204215855 1.100774816226629 127 118 101 4.59
717 -0.2335364003874326 0.04950050241822957 1.128031829966982 154 147 129 5.5
718 -0.1862621186119517 0.0545754453232009 1.140509373506763 35 38 38 1.28
719 -0.06708743160299055 0.05895327890283857 1.186390334920893 109 101 91 4.86
720 -0.06903575400200275 0.06217816817140084 1.184227813305506 159 156 150 4.18
721 -0.1351423722647391 0.06155951165381213 1.164949642105669 91 86 73 2.46
722 -0.3076693099952666 0.05883979489009571 1.107113937942667 114 106 90 4.73
723 -0.1448286420722066 -0.1551502885721683 1.176800680858259 141 142 133 3.56
724 -0.03830560200093305 -0.1490921335358896 1.220342930188836 117 110 94 5.01
725 0.05736270877843527 -0.1454375218249113 1.257659105976004 138 134 119 3.39
726 0.08690901843170915 -0.1427306867163655 1.265430762565403 107 106 97 4.58
727 0.09366653794916288 -0.1393486100396652 1.265220018089301 89 86 74 1.07
728 -0.1732975318021273 -0.1420160657752217 1.165250541319128 112 102 75 2.63
729 -0.08684407533992336 -0.08479083326112541 1.196444665979853 158 136 91 3.34
730 -0.1741017018120785 -0.08333183637930625 1.166072072951913 177 171 152 4.4
731 -0.1330443401864256 -0.08329250170959498 1.184822651732813 165 166 150 3.81
732 -0.2222671140564781 -0.0810037596552621 1.162095469236968 77 77 79 3.85
733 -0.2266110783398454 -0.03264429924451652 1.179085324659597 100 90 100 2.37
734 -0.1994586159282463 -0.02102245596299945 1.138621548433617 128 123 121 4.03
735 -0.1107240015044058 -0.011125537034823 1.185232900291424 102 97 83 4.93
736 -0.261128322741131 -0.005795235539250335 1.024247993400885 123 119 114 4.08
737 -0.2591841967304078 -0.005349211837401675 1.134380144148959 79 78 70 4.48
738 -0.2017928647847915 -0.003844857142994776 1.14442796551155 150 147 134 5.76
739 -0.2026843355224768 -0.003859951161041347 1.146528362864377 145 140 127 5.48
740 -0.252839764384996 0.001400437783229687 1.138980881445489 29 30 32 2.31
741 -0.2452817494578998 0.0001535626552830113 1.146524690801161 38 40 40 3.41
742 -0.1373646658574895 0.009530378772666555 1.16919291182101 119 117 106 4.11
743 -0.002130318568795961 0.01588266019802573 1.217605123172947 111 104 88 3.79
744 -0.002391902203679866 0.02111770643446568 1.217504893674229 109 100 83 3.08
745 -0.2850058224544901 0.01707409240969097 1.124513365587399 101 99 96 4.36
746 -0.1991001096553755 0.02403879385223162 1.144477622729274 163 160 143 5.03
747 -0.1912621025009084 0.04164909040716441 1.140821223807461 60 60 52 3.72
748 -0.192359885821766 0.04076736531391909 1.148646557215959 67 67 58 3.14
749 -0.09459733757029024 0.05411932675865237 1.177289542123914 108 107 91 4.31
750 -0.1978521747796858 0.05361288941924495 1.142247675454315 108 105 93 5.19
751 -0.09488974184678725 0.0697943650271218 1.174516696075395 143 137 129 1.92
752 -0.302670878835107 0.06382304631850264 1.102231499633708 117 110 94 4.4
753 -0.3044435150686219 0.065363246379674 1.098435698654693 114 107 89 5.16
754 0.1475020573043403 -0.1821950865971082 1.302136221720977 193 196 196 3.85
755 -0.1378050080924916 -0.1331034673451994 1.177473373376399 116 88 53 3.36
756 -0.2067327405101921 -0.08651993509096456 1.151266110898214 167 161 150 3.13
757 -0.2696139086189389 -0.08042861119287609 1.128643848471464 159 155 144 3.81
758 -0.2615389512698456 -0.07969438284735614 1.132310542996396 164 160 146 4.71
759 -0.1372929954422106 -0.07306223391977323 1.182109302514483 150 144 136 3.9
760 -0.1357913186835905 -0.02105645372978483 1.168325306557457 129 124 108 5.31
761 -0.148911313983945 -0.004482769380671561 1.170405421539035 86 83 77 3.12
762 -0.1019909692090017 0.00812907182762114 1.178782273031786 113 108 91 2.28
763 0.002783653027939592 0.01235353223290046 1.219005364717032 130 129 121 4.64
764 -0.03797891780988635 0.03564711432830982 1.197417116325861 127 128 115 1.58
765 -0.1470800576767206 0.03519619931390562 1.167905798965844 120 118 113 2.42
766 -0.1801787077559732 -0.1850099225178325 1.166812858183397 215 199 159 3.83
767 -0.09833440038092542 -0.1474419908223719 1.192764723649524 142 136 125 3.15
768 -0.003251654001515961 -0.1203015162023629 1.226537348689896 126 110 79 3.6
769 -0.166161135208983 -0.07852804715760275 1.16859152689643 140 145 140 2.67
770 -0.1422413688847837 -0.07314893537770588 1.177246980790939 158 166 154 3.77
771 -0.2849206963356598 0.02014621094294155 1.118413408599007 104 102 94 6.33
772 -0.2474684306586612 0.03291290170677808 1.129325919906149 111 109 98 5.35
773 -0.2459887653517396 0.03817880267142416 1.144429914760838 70 66 57 4.09
774 -0.1304355727844084 0.04489069217038519 1.171614506885928 124 121 107 3.94
775 -0.2472828652430871 0.05215227306383743 1.145834722055474 62 60 57 4.26
776 -0.1319138528407278 -0.1763291603865748 1.186636501180274 187 178 142 4.12
777 -0.07870467869130696 0.08191947081174458 1.18286629655232 96 98 96 2.35
778 -0.2170961935735298 -0.157529431134194 1.154287420559142 135 134 126 3.01
779 -0.09987859895116249 -0.1666650558086912 1.199977069398144 160 152 131 4.06
780 -0.1380746303021787 -0.1090967381008791 1.178003243696884 165 162 152 3.1
781 -0.1016829822269335 0.01438011452961401 1.177538103334782 130 122 102 1.31
782 -0.1016794951587741 0.0134233266386897 1.179731268332481 123 114 94 2.99
783 -0.231779318624585 0.01101902180379111 1.131249955343197 148 145 134 3.15
784 -0.2329890382786052 0.01093924255654221 1.135393090445523 107 105 92 2.18
785 -0.06847911936296497 0.07013604874414667 1.183982416795966 113 114 104 2.14
786 -0.06847911936296497 0.07013604874414667 1.183982416795966 113 114 104 2.14
787 -0.006570286409283421 -0.009788047141388215 1.221200311313364 122 119 109 2.06
788 -0.2617520494045896 -0.1950598224254262 1.140236108369464 166 163 157 2.8
789 -0.2161267773289489 -0.1638337605586632 1.155688228274536 150 150 140 2.89
790 -0.2281300315924407 -0.1591504944493557 1.153821353403011 146 143 132 2.3
791 -0.2850166587607274 -0.09072453200022937 1.130333549348358 132 114 84 3.36
792 -0.3056127723424508 -0.09049035813317038 1.131026492443336 142 140 122 3.08
793 -0.2429953507943383 -0.02659511107879368 1.137340221979059 83 84 77 4.6
794 -0.2147463087915131 -0.02799693856358182 1.169371602095862 132 128 116 2.89
795 -0.2203445196717895 -0.02345971556671717 1.150131337554162 144 140 114 4.13
796 -0.2939136018482715 0.02185415872193304 1.1304173076898 106 99 87 5.68
797 -0.3072049332550987 0.01464435338089923 1.19531800569038 86 86 79 1.34
798 -0.2932335703833324 0.01952541349328698 1.15825565787825 110 104 92 4.54
799 -0.1476375745034041 0.02649707288174682 1.166743233166352 79 74 63 3.86
800 -0.1609341644174534 0.04538403417348344 1.161865733642826 99 96 89 4.21
801 -0.3047740688136935 0.05884250975657 1.098208718777372 120 112 93 5.02
802 -0.1464729947580979 -0.1897267265045815 1.180320053560386 155 143 125 2.37
803 -0.182159444585109 -0.08379425323029535 1.180902687584888 130 118 96 2.71
804 -0.1076828432470046 0.008254562745357706 1.18025125391041 154 149 133 5.38
805 -0.2611012909879414 0.03607186349500278 1.14529347125587 116 114 102 4.56
806 -0.095165832410691 0.05868515762088798 1.174163799060867 108 105 90 5.1
807 -0.2418330705852219 -0.08431500990613083 1.158510725448521 192 194 171 1.35
808 -0.2982009403624976 -0.09124939204222832 1.131672868692152 161 141 96 2.5
809 -0.157635746246769 0.04167471584236374 1.159045734759709 77 73 65 5.07
810 -0.2644497181545006 -0.008956318349201409 1.084289232990097 65 63 64 2.78
811 -0.1709866924552364 -0.0801363366323615 1.166393572644884 152 153 141 2.54
812 -0.3038189142629319 -0.001989621715931533 1.116310826955075 101 100 90 3.89
813 -0.214895663129063 0.002450874522963678 1.144234615835444 61 64 67 3.26
814 -0.2051877773083021 0.02616627407226323 1.142590507035702 121 115 96 3.32
815 -0.2048582280740747 0.02749397688420068 1.144330269647244 146 140 121 3.07
816 -0.09876907222955147 0.0610992835998679 1.175277916161467 125 119 101 4.93
817 -0.2421864891029645 -0.1498998075431627 1.144648128792447 145 139 128 3.02
818 -0.234862481846683 -0.02921972444774003 1.133298831002207 145 128 96 3.64
819 -0.2660958009483608 -0.02253571039572917 1.128476851077246 102 106 102 3.02
820 -0.232121742523107 0.005705491439637993 1.139190652068632 154 150 140 2.9
821 -0.03650605248145077 0.03142903881348851 1.199473370315366 159 156 145 6.4
822 -0.03624587392181804 0.03378092283689939 1.200116916128154 154 151 139 3.58
823 -0.1346997031816982 0.03327498540725305 1.164791331411071 105 102 88 4.45
824 -0.1975159721735717 0.04118457737759402 1.146003548163592 150 143 126 6.22
825 -0.2380008069204097 0.01531241897412788 1.131312523079157 150 146 132 4.97
826 -0.1692293971760116 0.01351103788413057 1.155293589903506 125 116 101 3.45
827 -0.1514454568061671 0.04516158705548771 1.15873594989424 42 42 44 3.62
828 -0.1514741787108929 0.0442641467839907 1.159066423486553 52 52 52 4.15
829 -0.1675178807959846 0.04969130626572905 1.152292667756057 120 120 112 4.73
830 -0.07749930597389521 -0.1419602328476551 1.199575787344618 140 133 119 4.12
831 0.1311773842164043 -0.1481948206872639 1.289308376236451 84 82 64 2.56
832 -0.04370518216694024 -0.07611300073193383 1.2122565031691 154 151 145 4.2
833 -0.105958437920256 -0.01060852366989858 1.196777780160708 140 139 135 4.45
834 -0.05909821472478162 0.002475118537782463 1.192465014001703 82 78 79 5.41
835 -0.1706443373663022 0.05714109196398605 1.165582874655031 79 79 69 3.37
836 -0.1651435552240419 0.05520362677189365 1.153468043172331 77 71 63 4.5
837 -0.07673531063957242 0.02814483484219043 1.198499689754726 121 117 95 2.22
838 -0.08509937483468502 0.03253633647059651 1.190205407708228 145 135 114 3.35
839 -0.1764036483393557 -0.02565947689330847 1.180613665471539 172 172 165 3.33
840 -0.1980917804511559 -0.008942755884774937 1.148569569432503 137 132 122 4.24
841 -0.1349027142855069 0.0117977727408969 1.169946310468588 130 126 108 3.85
842 -0.1033015915899293 -0.1114510293187378 1.197301400907736 203 197 179 3.36
843 -0.07558331541742234 -0.206237886552518 1.205519912452859 148 150 147 1.82
844 -0.1570760213045242 -0.1882458054231794 1.176963101999648 159 157 149 0.7
845 -0.1937841008114314 -0.1788816417636534 1.159144417257753 153 146 136 2.74
846 -0.1619936744782178 -0.1727923336478847 1.17103965729695 150 149 142 3.14
847 -0.2351307689168578 -0.1701366995458543 1.145554670009342 157 155 152 0.71
848 -0.2050832247315753 -0.1686195124002557 1.154813534793681 177 170 157 3.55
849 -0.1111986756840446 -0.1714991569331588 1.19352008421424 173 162 149 1.68
850 -0.2112943872355743 -0.1661344238615033 1.151782803268073 154 152 146 3.43
851 -0.1289170103019625 -0.1676788223971865 1.186555291787159 176 161 145 1.49
852 -0.1271487861835807 -0.1666578241820226 1.186913465696951 156 142 129 1.59
853 -0.2174596680298342 -0.1588282726794208 1.148553694691186 144 144 136 1.94
854 -0.1332813722535033 -0.1584237608943448 1.183637269953244 165 162 144 1.66
855 -0.1751399454487766 -0.1202805147697536 1.16529362442308 179 168 151 3.41
856 -0.03769794579975808 -0.1183202904166597 1.216824475784674 156 149 134 1.9
857 -0.003489185282409893 -0.1168169554936196 1.229522596200755 165 155 138 2.33
858 -0.1512263166133486 -0.0885012639590031 1.177531682004862 147 116 78 1.93
859 -0.1786053729919036 -0.08485860684475685 1.167847333254121 154 153 138 1.88
860 -0.2855017468487062 -0.08492224473502291 1.133600427044589 129 121 83 2.81
861 -0.2521420859480004 -0.02194951597236321 1.133487436132381 54 56 59 4.68
862 -0.22285908719994 -0.01930091309600132 1.144261132416392 130 114 86 3.71
863 -0.1945957888105311 -0.02176652886772011 1.174341519532315 71 71 77 2.24
864 -0.01929571817725147 -0.005276263030585149 1.211475319934136 92 73 61 3.94
865 0.02837291000064462 -0.000424636601825075 1.225918107991075 141 140 138 5.35
866 -0.03083195236027773 0.007180969490054902 1.203168566654707 140 138 130 6.25
867 -0.2095376398493991 0.03685047328471246 1.154458633013013 140 140 126 3.55
868 -0.1672551379179475 -0.1743947616101605 1.170735064597891 143 140 131 2.42
869 -0.108173312302959 -0.1739070984909377 1.192745161446646 146 144 138 4.09
870 -0.2117919944695823 -0.1601340707729553 1.151126431857663 143 142 138 3.84
871 -0.2757217535025555 -0.1509981655638447 1.135123659884937 126 123 113 2.28
872 0.03445917549599459 -0.149314748895955 1.247228400363408 94 90 78 3.28
873 -0.2720136543192165 -0.08524396188123998 1.126375319158762 131 121 106 2.67
874 -0.1061865991975382 -0.07154108372250016 1.186920402533703 202 197 189 2.91
875 -0.08943485668042832 -0.1752060155596002 1.192346684386625 93 90 79 2.01
876 -0.08943485668042832 -0.1752060155596002 1.192346684386625 93 90 79 2.01
877 -0.1057374294317091 -0.1604062934140912 1.195492296754924 176 175 171 2.5
878 -0.1327333102713609 -0.08959134904601757 1.186243542410499 159 160 155 2.75
879 -0.3153915107052025 -0.004699211978340716 1.107207758808424 85 84 71 2.98
880 -0.3107606042583209 0.004193554375233881 1.103376906250977 136 129 117 3.11
881 -0.1536082784328905 -0.1762703003179185 1.17412964273778 153 144 122 3.88
882 -0.2363098525951253 -0.1601858659848087 1.145841127817647 140 131 116 1.57
883 -0.2126913099587655 -0.04149065745824328 1.166891846483495 79 72 62 1.17
884 -0.1651110505514371 -0.01983009638452586 1.166643016191518 151 147 135 2.9
885 -0.0486272957806634 -0.1427580923582366 1.215089718727318 141 137 123 2.69
886 -0.2483938254525977 -0.1338022391884644 1.134557432703517 49 49 47 3.04
887 -0.1360633675521277 -0.2595262725462542 1.189201867988697 248 249 246 2.22
888 -0.275938879643957 -0.1563534797394066 1.139958150729334 89 80 70 2.14
889 -0.0780442118494297 -0.1440072217371752 1.202988474302905 119 115 102 3.08
890 -0.1407524397620688 -0.1167679786182908 1.180986530597773 183 183 162 1.84
891 -0.2269715285547425 -0.01316024516185994 1.148499487476447 122 105 72 3.83
892 -0.2306014908957482 -0.01305881642136553 1.135262405701844 142 139 129 4.52
893 0.1240195075486204 0.05378667760449175 1.263675338369605 122 110 88 3.69
894 -0.2958919585193547 -0.1595547188961269 1.128547807619138 111 102 88 4.49
895 -0.2459094000431433 -0.08366088345307704 1.152145648595385 94 89 79 1.57
896 -0.01948029506279087 -0.07489546227068077 1.224479438224835 34 38 35 3.37
897 0.1458323325866222 -0.07275858862325012 1.290398162810395 106 110 107 2.53
898 -0.01627587535644229 -0.004496670023610948 1.212007429811917 129 114 74 3.29
899 -0.1060232183365524 0.06463077387290539 1.174653552696192 136 129 116 2.75
900 -0.1646295125456636 0.00916138491123062 1.159760582809541 96 92 74 2.5
901 -0.011643866873221 0.04674678086763507 1.217238127909793 50 50 37 3.06
902 -0.2351922778643693 -0.02771311465810357 1.1445785840943 117 109 86 1.66
903 -0.1636104967530661 0.01606523076553914 1.15851831486115 98 94 79 3.05
904 -0.06517335466155275 -0.006243192778570501 1.188821696800951 109 115 103 3.48
905 0.04572825374394543 0.03934725507836685 1.233534238003481 59 60 56 4.36
906 -0.1685689897139918 0.07081631708726016 1.183633374127089 89 88 76 2.59
907 -0.1349484930869464 0.01198464175797739 1.170230062928029 124 117 102 3.17
908 0.06212998471284745 0.02014818074141755 1.2452982061357 132 132 118 2.55
909 -0.08329418623701602 0.04730907195114142 1.18258348583817 45 45 40 3.23
910 -0.1449723786875282 -0.1671587583791475 1.180360412984126 159 159 152 4.27
911 -0.312929014743034 -0.1617895978280938 1.132970232130134 123 120 111 2.02
912 -0.1605680664264846 -0.01060930788880514 1.163846312784802 52 59 65 4.21
913 -0.202012313299469 -0.1006361139109936 1.158508938449593 161 169 158 2.9
914 -0.178572388498783 -0.003002069048995151 1.158126751347083 76 78 74 5.83
915 -0.3315202279095397 -0.005960348077659959 1.111911799670277 81 82 77 4.24
916 -0.1143310379047447 -0.1769854824020316 1.191842367857484 138 135 126 3.61
917 -0.1266664677796929 -0.1686124258421216 1.186521356185834 183 178 163 2.42
918 -0.08740913288031227 -0.1595955470871791 1.197941954015344 133 133 124 2.72
919 -0.04440272775715147 -0.1400497310929925 1.210576637492009 132 130 119 3.03
920 -0.3382353539326778 -0.1523248222353563 1.116235635097427 107 94 80 2.98
921 -0.1076582883587278 -0.1176258650539635 1.189317749142356 192 181 165 2.63
922 -0.1389512409576164 -0.09991390166386754 1.178517180524408 180 182 169 3.53
923 -0.2638406041626895 -0.01628527255363704 1.109987809273451 148 145 136 3.25
924 -0.1329647497654597 0.01837147225375451 1.16691774370054 158 153 136 3.6
925 -0.06692862741798766 0.03660727109106961 1.188849933247937 154 152 141 4.74
926 -0.03731070320506481 -0.07397520636600714 1.21431223504483 177 175 161 2.94
927 -0.2571223851610127 -0.002628189796807984 1.114787038158131 124 117 97 3.49
928 -0.2863920984252957 0.02428554159990387 1.110692872410652 103 98 87 5.43
929 -0.1367734001308573 0.02796478791960633 1.163225131644724 148 139 124 1.89
930 -0.1344111297750902 0.02830181730779855 1.164249343034284 115 109 97 4.37
931 -0.2174428964927393 0.03002888737093434 1.140508802636201 147 136 118 4.25
932 -0.2328285890304039 0.07649840716328549 1.12170744260998 115 109 89 5.47
933 -0.07643440389706831 0.03826565468682749 1.187907670376599 116 110 100 2.37
934 -0.2025165324902351 -0.1667377905801274 1.153893411251287 156 146 131 2.26
935 -0.1170481708764818 0.04815721515899787 1.166308721560647 67 71 71 3.71
936 -0.1812988118625115 -0.0262545217125081 1.175456327056359 117 118 117 3.81
937 -0.2375568057669549 0.07842227493785864 1.121527164665118 121 120 108 4.23
938 -0.238035199430614 0.1007046439760975 1.14085316465525 74 77 78 2.58
939 -0.1320777851916686 -0.0751587411372637 1.188005430223099 148 159 146 2.0
940 -0.2618276201179217 0.02294093157744145 1.121880270156739 89 88 75 3.89
941 0.06163050184468749 0.03805696720791208 1.240300721981235 138 134 126 3.2
942 -0.2858203696656983 -0.08900301553248527 1.123109083000999 102 89 70 4.9
943 -0.2829613240270654 -0.08550499767363082 1.115198227728108 88 79 61 5.17
944 -0.2833029092037299 -0.09185676361680067 1.137049480311494 143 126 92 2.55
945 -0.2957703513178978 -0.07480320278937463 1.140428740643818 84 86 84 1.47
946 -0.1234139199534872 -0.164849134129451 1.179716194148874 166 157 144 2.87
947 -0.1202828985929856 -0.1569192110287278 1.183062154977572 162 161 140 1.85
948 -0.1202828985929856 -0.1569192110287278 1.183062154977572 162 161 140 1.85
949 -0.1448510562776673 -0.1122445661970741 1.186901331103501 145 146 137 2.27
950 0.01275422423408802 -0.1503292171829519 1.233377016556422 156 126 117 1.44
951 -0.03889371760267368 -0.1244311138586899 1.215631082791056 185 164 108 1.63
952 -0.03609676571456335 -0.1157369987753411 1.215653827421499 205 207 195 1.71
953 -0.004298131620493542 -0.1178016048821807 1.219093280811356 145 112 67 2.72
954 -0.08393869431046611 -0.08697647246438042 1.194896040851142 164 139 101 1.59
955 -0.08148937128588868 -0.08392767225361489 1.196473754920468 198 173 125 1.83
956 0.02998273444296848 -0.1161245307583077 1.241091278387057 163 146 127 3.56
957 0.02241660411110293 -0.05200011652631445 1.230936516402938 190 188 144 2.8
958 -0.1421469269726229 0.003809096686682625 1.174383322534577 149 146 140 4.2
959 -0.001522004093007803 0.00929449700649123 1.212639434373288 143 140 134 3.41
960 0.06284304512698982 0.01245069618688238 1.238942698458129 158 145 129 3.2
961 0.04741955738192713 0.04287125233083437 1.23256184012704 121 90 80 3.25
962 -0.1380134592378496 -0.1627291729332339 1.17582301182979 172 156 133 2.09
963 -0.1796358061179112 -0.1452340485205063 1.175462959730545 81 57 40 2.43
964 -0.2328322401697184 -0.1161814742668846 1.147665413116246 184 189 167 2.76
965 -0.1262419035832892 -0.159450186102441 1.188138801052582 173 169 160 1.03
966 -0.1238449708622614 -0.1575670932284943 1.189285913211115 162 159 145 2.05
967 -0.2600587785891051 -0.09080865661495552 1.135970636916744 170 162 140 3.4
968 -0.2621902129526258 -0.08911905430031775 1.135870252476324 155 155 139 3.16
969 -0.07081386825545855 -0.156544572913782 1.19930536352015 125 113 101 3.29
970 -0.1432916986505125 -0.1292458007987682 1.187182857309854 105 92 91 2.46
971 -0.1452376920095262 -0.1287599584914881 1.187493582394921 126 115 113 2.37
972 -0.1448855914578597 -0.124272912974679 1.187316510211817 153 150 141 2.76
973 -0.1086605301819884 -0.1247560207392174 1.191261043518271 136 128 119 1.22
974 -0.1378925154422899 -0.09631312579839924 1.175244029634966 192 198 181 3.06
975 -0.07507806723066837 -0.1238781601081918 1.20638399043756 128 113 107 2.6
976 -0.04415842494563484 -0.1349752417141827 1.217539889318032 83 64 45 2.73
977 -0.1632554797261563 -0.08717226727651145 1.179445377734838 124 114 97 2.68
978 -0.1732337086167234 -0.07560977306062709 1.178039479262136 186 194 173 1.85
979 -0.0009539028549380435 -0.1309331142566248 1.229108011659488 126 97 66 2.39
980 -0.08316998806557233 -0.08370294636105727 1.195919735991676 163 137 94 1.73
981 -0.1778649427136024 -0.04765842432308504 1.174481043950538 127 110 85 3.06
982 -0.08328494017511481 -0.07873297866108128 1.190634114688225 142 123 74 1.87
983 -0.1416376418671168 -0.05509084639138036 1.183419730680629 191 181 127 3.14
984 -0.2241941109024846 -0.01748279619829834 1.153563334889008 85 73 56 3.69
985 0.08664931466490267 -0.1136227929085937 1.263703121258213 181 167 142 1.88
986 -0.1743683250657922 0.0007834176012895058 1.165328059008164 85 78 64 3.82
987 -0.1469361414912946 -0.008980950023270123 1.179598060327117 92 94 93 3.82
988 -0.1469361414912946 -0.008980950023270123 1.179598060327117 92 94 93 3.82
989 -0.1273815754176843 -0.01119919400508435 1.166780403814005 78 62 44 3.19
990 -0.1672092684582473 0.006204257865259223 1.151504814004925 105 97 82 3.65
991 -0.2093493218086116 0.01829208001465111 1.15349760321101 142 143 126 3.95
992 -0.10209090232935 -0.01650053348527983 1.181939470412015 128 127 132 4.18
993 -0.1664116338547922 0.02150367202197825 1.156759374576437 168 173 154 4.51
994 -0.0326047684412751 0.006279454822572812 1.20293979713063 147 148 139 6.15
995 -0.1598396302596505 0.04815698360852267 1.160789865570682 75 69 72 4.54
996 -0.1075695459287992 0.03968973616316349 1.173153137860629 165 170 153 4.49
997 -0.0416732092891493 0.02977464292585775 1.198208472325446 133 131 125 3.21
998 -0.008404951900111451 0.02457385014722768 1.202948571745683 162 159 141 3.21
999 0.05495159376260147 0.009959056828243711 1.23883069575837 147 138 131 5.01
1000 0.01505075797143524 0.03351474365740785 1.224442681354861 116 96 92 3.7
1001 0.01130514196416181 0.03471213720685582 1.213507339474253 105 80 76 2.97
1002 -0.1704970176403198 -0.1331941837178669 1.169450260170479 224 201 147 1.9
1003 -0.2519308104964778 -0.09596788083661018 1.148501634637394 155 134 95 2.72
1004 -0.2603959809499711 -0.08196833876340961 1.135395853443085 146 150 132 2.64
1005 -0.08396630431645939 -0.1434781969762799 1.194183588424111 142 124 119 2.36
1006 -0.1033373489495034 -0.1283930793075316 1.197074234375749 152 137 96 2.44
1007 -0.06968292252951952 -0.1352622060076324 1.206003437918256 133 111 66 2.53
1008 -0.06963734546247247 -0.1273106917704644 1.209485213944919 174 154 103 2.82
1009 -0.04153365018204366 -0.1208972012707009 1.216773480932459 117 106 95 2.56
1010 -0.004754977081309189 -0.1302837181857625 1.227020547089249 133 99 53 2.36
1011 -0.1066971202936716 -0.06859518189904612 1.186747561763922 207 209 196 3.29
1012 -0.05379868741711731 -0.08881710518442829 1.208952172681794 156 135 103 3.9
1013 -0.1756776651660781 -0.04168871555823175 1.173496131004768 179 169 123 3.07
1014 0.08684376754010206 -0.1361132407935196 1.259652705447138 153 111 92 2.03
1015 -0.2300542385035042 -0.003299478260324097 1.146618064009554 103 102 97 3.66
1016 0.009527823114435646 -0.07769273423007504 1.225684407911258 154 119 69 2.44
1017 -0.1834392182432306 -0.006427013135717918 1.16853412651452 78 72 73 3.67
1018 -0.1313545757864145 -0.01580836993053163 1.176867046939347 124 120 116 3.76
1019 -0.1416979065567303 0.0003578402390591179 1.170221332312788 134 128 120 4.4
1020 0.02459543088137622 -0.01452232055901655 1.218240514400236 98 89 94 2.71
1021 -0.09834378942302903 0.02571777556984949 1.172899668237507 129 131 115 3.47
1022 0.0290099626145706 -0.009952892415914731 1.225926456236708 133 133 136 3.08
1023 -0.04564042555221529 0.03061012795750525 1.192996326784464 129 124 118 3.93
1024 0.04006811829212592 0.006925236943408228 1.226712385558092 57 44 50 2.16
1025 0.04929989597188006 0.04233636065723091 1.221961772626106 127 115 103 2.27
1026 0.04349746121887911 0.05377896521651815 1.226584340262534 61 41 46 3.5
1027 0.04950759616068709 0.05670384732015479 1.223937593666328 63 38 31 2.39
1028 0.04950759616068709 0.05670384732015479 1.223937593666328 63 38 31 2.39
1029 0.1167799333876785 0.05775762607805759 1.248739620935711 140 127 111 2.25
1030 -0.236266451516128 -0.09887871395828948 1.158566531568472 185 195 175 1.28
1031 -0.0639932089647266 -0.1408568046905036 1.209153891463838 131 109 93 2.36
1032 -0.1850105331025726 -0.02266145989198901 1.170301232314228 81 85 94 3.34
1033 -0.1816107117798484 -0.02231777050663329 1.171710831709122 77 77 87 3.42
1034 -0.1684251012626038 -0.01715722926413575 1.149399399904564 112 116 111 3.5
1035 -0.2322121024884211 0.01860889963022004 1.16216181886416 91 95 91 4.87
1036 -0.1749690769720077 0.005032303331953855 1.153592505765316 153 152 127 4.2
1037 -0.1066422689263005 -0.0006902802870508082 1.177092717666568 126 119 116 4.55
1038 0.1381226001482571 0.01086001523087307 1.26514799527011 123 94 87 1.65
1039 0.1221640531391427 0.06937654000736998 1.249079704257636 51 30 32 2.22
1040 0.131245814113372 0.07075226396427296 1.256208563417325 54 34 33 1.88
1041 -0.1426491746339807 -0.1427597023635322 1.186409673082415 161 140 82 2.53
1042 -0.2426909034961576 -0.0741709369578319 1.15809642336139 213 212 178 1.61
1043 -0.1289778370080392 -0.07772733829772434 1.189963815372266 47 43 49 3.06
1044 -0.2141125350162603 -0.03763270104486502 1.16892032329047 84 69 69 1.64
1045 -0.1765255170421901 -0.01242653880895554 1.169221951273824 126 138 129 3.48
1046 -0.2322665474931262 0.02864152105936601 1.17010804145261 125 126 113 4.11
1047 -0.1822686332629671 0.03644256316751281 1.15417915916492 67 73 74 4.62
1048 -0.1798911696495821 0.05115423630497362 1.154419414807446 40 23 30 4.48
1049 -0.003561968214804367 0.01119701105750569 1.212206018227561 119 104 95 2.92
1050 0.001625698700548475 0.01189827487799326 1.205554787296585 30 26 29 2.98
1051 -0.09996480480746968 0.04374965716961934 1.176969833621673 131 137 122 4.07
1052 0.1453977381469235 0.0124546501768243 1.268237793440243 101 68 63 1.44
1053 0.06436478664351902 0.05008959969676818 1.228289836604954 50 27 24 2.2
1054 -0.1376910039540686 -0.1370647167238515 1.185600600236053 123 92 59 2.47
1055 -0.200078916917895 -0.0289240420295761 1.172845446306767 161 168 150 2.81
1056 -0.1887447410093249 0.03569986876365089 1.150166878083426 64 72 68 4.82
1057 -0.01663981478465722 -0.01674231210600438 1.211643401136276 103 91 95 2.96
1058 -0.003269314830124853 -0.004200054157568654 1.205745219829184 115 117 114 2.89
1059 0.133168158675229 0.06704527745786316 1.256406106268077 56 38 34 2.09
1060 -0.1104389339805491 -0.1542264348770316 1.198140712985452 143 141 132 2.66
1061 0.1290109104453538 0.02828096904659927 1.257526200212362 85 61 60 1.8
1062 -0.03723249719667839 0.01612504573225969 1.194312673173331 151 160 143 3.65
1063 0.07044799284680534 0.02477468160771047 1.237376597373943 59 39 41 2.27
1064 0.1001964626712949 0.02635370353770673 1.247822907697387 69 47 51 1.55
1065 0.1001964626712949 0.02635370353770673 1.247822907697387 69 47 51 1.55
1066 -0.2227619248283351 -0.1723341098996593 1.160086053621637 184 183 172 1.98
1067 -0.1684570965043002 -0.1213977303605824 1.164877110962342 173 158 135 3.77
1068 -0.1044901704278123 -0.121830709110187 1.19119527558151 166 152 130 4.71
1069 -0.0735765758872942 -0.1190426722181002 1.198747602013241 179 167 146 3.48
1070 -0.2000154993101619 -0.1157900793749495 1.156982354166513 178 176 165 3.59
1071 -0.1815825201138338 -0.102739656374344 1.169600161714754 132 128 122 4.02
1072 -0.1100029259116215 -0.09583735228048304 1.193159243442864 176 179 174 2.76
1073 -0.1043155034902837 -0.06933022358218037 1.187218027131173 181 185 177 3.12
1074 -0.1801136717041122 -0.02098207709628747 1.178311584271423 74 75 80 3.15
1075 -0.1856027897897015 -0.01799150988415381 1.15809161003056 54 55 59 4.07
1076 -0.1899427643834238 -0.01551898674571003 1.160006540381416 59 59 64 3.79
1077 -0.1822280603674874 -0.01523017859192143 1.15885512628737 65 68 71 4.23
1078 -0.2560243945553888 -0.01954009453829597 1.138501927001232 122 124 130 4.78
1079 -0.1892035485215546 -0.01699057155391409 1.176025668886291 122 124 132 2.87
1080 -0.2403523941005244 -0.01605332909637942 1.151852987344431 119 121 119 2.61
1081 -0.2459838524312568 -0.01508591030700928 1.153141117496791 74 75 78 2.22
1082 -0.112096138561911 -0.003541372645829224 1.188444579644357 88 87 85 4.74
1083 -0.3019724033139977 0.0110480358009664 1.110427701065642 125 119 101 4.32
1084 -0.232513622019662 0.01798144680251756 1.144556030896733 173 166 150 3.39
1085 -0.2931666217583088 0.01868452883693737 1.119502806902465 84 86 78 4.39
1086 -0.3058356850409042 0.02668767288603159 1.115621022334085 170 164 152 5.68
1087 -0.05586866078312052 -0.1565669091447974 1.207675780966321 90 86 76 3.86
1088 -0.1360885435095631 -0.1591657725332176 1.186744577432733 185 185 179 1.55
1089 0.116519433815113 -0.1524817745575455 1.277061603183595 81 78 70 4.11
1090 -0.1260367336741487 -0.1497546221283386 1.187496822539553 170 167 158 3.97
1091 0.08383308718799334 -0.1471145078568885 1.263238588976994 112 105 94 3.35
1092 -0.1310548196153472 -0.1460110324639581 1.185909172665889 164 160 152 4.01
1093 -0.2581906513252655 -0.07432559269044617 1.140852475995228 138 140 143 4.64
1094 -0.2661367776074797 -0.07198871835503499 1.133299168718292 156 154 141 2.49
1095 -0.1932936037624128 -0.02538136964097448 1.180324674558264 104 105 112 2.13
1096 -0.2079032536084826 -0.01790943893945145 1.156678663393274 188 186 181 2.99
1097 -0.06975278085566582 0.002178954518930541 1.189702621494552 143 142 132 5.81
1098 -0.3043824542684012 0.003524207900086736 1.112097059862482 147 142 127 4.14
1099 -0.3019705998149172 0.02165281186333744 1.109902991483692 139 135 119 4.41
1100 -0.2389159591941099 0.02349598239479581 1.133564327228 183 176 161 4.9
1101 -0.2416540755361988 0.02386215166313716 1.135414387486598 101 96 88 5.52
1102 -0.2389010519508377 0.04820053348091672 1.143153427126389 149 140 121 3.59
1103 -0.3035307916730652 0.05742243376326465 1.105032933785177 156 153 142 3.65
1104 -0.2338545264233793 -0.1755311481756557 1.148763030155902 181 174 162 2.97
1105 0.1380850618203743 -0.1422603568578813 1.2894924639469 110 109 100 3.53
1106 -0.1816377890230895 -0.06362504514030744 1.181060112172325 79 79 78 2.68
1107 -0.2425540051232139 -0.004054430509242916 1.137508567506138 70 69 64 3.47
1108 -0.09283012631534207 0.000225744194557953 1.184513799996564 103 105 100 4.07
1109 -0.3002879116507187 0.02849382790325555 1.141298036452514 147 146 125 3.93
1110 -0.2416094104183332 0.03679648964073103 1.144407782637782 166 158 148 3.71
1111 -0.1370067524050402 -0.07867958248631218 1.179664963828218 159 159 151 3.13
1112 -0.2686042588926306 -0.07878551469533598 1.140695132875214 156 153 142 1.68
1113 -0.273506326474605 -0.02612749580697804 1.131107440983246 166 163 150 4.2
1114 -0.2514456047915199 -0.007551898913574689 1.144387528983377 107 106 103 3.43
1115 -0.2057096463873959 -0.07171707078145505 1.177704204544429 197 188 171 0.95
1116 -0.2697779377101436 -0.08999330069621758 1.127601618386262 136 135 126 0.81
1117 -0.2951428648120056 -0.08695447387301458 1.127167541503604 146 135 103 1.12
1118 -0.3012829187351942 -0.08128498909684734 1.125572969553744 59 62 55 2.42
1119 -0.1270025255007558 -0.1966510365045622 1.188006212517148 135 135 127 1.69
1120 -0.1785173598310493 -0.1682202875170631 1.16184875636028 140 136 129 2.85
1121 -0.2021008550926558 -0.1273834385069748 1.159357774593353 141 134 122 1.97
1122 -0.2135005453008319 -0.1996810210499562 1.158527309316329 122 120 114 1.75
1123 -0.2135005453008319 -0.1996810210499562 1.158527309316329 122 120 114 1.75
1124 -0.1970127805165616 -0.1764439207855752 1.153888143272185 148 142 134 2.78
1125 -0.2063013327144869 -0.1756999199282561 1.152766117564349 130 123 106 2.78
1126 -0.1286027682445294 -0.1784584993826761 1.180649868235598 144 138 133 2.06
1127 -0.21095449627727 -0.1538035263102299 1.153936163763295 147 143 131 4.25
1128 -0.1751215746868627 -0.1650341864251566 1.172622799180521 158 158 151 1.91
1129 -0.1697979061568206 -0.1260801988321066 1.171710791407403 170 164 145 2.59
1130 -0.1707010598938272 -0.1217298384394911 1.166072503656687 164 155 135 4.32
1131 -0.03776528658118695 -0.1392939333593675 1.216226920082899 122 115 101 2.47
1132 -0.03607927851393807 -0.1308792875072783 1.218014468928304 136 120 84 2.53
1133 -0.1733564657394775 -0.1036061040749464 1.171342114010039 175 175 161 3.97
1134 0.1112945070458356 -0.13576673613866 1.273811766369176 100 99 94 2.09
1135 -0.1829047903126839 -0.0804763892471809 1.162259592782535 54 51 28 4.74
1136 -0.2047429036371106 -0.07156186084624601 1.152242007643896 185 183 167 3.37
1137 -0.1078781897540198 -0.06608054998130537 1.175101721715095 171 171 164 5.53
1138 -0.2328371710935195 -0.000868533425508522 1.137645339826262 117 114 98 4.89
1139 -0.1342659837424363 0.01631068928610942 1.16533629345843 136 128 111 1.55
1140 -0.1015065312768897 0.02281534121121029 1.176898085712182 142 135 115 5.76
1141 -0.1683730677469591 0.03588197883509095 1.157168334899557 126 122 104 6.34
1142 -0.06809455690531134 0.04338324061019522 1.185208780603501 165 167 158 7.11
1143 -0.06393018440837238 0.05410983852243654 1.188122529999232 160 152 138 4.7
1144 -0.2100680389223555 -0.1718390693906038 1.153308579551759 153 147 141 3.23
1145 -0.2676494235888046 -0.1306048907513701 1.13940274840553 171 163 147 2.44
1146 -0.1966502692006942 -0.1312036726328757 1.151601840518679 138 114 64 2.87
1147 -0.03663352788551403 -0.1388865490697217 1.211362245195422 133 127 120 1.8
1148 0.07896384420886474 -0.1537829262783531 1.260761395942592 98 92 77 5.33
1149 0.03265524473425041 -0.1415520575168668 1.247119416474552 153 148 137 2.31
1150 0.1047500197290674 -0.1549156798547968 1.274386244144179 99 94 83 4.0
1151 -0.2672984556286507 -0.02265564359656416 1.11981965426392 135 141 138 2.07
1152 -0.2544204243940061 -0.01697876502362658 1.132748438092554 97 98 96 5.14
1153 -0.2680108388625828 -0.01096660073900456 1.128375712495924 123 118 109 3.04
1154 -0.1863179435567761 -0.009362616312379612 1.158596027488651 123 125 124 2.11
1155 -0.2046556890921829 0.005081164691446191 1.148877052165874 149 144 129 5.35
1156 -0.0649055765557088 0.004585530354486375 1.190604470955194 145 144 131 4.35
1157 -0.1043647165700492 0.01975028732627554 1.180313843580922 114 110 91 5.19
1158 -0.2883088289007483 0.02381005115233912 1.13940558053153 130 127 110 3.07
1159 -0.2156834740224411 0.0273131900113266 1.145948831595671 140 128 110 2.62
1160 -0.2207529050484666 0.02519545376177198 1.144181366908128 128 120 109 5.94
1161 -0.1367202215570881 0.02935900301554333 1.162878519143992 164 160 147 3.77
1162 0.001959439020469342 0.02857166445555768 1.225135272364147 120 116 90 2.52
1163 -0.2146708781173111 0.03128481456492445 1.143418130526609 124 118 99 1.78
1164 -0.03246045916738634 0.036457091821386 1.198152400075768 178 170 158 1.72
1165 -0.136858046492549 0.03887141182945554 1.163037586954641 162 153 136 1.98
1166 -0.06316816772801706 0.04073960292040326 1.190107949601893 149 146 133 4.62
1167 -0.06898027039468276 0.04876282019469914 1.18712431869499 160 161 150 5.84
1168 -0.06024257763803335 0.05955555943683401 1.190685245704123 142 143 134 5.54
1169 -0.2313826705868514 0.0743282842145661 1.134148640798212 119 110 92 1.95
1170 -0.2370169194633692 0.07565223522540727 1.13322098861931 90 82 61 1.76
1171 -0.2120758766491502 -0.1836351569624987 1.160399817099461 155 154 143 2.84
1172 -0.1181120882090095 -0.1896158364729501 1.181599375085817 82 80 70 1.67
1173 -0.1181120882090095 -0.1896158364729501 1.181599375085817 82 80 70 1.67
1174 -0.1378835324805444 -0.1838316182124098 1.180031458189764 129 130 126 3.37
1175 -0.2423763442707592 -0.08084721387941093 1.13786673536919 84 80 77 2.47
1176 -0.2177897725742775 -0.003571033088053226 1.145415996403841 113 109 94 4.63
1177 -0.1882360345918584 -0.005185435450978076 1.153798184235139 60 59 52 5.21
1178 -0.2292843566420472 0.01051857864530093 1.148721101606319 158 162 148 1.94
1179 -0.00298790618928034 0.01204540459934814 1.213457491343399 130 123 107 2.44
1180 -0.2841024801967358 0.0263464898602579 1.137289378144912 119 112 96 2.93
1181 -0.1686522993432169 0.02629916184044477 1.154434420647963 118 112 97 2.11
1182 -0.2174179289791981 0.02736097330613457 1.144531076843082 136 122 102 2.59
1183 -0.09775884141137856 0.03129008425798522 1.182007418971225 142 137 123 2.9
1184 0.06021478707078851 0.03380671054187501 1.237813909968225 131 132 124 3.69
1185 -0.1049173686928966 0.03902880884518176 1.173807054156409 119 115 94 2.56
1186 -0.3079258008684205 0.05268236917749593 1.113866293779115 122 112 93 4.39
1187 -0.1369251286005168 0.06467861555237629 1.161224353826242 130 123 110 5.19
1188 -0.1665759651409147 0.06620596705742247 1.149463910358411 139 141 133 4.33
1189 -0.2351128458114123 0.08081925102575754 1.122109332801047 101 96 80 4.16
1190 -0.2749614087020374 -0.1467039335274827 1.136497504306324 186 166 123 2.01
1191 -0.1896142103440131 -0.1602622968571065 1.166216462085814 158 158 148 1.88
1192 -0.1824218319525933 -0.1541233924195548 1.160061483894318 161 158 152 4.53
1193 -0.2230375821682354 -0.07749636948317408 1.165826513701525 48 46 50 1.88
1194 -0.2230375821682354 -0.07749636948317408 1.165826513701525 48 46 50 1.88
1195 -0.1108290216093973 0.001066604077328635 1.179275698615594 64 64 59 4.06
1196 -0.2353616562781502 0.01970454467152627 1.130144775348449 154 147 129 5.31
1197 -0.1516711607372106 0.02544579655774334 1.165698733347193 93 89 77 3.86
1198 -0.2072327134225317 0.048098312694467 1.145664269254232 134 123 111 3.56
1199 -0.2327499195336739 -0.2085681012295835 1.152573111097032 162 163 159 1.37
1200 -0.1301286328891565 -0.1864911097562341 1.184762662970035 162 159 152 2.72
1201 -0.3111036629071789 -0.1096679078871907 1.124803713173683 178 177 163 2.09
1202 -0.1057701895156749 0.01524098964515967 1.192859829419424 156 155 143 4.78
1203 -0.1792721371303617 0.0189374537427588 1.164674007407466 56 53 47 3.15
1204 -0.07654629881613484 0.02273508590088557 1.184848342873773 69 75 73 6.2
1205 -0.08240328701385623 0.04256135734215864 1.178963425183862 24 24 28 4.66
1206 -0.1824044885266241 0.04739814191716381 1.143906619691555 41 40 38 3.79
1207 -0.2375958246149623 0.07551844800002859 1.121731800803585 138 135 121 4.37
1208 -0.2139454531407808 -0.06409527445838455 1.16835204153109 60 56 48 1.96
1209 -0.130174311016289 0.0193624261794623 1.166107550111465 134 127 109 1.54
1210 -0.2125575146514048 0.04028165037644464 1.14824535691694 53 50 44 3.38
1211 -0.257537370200791 -0.1415370994830546 1.139740084699183 37 40 44 1.32
1212 -0.2523522591179299 0.04469462074241942 1.146493879093154 66 62 61 2.71
1213 0.02414587839767146 -0.07651972966149673 1.228277167776036 134 138 135 3.4
1214 -0.1658427497693808 0.05131203551359226 1.140813718706495 128 123 118 4.15
1215 -0.134617148994192 0.051272146284129 1.163251284023209 136 133 118 2.53
1216 -0.2148686321258307 -0.2032477017161002 1.156782058653937 123 121 111 0.61
1217 -0.258515440422819 -0.1453670769389855 1.125405324034035 158 152 142 4.03
1218 -0.1883729371180094 -0.1397591584040811 1.172018704777575 48 50 49 2.78
1219 -0.1213246619841326 -0.1029087322991548 1.188630796336838 89 92 96 2.57
1220 -0.1505165142963841 0.01374963538157437 1.163569717984995 48 53 52 1.33
1221 -0.1180740355430699 0.01360416739202418 1.17076107623859 24 28 25 1.33
