# Image list with two lines of data per image:
#   IMAGE_ID, QW, QX, QY, QZ, TX, TY, TZ, CAMERA_ID, NAME
#   POINTS2D[] as (X, Y, POINT3D_ID)
# Number of images: 529, mean observations per image: 5.096
449 0.9848111648045004 -0.01999443664571887 -0.17049616773595658 0.02604333478597713 0.22411199566475704 -0.07995634060990207 -0.3529940731354341 449 image_000449.jpg

3 0.9999998733401219 0.00010867718368428564 -0.0001901688760732941 -0.00043819799341254947 9.39797571506736e-05 0.0001484248758706695 1.0956078258401371e-05 3 image_000003.jpg

506 0.9990311363964476 -0.0181431313406659 -0.039823917786948236 0.004654944901130255 0.015502973709347575 -0.07464962893021998 -0.3295246867969001 506 image_000506.jpg

460 0.9975697747463922 -0.009490957688355539 -0.06836344512701782 0.009534342583663629 0.11822777298973713 -0.07497948468205215 -0.37172782390459763 460 image_000460.jpg

287 0.991731367692913 -0.04987824884196559 -0.11440485866472179 0.02987585407860459 0.18257363148026523 -0.1602203770816783 -0.5685291300497153 287 image_000287.jpg

520 0.9951340179162379 -0.0052931772783637665 -0.06699842324026592 0.07205187350984958 0.15956013329446642 -0.11791911013855753 -0.6938718372996487 520 image_000520.jpg

106 0.9751217133004034 -0.013904088524567723 -0.2207516629952574 -0.014595199725665453 0.43540397838985906 -0.1614577981495719 -0.6161127176838469 106 image_000106.jpg

342 0.9954099348624954 -0.03944174018097036 -0.08418269337033454 0.022730496545161384 0.14300655669204687 -0.13163413823626774 -0.4937216083357648 342 image_000342.jpg

258 0.9942389397641193 -0.01501692933367813 -0.10407673598938692 0.02077127750659165 0.2335578581039284 -0.09712290089437581 -0.45502079715595545 258 image_000258.jpg

330 0.9934069481734719 0.009462558165031438 -0.11289570076921883 0.01753982149997913 0.2476721571576154 -0.10809457865453341 -0.6543420305536439 330 image_000330.jpg

250 0.9910058675704508 0.010272770636018964 -0.13159959020863668 0.02198573489851586 0.1536077373197712 -0.07578211918353836 -0.47845066186614005 250 image_000250.jpg

123 0.9973536478607783 0.010908257527314315 -0.0716837642093213 -0.005304760548488859 0.059427168645568074 -0.034203107715555 -0.21824379892065232 123 image_000123.jpg

249 0.9870890093608947 0.0018069807573497909 -0.15912610181618939 0.018190558935476397 0.3091981919912682 -0.10012508968481956 -0.5982898992881446 249 image_000249.jpg

89 0.9990702111701786 0.0051903608756134504 -0.04245264927013637 0.0054362935129937395 0.029576423485553643 -0.017643485950305106 -0.14873573937791873 89 image_000089.jpg

461 0.9991956861295621 -0.03400181672704935 -0.020397047315166953 -0.005985043707582465 0.06258101581023487 -0.045525592984207414 -0.16761436502133795 461 image_000461.jpg

434 0.9907493787781829 0.006961949802571031 -0.1339741881503106 0.020448122768622103 0.21102309442898992 -0.0769668311658183 -0.465636780423136 434 image_000434.jpg

32 0.9817514653002678 -0.03125578737576361 -0.18107246696459714 0.04898873821227389 0.37969516089391653 -0.11602870395961618 -0.4958223115851596 32 image_000032.jpg

216 0.9840656535495695 -0.013967359397372025 -0.17573002849284564 0.023209137588227225 0.28644192157140297 -0.10254802859128163 -0.5084479360270044 216 image_000216.jpg

521 0.9847171760089127 -0.014617327793247304 -0.17088084192356653 0.030301065688573416 0.07437106749489131 -0.022625179051395466 -0.16793491580402745 521 image_000521.jpg

47 -0.04218381502502762 0.18494431105832845 -0.04053220902014233 0.9810062524477425 -0.34514087399426363 0.17769144181045515 -0.6750936001510066 47 image_000047.jpg

483 0.9877909817022352 -0.07945774622037342 -0.13396793919327626 -0.0028342319085442416 0.445001626012211 -0.2576077110122142 -0.6102477726098077 483 image_000483.jpg

497 0.9998710291151156 0.01550350670621814 0.00400493230590424 0.0012379696217155894 0.01994251195122515 0.006553872284351336 0.022559311987986833 497 image_000497.jpg

314 0.999563216593562 -0.021430972521252274 -0.01916063448752174 0.006853034798601996 0.05088666454787483 -0.039708480303811244 -0.2107073559382621 314 image_000314.jpg

320 0.9936420930521199 -0.09235027580331032 -0.06432259382999989 0.0030720080160086594 0.08143002503720548 -0.15475528491741158 -0.3771778909409615 320 image_000320.jpg

94 0.9932082431117263 -0.027348590255027394 -0.11303712147882049 0.003470614228598923 0.17625046365700608 -0.0953983273035364 -0.3988524280042252 94 image_000094.jpg

190 0.985544063034423 -0.04005484466536105 -0.16185254399981983 0.030037888893633385 0.313181476637962 -0.15816009654811655 -0.6100001923219918 190 image_000190.jpg

383 0.9988215780211709 0.03573740834598245 -0.03202146549747353 0.00727415447065455 -0.013378375135387102 -0.03711600970442734 -0.2962113186837664 383 image_000383.jpg

17 0.9953676541519108 -0.006740504709040974 -0.09549850661587579 0.00882186242651259 -0.04516806727948668 -0.0025409008389295313 -0.020860630077426622 17 image_000017.jpg

20 0.9958832089431021 0.011968851576314095 -0.08965069039762884 0.006009836484195035 -0.04907022663783189 -0.0008855145196939542 -0.004028945188777596 20 image_000020.jpg

72 0.9958880779125512 -0.02774509357042739 -0.08623102781366561 0.0011691589764378514 0.26401612571610866 -0.12646528095576307 -0.437485354881603 72 image_000072.jpg

77 0.9996865407359167 0.0032765717947130964 -0.01761104481801086 0.017491126853109263 0.0822103611702863 -0.05001886112007452 -0.2173673248550426 77 image_000077.jpg

191 0.9820181302203006 -0.053169991334027056 -0.1748737902242935 0.04724933546131313 0.3326094729355849 -0.17108550119047633 -0.5962506216458255 191 image_000191.jpg

152 0.9803898804626073 -0.01905760824024399 -0.18843814037400006 0.054438496028817285 0.3430465580045648 -0.08716219948351299 -0.4186921304574176 152 image_000152.jpg

487 0.9986819240085383 -0.05083611158963426 0.0037027039057507326 -0.006032288465904141 -0.1305246301092901 -0.1322611108817371 -0.5164309022226931 487 image_000487.jpg

322 0.6999963123383196 -0.18656943729966188 0.10099764634561455 -0.6819064691959397 -0.5065943121227946 -0.1580229602779655 -0.7768662794791714 322 image_000322.jpg

95 0.997210987182002 -0.07254086518238548 -0.017205743972027766 -0.0034687852502539047 0.0001778958669832742 -0.13806962610367335 -0.4257239988650853 95 image_000095.jpg

143 0.9945423968655122 0.023770009481362514 -0.10145215081219293 0.0052786956431296736 -0.049084035532605694 0.02362053384784047 0.15915350095893124 143 image_000143.jpg

311 0.9858997376414024 -0.08322403843834363 -0.14187380000664165 0.030778359702377318 0.2695609382902712 -0.18218925117157478 -0.5283585012403702 311 image_000311.jpg

19 0.9894228626155936 0.017164955652395612 -0.1436582014643251 0.010492210217616336 -0.04377370564702898 3.622435792454727e-05 -0.03546393026034672 19 image_000019.jpg

225 0.9983152562438138 -0.0346602664543763 0.045275448237382776 -0.010744565821152886 -0.13579697697232687 -0.07276618339583955 -0.28134009885183503 225 image_000225.jpg

78 0.9732905162101333 -0.030116744164049893 -0.22625539335746153 0.024638382135749044 0.38329431274845094 -0.1414628288105781 -0.48809884742092535 78 image_000078.jpg

174 0.9994278105236922 0.022503243412421232 -0.02314108098356241 0.01010684248060536 0.005015962949505849 -0.029964286835005287 -0.19297044447413664 174 image_000174.jpg

302 0.9994897061949031 0.006981765129871734 0.009417350395046525 -0.029713531724405825 -0.008906083123676377 -0.040064034988491926 -0.21881910807742527 302 image_000302.jpg

399 0.9975522825813536 -0.04550897277531924 0.052766867685852425 -0.005833589879384913 -0.17586308448696986 -0.10809748770071587 -0.4129669705375312 399 image_000399.jpg

212 0.9995373013068579 -0.021603159474920194 -0.020230529746337475 -0.007014201290944082 0.0033739952624404213 -0.07102828867204132 -0.29283561270050756 212 image_000212.jpg

471 0.997858257349642 -0.04687169178328386 -0.045446162643289816 0.004073964137013281 0.14942159698524307 -0.1484818265938906 -0.5447569133587694 471 image_000471.jpg

