# Image list with two lines of data per image:
#   IMAGE_ID, QW, QX, QY, QZ, TX, TY, TZ, CAMERA_ID, NAME
#   POINTS2D[] as (X, Y, POINT3D_ID)
# Number of images: 96, mean observations per image: 662.969
480 0.9980839567366101 0.02723800959411032 0.054166552020173744 -0.012348561178875872 -0.10358835843941815 -0.04543226878374768 -0.20593647474899943 480 image_000480.jpg

68 0.9988580140890173 -0.04729903404877277 0.005317761209243542 -0.004146345157984331 -0.02889141930991243 -0.06034217516915045 -0.17943846279342776 68 image_000068.jpg

324 0.9985536402198213 -0.053622863445829325 -0.002764305092757671 0.00274952747252249 -0.00024072606459004276 -0.019260701790406464 -0.11683348642028238 324 image_000324.jpg

389 0.9996421172515673 -0.01598382056923239 0.0013982549577443999 0.02140554697112883 -0.03575843828865247 -0.11915613410113883 -0.3158601424221089 389 image_000389.jpg

519 0.9967843979843225 0.06759253572236687 0.03535130154355622 0.024543844358170055 -0.02582904679644772 0.0277792234165491 0.009524390663062907 519 image_000519.jpg

138 0.7080527056357026 -0.0026046533596390986 0.015196664774747888 0.7059912494967809 -0.02506897776313481 -0.006467891413529653 -0.02863612055115752 138 image_000138.jpg

430 0.6989980224447324 0.06738092903764596 -0.09036640467297877 -0.7061837266245722 0.05930419559511491 0.013991438129468806 0.01105275276984585 430 image_000430.jpg

149 0.9967137339286405 0.04645394351789356 -0.031009018769486144 0.05867026991298935 0.02563246565540745 -0.003754679131633201 -0.09952211437696523 149 image_000149.jpg

312 0.9986157430725989 -0.0475323391429713 0.020208540034123822 -0.009943682025709626 -0.035644256770851174 0.014299660724863415 -0.04773443434899966 312 image_000312.jpg

187 0.994638656422515 0.01642134966949376 0.09951455466581173 -0.02282857488825437 -0.09230495296453026 -0.03556730310503815 -0.16465538355548465 187 image_000187.jpg

445 0.9987050455853989 0.025280974558346585 -0.03673113272484486 0.02449335057925174 0.08708855799167621 -0.05523305856198411 -0.17856694899951175 445 image_000445.jpg

35 0.9999948647350925 0.0027872351170562877 0.0003979549865807236 0.0015329373662348236 0.006756999717349058 0.006804564455162022 0.3156833117373784 35 image_000035.jpg

390 0.9985998991904597 -0.04699332138021678 0.018353034778569196 -0.01590720049350246 -0.05869829071648681 -0.17346262727629963 -0.13279733974815863 390 image_000390.jpg

107 0.9993574492240453 0.027955439119861297 -0.0075636088092502374 0.021118381148941552 0.05141302581394633 -0.017364667679143853 -0.12714836601593663 107 image_000107.jpg

202 0.782392235194673 -0.020664236144782952 -0.010105675995462826 0.6223609958047441 0.10665964830396836 0.027928244988646798 -0.2577806794420948 202 image_000202.jpg

308 0.9997617570805036 -0.02135027978208699 -0.00332715478273245 0.0030858450653759367 0.05101121958047582 -0.12770122875752712 -0.29665152509930265 308 image_000308.jpg

129 0.9977213219660866 0.017137625553536897 -0.056624625533458206 0.032436397618343285 0.13273062703421007 -0.05701621069839182 -0.17388809082850934 129 image_000129.jpg

240 0.999184492358096 0.030433907598653512 0.019768248930062605 -0.017701234748622778 0.019747933643488945 -0.06354738477479814 -0.22607978075154597 240 image_000240.jpg

49 0.9859928808064292 0.013525785808134913 0.15107847770959026 -0.06935691052742661 -0.2789698918916852 0.019909895267268475 0.4473344867565535 49 image_000049.jpg

509 0.9434046182547043 -0.011172735492803756 0.30118269562249766 -0.13839030722085618 -0.7250285986673608 0.03573235676015407 0.15096667027700303 509 image_000509.jpg

242 0.9983923997173962 0.05613894531679365 -0.0002147047337303535 0.00780944737080204 0.04231336670763124 0.0442027615934883 0.0002641418388351921 242 image_000242.jpg

243 0.993574715404251 0.10136156413407904 0.049915011996546535 -0.006603380678311832 -0.058432869530355695 0.059481773632870376 -0.010584696378745654 243 image_000243.jpg

230 0.9856918850016465 0.11961558525721203 0.11489441644242171 -0.03004822129521388 -0.16557601809860537 0.018323860190570508 -0.06200787713154249 230 image_000230.jpg

283 0.9983011727099302 0.012758125316800465 -0.05296408594451897 0.020659350640810824 0.10608798824191769 -0.134985916512787 -0.1810732905029971 283 image_000283.jpg

150 0.9879089051447639 -0.028094543260985483 -0.12677174821840081 0.08470899077068073 0.2408079607392759 -0.08399651090890924 -0.24920222511093024 150 image_000150.jpg

65 0.9797894652227248 -0.13012641201618877 0.09307965287167316 -0.1200661944813942 0.049133648894393755 0.00812212880854585 -0.05836332381092083 65 image_000065.jpg

162 0.999036519209539 0.03844098269237232 -0.017753424661685297 -0.011538714915175136 -0.25740976618286915 -0.03998327239783347 -0.24657927504746652 162 image_000162.jpg

270 0.9983264920802525 0.014739677724163593 -0.05527060940914129 0.008492220244079059 -0.08591886248174058 -0.020621568331231858 -0.18605642364268166 270 image_000270.jpg

140 0.9989524159293668 0.004780059870197786 0.0427013635682095 -0.015742652473636595 -0.09507009106377778 -0.05856148787759742 0.011697413585919452 140 image_000140.jpg

97 0.9983730287644512 -0.047629839599942464 0.030336150522727534 0.007900528106254386 0.07811742462877674 -0.20483606764653156 -0.413025062447544 97 image_000097.jpg

352 0.9659895255566513 0.06841855650936941 0.240423947800482 -0.06617739692224506 0.03498045335088108 0.05101402075902808 0.01875978119984425 352 image_000352.jpg

358 0.9819449479103277 0.047948067025380466 0.16803065451787516 -0.07246241763861769 -0.18783937143911822 0.08378495503906759 -0.27156229840798374 358 image_000358.jpg

1 0.9171816297617065 0.04232249144752202 0.37324751954248186 -0.13293964484727472 -0.8309032133587761 0.07967305351797965 0.3962787645029796 1 image_000001.jpg

467 0.9932233493826746 0.001715830707724803 -0.09534694571272166 0.06643331410776471 0.23155709242418973 -0.07090345891015833 -0.2539850783393647 467 image_000467.jpg

69 0.9913821968860732 -0.01544517933569234 -0.10788575252833854 0.07268735707526279 0.26982124326885853 -0.13406767007435474 -0.3061072156800129 69 image_000069.jpg

392 0.9853103811787783 0.01887098569567382 -0.13647792005690662 0.10090148407321067 0.3526212213533573 -0.02056662631174761 -0.2990466471910773 392 image_000392.jpg

120 0.9968348788228328 -0.04448265033514442 -0.06243588417773633 0.02105433763846384 0.16753450513050605 -0.22562340425334065 -0.42249872063422367 120 image_000120.jpg

267 0.9908499414121488 -0.08807448159970614 -0.09760429476924382 0.030539803099543315 0.2817706773274491 -0.19829396128685012 -0.3102005743031814 267 image_000267.jpg

488 0.9021483344218351 -0.003100133829386618 -0.3767961536295293 0.21010336262081153 0.9033708596735963 0.17159665020875736 0.16038528243794026 488 image_000488.jpg

328 0.8937135628382843 0.007300264972757508 -0.4000241189267275 0.20298636566948672 0.9243222930440012 0.1298496679303951 0.14707559803708192 328 image_000328.jpg

209 0.999153254648349 -0.012844983299556769 -0.037151506561456014 0.012147181077118272 0.22316220744963008 0.01853340989116907 -0.03422270498603017 209 image_000209.jpg

525 0.993997834402086 -0.04834308861694769 -0.09782000635754257 0.007906339463926463 0.3109805466039407 -0.11797274186482362 -0.3018824945681671 525 image_000525.jpg

203 0.9751692925167039 -0.2100025846125939 -0.030465227963451833 0.06336903673531695 0.1262838461291473 -0.4470783283021686 -0.4409898056869331 203 image_000203.jpg

204 0.9745208777165933 -0.21296758456420092 -0.02495037503581737 0.06581289852373043 0.12239511801140661 -0.4498282132429826 -0.43936328820070747 204 image_000204.jpg

391 0.9290410746399489 -0.10777549443304868 -0.2687684645013924 0.23028380200196502 0.8853260484011427 -0.05394660754792206 -0.24750245418184058 391 image_000391.jpg

148 0.9742309051657256 -0.09580728194975338 -0.15649985952174564 0.13115979067194916 0.47021191589813144 -0.29356936902266156 -0.4988030385266341 148 image_000148.jpg

405 0.9488506177892467 -0.001945697756184475 -0.28629254486724776 0.13309884098786065 0.8854852108216269 -0.1004738586672541 -0.2779775911455631 405 image_000405.jpg

524 0.9327931152687255 -0.02861088904259079 -0.3208101067736508 0.16173836477884435 0.7856984602789321 0.06325003269743236 0.02734190053915775 524 image_000524.jpg

282 0.9945434216306789 -0.07725259396342382 0.0527021032202219 -0.04623757867019579 0.15426581478773976 -0.09363805639055038 -0.22952717533104988 282 image_000282.jpg

57 0.9804022143393855 -0.03303163288533559 -0.15752129516364252 0.11361093740393438 0.4075772990769728 -0.044794906717439076 -0.1692271642081612 57 image_000057.jpg

124 0.9458312817517543 0.11036959752410264 -0.28734016169606436 0.10323454586493432 0.7604095367211563 0.42690635839289737 1.5311715941047421 124 image_000124.jpg

38 0.9871183110554368 0.014764758301790562 -0.12549736332655173 0.09813184767219596 0.34591745380212535 -0.03001560120357922 -0.30703721047359533 38 image_000038.jpg

346 0.8550272379464322 -0.014078524455502534 -0.45447839096511305 0.2493584143585818 1.1971810783091166 0.21446108775879447 0.2463893660555458 346 image_000346.jpg

13 0.9850520173433402 0.020971860558907866 -0.14934881555466975 0.08323245937572109 0.36025602880120106 -0.03718957906607845 -0.07656262317527267 13 image_000013.jpg

16 0.9953889895276947 -0.0093419929823606 -0.08350984313505891 0.046255711678882795 0.19209857322547924 -0.1645500295226028 -0.23945005072151293 16 image_000016.jpg

444 0.9670498576972945 -0.03183935916739394 -0.21123283795982192 0.13849732602701886 0.5900152477461835 -0.15728018319622553 -0.0964707174026154 444 image_000444.jpg

496 0.9036238695407786 -0.0455391846755087 -0.3759873408862629 0.20005901435408321 0.9526087923431623 0.07027597612849816 0.05732268001520707 496 image_000496.jpg

26 0.8053054787430118 -0.016283902360525966 -0.5400602355626837 0.24403449949613248 0.9481925135407513 0.26547461061717303 0.5142943769278041 26 image_000026.jpg

280 0.8844599756674341 0.08014251016693294 -0.4257379134327837 0.1733636012961157 0.9295490650495211 0.14496513582087361 0.6144927940331096 280 image_000280.jpg

275 0.8637642315437833 -0.07114024677341808 -0.43195251387124634 0.24953446824662712 0.9994080794742952 0.036770785612691606 -0.006466590750279666 275 image_000275.jpg

5 0.9807362385999623 -0.098867617475917 -0.12197379565398232 0.11620674287049029 0.35119609581207933 -0.09535941817476914 -0.31069114416152105 5 image_000005.jpg

156 0.9876347976583821 0.08536843858507102 -0.11083068470227515 0.07075518134804275 0.14968313118838308 0.1089475157531105 0.11320752330156214 156 image_000156.jpg

298 0.8882070534742228 -0.16085870362765586 -0.3454469300311993 0.2566693029732917 0.8910179452850471 -0.11520535173083002 -0.15859524979595785 298 image_000298.jpg

526 0.874486147057898 0.05575084522826023 -0.4323149005640328 0.2127666243907786 0.9512801378154014 0.2073142835436272 0.31825300600691664 526 image_000526.jpg

188 0.8886668341065702 -0.14462688883009325 -0.3521630436091046 0.2556081329538464 0.8874061493161325 -0.06347069386005917 -0.14046730374588398 188 image_000188.jpg

194 0.7976724711773036 0.020385043748351737 -0.552953558216381 0.23988634341144446 1.0676085908373516 0.2443534822525517 0.5563367760476531 194 image_000194.jpg

244 0.9508576380191495 0.08357344004681432 0.2835344651805531 -0.09215985634277275 -0.6784020459569124 0.07117908391706522 -0.06626629392620714 244 image_000244.jpg

286 0.9863652434692821 0.1332474508204982 0.09492070099233604 -0.01785458482350919 -0.24796700403319527 0.011957522198455757 -0.09241063013017056 286 image_000286.jpg

18 0.9692884396137684 -0.15762256598862487 -0.13266252957462532 0.13429703734775866 0.36412937403743045 -0.12174827287001343 -0.28562236678581143 18 image_000018.jpg

406 0.9360924791465753 0.11460849403994518 -0.3116156515472453 0.11615276311322864 0.8942707491455957 -0.0011438496373786522 -0.268781050583174 406 image_000406.jpg

131 0.7978186941177016 -0.022422247915929255 -0.5537157560443406 0.23744773300175087 1.0783837939532845 0.1361392225846396 0.3649404127248067 131 image_000131.jpg

518 0.9840119117320458 -0.12523572755527226 -0.10078881832134963 0.07666933657219314 0.33143985162065126 -0.14039589486514809 -0.32949233016070467 518 image_000518.jpg

296 0.9760008676953825 -0.2171806683979756 0.003351784362534059 0.015608283442346384 -0.021409481209543963 -0.3640856972981147 -0.3946445953973864 296 image_000296.jpg

272 0.9077439281925171 -0.03604789043263855 -0.36196001956958074 0.20901303305580682 0.975213767272578 0.05940034715769961 -0.10776619494093942 272 image_000272.jpg

326 0.8730900346152025 0.0266348028208099 -0.4377650992294257 0.21299312025541006 0.9348191307395443 0.13686940672198744 0.418184587650735 326 image_000326.jpg

222 0.8042851684666608 -0.03431188392836374 -0.5508747124340372 0.22019342267394712 1.0331253225851733 0.10083713951732362 0.3183124955388034 222 image_000222.jpg

56 0.8681524094992565 0.029125432111664323 -0.45573381610271124 0.1943445198143191 1.090842406914826 0.15449764550192996 0.6661550799993197 56 image_000056.jpg

92 0.9139523400634993 0.06864829512484388 -0.36712235759901596 0.1587441508057539 0.9278007164237383 0.07412448850205186 0.5182674693610966 92 image_000092.jpg

508 0.8721843875418458 0.04685743176252502 0.4490221102055226 -0.18835586546553326 -0.9566701261032353 0.21896910962295446 0.3893418251748496 508 image_000508.jpg

128 0.9728985467613452 -0.2076461133059594 0.05836557015983047 -0.08333657822870769 -0.16989270069567353 -0.540252186035832 -0.5220797409485798 128 image_000128.jpg

