# Image list with two lines of data per image:
#   IMAGE_ID, QW, QX, QY, QZ, TX, TY, TZ, CAMERA_ID, NAME
#   POINTS2D[] as (X, Y, POINT3D_ID)
# Number of images: 100, mean observations per image: 633.900
107 0.9991598100280488 0.019774287189379316 -0.029138542986541706 0.020966583483857874 0.09777440941191023 -0.03486282549696916 -0.2186787462783242 107 image_000107.jpg

35 0.9997639632400572 -0.005953790468236299 -0.020802267714314624 0.0019559095482310743 0.05527212313110089 -0.021140800919236945 0.1725899326271783 35 image_000035.jpg

390 0.998343169691248 -0.055639717332518074 -0.0019378169329710307 -0.014538944827484057 -0.009006324419847231 -0.19184901631657536 -0.22245558005602217 390 image_000390.jpg

138 0.7078289023266608 0.006361234686273935 -0.005763319857243806 0.7063317669437358 0.003311944851936131 0.04077351355730265 -0.12963480375731973 138 image_000138.jpg

430 0.6978221430407496 0.046387850453867875 -0.09889930668865805 -0.707892165196598 0.04809713443907896 -0.03988648738371574 -0.09483621378736501 430 image_000430.jpg

68 0.9983120042787778 -0.0558506183792767 -0.01571850967019828 -0.0026039748967046526 0.022228436759684354 -0.09097455961865523 -0.2600420452587776 68 image_000068.jpg

389 0.9992619432524352 -0.02422347538552056 -0.019839669415611758 0.022252577107472516 0.018357910021404036 -0.13434188920790152 -0.3829504597528656 389 image_000389.jpg

312 0.9983963575275778 -0.05599633829679024 -0.00077235796207282 -0.008277337458007718 0.01271805894151328 -0.02520890110532794 -0.144374291245792 312 image_000312.jpg

149 0.9961737671575802 0.03904751509273646 -0.05255723696933139 0.05788652802491791 0.08061469793897758 -0.014852837997293287 -0.1896338848292415 149 image_000149.jpg

324 0.9977863963005513 -0.06190336743406304 -0.023900003362560648 0.00436525513221225 0.049811298997470506 -0.054979899171468394 -0.2030683369389344 324 image_000324.jpg

480 0.9992102017184773 0.018319638662620978 0.03317804990591541 -0.011940552804538514 -0.054887269569344616 -0.06302384939961475 -0.2919984651645253 480 image_000480.jpg

519 0.9978498690313861 0.059432866504334034 0.014028289224651883 0.02380304009518994 0.019577000094245057 0.013878209248234085 -0.0932459549952113 519 image_000519.jpg

308 0.9992404793947024 -0.029975293650095606 -0.024578213587356155 0.003981869496374539 0.09539304908674845 -0.14482795447231128 -0.36509212954956316 308 image_000308.jpg

187 0.9966486383193198 0.007403872560744675 0.0784953289191278 -0.021798253998520055 -0.05533152839181398 -0.057141427071185774 -0.25769382932617596 187 image_000187.jpg

202 0.7814749028293311 -0.01416905297954267 -0.032132280525108366 0.6229475778499525 0.13673638054040993 0.06465958979053071 -0.33136640203436607 202 image_000202.jpg

240 0.9996142080824254 0.02138698681754861 -0.001348951476081321 -0.017669238830957522 0.0617816063061208 -0.07899946984346534 -0.30733223497045253 240 image_000240.jpg

242 0.9986188736320506 0.04761464965600587 -0.0210372208945046 0.00711507284712838 0.08630707015937615 0.02418566662441765 -0.10702149841701498 242 image_000242.jpg

243 0.9952324908353741 0.09275450121147055 0.029106136848626524 -0.007856165508956865 -0.014079690855034788 0.04702251397266466 -0.11330079338961871 243 image_000243.jpg

162 0.998728918652445 0.03190418000352643 -0.03718996539725955 -0.011814343899014318 -0.1801866738502361 -0.05168948978556592 -0.31641868148232855 162 image_000162.jpg

49 0.989210865991019 0.0030243044193413405 0.12973807154081113 -0.0679760568912838 -0.2337705552565898 -0.012467342308842295 0.28021113404708886 49 image_000049.jpg

140 0.9996373412139296 -0.005091826611660462 0.021848424428112148 -0.014897030468418173 -0.04518288439177768 -0.08149432411187235 -0.10045954131248229 140 image_000140.jpg

185 0.9454669794443876 -0.03417695275153928 0.2910065693115756 -0.14226491417254566 -0.6969996483794372 0.0001689816700034142 -0.1315424381972206 185 image_000185.jpg

65 0.9806474151244398 -0.13989050899352587 0.07243448633662881 -0.11625201023811338 0.06436960378645848 -0.053804751295213095 -0.14448028134467636 65 image_000065.jpg

1 0.943417895025321 0.03439940232379785 0.3023906040338144 -0.1316787193820713 -0.6995907832778457 0.046663064650567715 0.1403524169082934 1 image_000001.jpg

170 0.9459599747619036 0.011949710507079752 0.2934065277916804 -0.1375846994759824 -0.6806395584476632 0.051075603907587586 -0.09607466902813494 170 image_000170.jpg

445 0.9978698376621522 0.017097487116132255 -0.05815527965371174 0.024112705669687397 0.13524129033209312 -0.06863751011138375 -0.25899841029142534 445 image_000445.jpg

270 0.9970037267647781 0.006158746314724175 -0.07664244199701113 0.008460242439239481 -0.014345991676801825 -0.04217563459325936 -0.2688787360035835 270 image_000270.jpg

129 0.9964170625241197 0.009241998934364818 -0.07772915996618347 0.03202816391666703 0.1793693010954988 -0.07078976398075125 -0.2580235799532053 129 image_000129.jpg

230 0.9889406181466609 0.11024657866900452 0.09421775824781038 -0.031067066599935043 -0.12418069683869767 0.013038678272222753 -0.17010325390419567 230 image_000230.jpg

283 0.9970129433541814 0.004272053645953616 -0.07435479143853933 0.020452620940082614 0.1552385810514123 -0.14257328426953028 -0.2610949719217356 283 image_000283.jpg

150 0.9846721886824001 -0.03487988217849439 -0.14845014248104318 0.08465593503923112 0.29148214657561866 -0.09642136817341687 -0.3069514019451499 150 image_000150.jpg

97 0.9983337543117071 -0.05618829742042365 0.008895870457236804 0.00966748692804389 0.11294329594410603 -0.21834900032595472 -0.469904112116019 97 image_000097.jpg

352 0.9716751594802461 0.05890149678208628 0.21946077106196096 -0.0649226699096956 0.023486343975826142 0.030797553401937353 -0.09878403685289042 352 image_000352.jpg

467 0.9909096965635013 -0.005539799451609267 -0.11708234300854725 0.06602272263323353 0.2766664017877497 -0.08193661391824225 -0.31733338144366025 467 image_000467.jpg

69 0.9886437455275526 -0.022653577693073475 -0.12964408006342934 0.07254497664122282 0.3133099551687817 -0.14042332221439727 -0.36101220918776145 69 image_000069.jpg

392 0.9822351963467614 0.012374774784689768 -0.1584586491869231 0.09975837757941625 0.3924569669352157 -0.028881465745630375 -0.351702018522328 392 image_000392.jpg

120 0.9948377963875109 -0.05285079157097115 -0.0838065489256408 0.021932206038737304 0.21159750908212124 -0.23412114387305472 -0.4687564001807259 120 image_000120.jpg

267 0.9877150050077664 -0.09603066981867005 -0.1190405848141356 0.032039305558279274 0.3201371729498571 -0.21649553915209174 -0.3610713408409847 267 image_000267.jpg

488 0.8935947726658888 -0.006657127906233354 -0.39816730747143103 0.2071396928954257 0.9129581809559636 0.16149603329779869 0.10641306102066955 488 image_000488.jpg

328 0.8847461543293904 0.003582105451190159 -0.42114277170290104 0.19962505653287016 0.933010277339824 0.12551257644442793 0.09983668339533863 328 image_000328.jpg

209 0.9979831387998496 -0.021147278075698137 -0.058486206595172695 0.012720820399745 0.255029031024121 -0.012512675219268991 -0.13262129221198551 209 image_000209.jpg

525 0.991190478383452 -0.05686625942730885 -0.1192983868913579 0.00869320922693199 0.3449663144774387 -0.14065024512565538 -0.3598806108910892 525 image_000525.jpg

203 0.9723703897512692 -0.21724728118029832 -0.05162935664053755 0.06807241030811537 0.17282333721913923 -0.45682729713958353 -0.4726781095627043 203 image_000203.jpg

204 0.9718121623039321 -0.22014887326051383 -0.04612575488114229 0.07062578512197829 0.16859088012639262 -0.45968601965685024 -0.4715056195448698 204 image_000204.jpg

391 0.9218524677399215 -0.1111259647810561 -0.29098099651960535 0.23058425808057217 0.8891592973657074 -0.05575867232599133 -0.2742415691084068 391 image_000391.jpg

148 0.9696719564697146 -0.10181869766776157 -0.17847308030274636 0.13235028414205052 0.5027547975652356 -0.2875345545210747 -0.5187364562748119 148 image_000148.jpg

405 0.9422449383055412 -0.007774853299448456 -0.308125500655221 0.13104467646352308 0.8880526164708147 -0.09576531496478273 -0.3036302768878293 405 image_000405.jpg

524 0.9252898842954711 -0.03363114465705049 -0.3422477673585584 0.1599188676592455 0.8040960782945119 0.05045457356494119 -0.027557234930521757 524 image_000524.jpg

282 0.9948106049943871 -0.08642206067135418 0.031179219292210975 -0.0437144146385312 0.17301287977994637 -0.12993523081140004 -0.3034282935265621 282 image_000282.jpg

57 0.9763743644897321 -0.03933337044539382 -0.17959836589225547 0.1135359305750846 0.44608122096518577 -0.05820794723025641 -0.2378004307692718 57 image_000057.jpg

124 0.9403159295003205 0.10456300412882476 -0.3085299199050187 0.0983962447280932 0.7751546016728021 0.3862152245619952 1.2913404088814586 124 image_000124.jpg

38 0.9842413289926232 0.008216796545372223 -0.14751491383965978 0.09716401877200244 0.38458125382456804 -0.03858453619047501 -0.36044590822671596 38 image_000038.jpg

346 0.8445023428904423 -0.016548368506381007 -0.47547161662443516 0.24590383334623642 1.176672967670485 0.20849107372321285 0.20374543067147838 346 image_000346.jpg

13 0.9816760336911716 0.014545664958600628 -0.17138179595258776 0.08202972259075268 0.4012827007750507 -0.044443191432372714 -0.15376435860854193 13 image_000013.jpg

16 0.9932440249036181 -0.017187160568573924 -0.10504767030300151 0.04621572787516848 0.23861026339314012 -0.16989396086257993 -0.30938395377529176 16 image_000016.jpg

444 0.9617250108136406 -0.037865677192385136 -0.23376389302238448 0.1378609063261066 0.6176053149028375 -0.1526530650901934 -0.15756052414199243 444 image_000444.jpg

496 0.8946898252306623 -0.049362714200978854 -0.39733040330646824 0.19804543601369604 0.9574014814267647 0.0635414054996411 0.016342230954104697 496 image_000496.jpg

26 0.7930867090036385 -0.018241361412966953 -0.5596050718234001 0.23983924211132918 0.9566719439249922 0.25587545954307095 0.46277576015495714 26 image_000026.jpg

280 0.8754942735371565 0.07681060215373936 -0.44661248121328573 0.1677712110613062 0.9381882547280713 0.1458611809618851 0.5175813468347379 280 image_000280.jpg

275 0.8533729131336116 -0.07367941687610717 -0.45279389156951305 0.2475958679644478 1.0020162942394926 0.04264169138228896 -0.02498498983987346 275 image_000275.jpg

5 0.9769623820427826 -0.10480963730109058 -0.14395087634338524 0.11763323770889268 0.3909206542222665 -0.11548966160737098 -0.356127654545286 5 image_000005.jpg

156 0.9856075824722105 0.07881415885157371 -0.1330508941308612 0.0682896889078531 0.21195290638668385 0.09494238429631471 0.004815146344781883 156 image_000156.jpg

298 0.8789138531986477 -0.16334975490898232 -0.3668016952755707 0.257456438476606 0.902780083054361 -0.1078177230628896 -0.17505933956827135 298 image_000298.jpg

526 0.8652284763689149 0.052574053203768095 -0.4531709694968919 0.2079704611382214 0.9573261096265626 0.20415006698546767 0.24968750505330073 526 image_000526.jpg

188 0.879382348214387 -0.14711604185343669 -0.37352794744317463 0.2559695964384928 0.8997575687313137 -0.05957289570385967 -0.15877007225341816 188 image_000188.jpg

194 0.785445199178062 0.018195891503919447 -0.5723759171251354 0.23479900997750597 1.0613872913073061 0.24070163132888178 0.5042951067348933 194 image_000194.jpg

244 0.9574620219091273 0.07416989480361359 0.26367258905451946 -0.09078584087927158 -0.6202637334810464 0.053230030506652176 -0.17623563730863862 244 image_000244.jpg

286 0.9894290509061409 0.12322246856465104 0.07409924282331033 -0.018859507891131003 -0.1919071367451019 0.008954159538226612 -0.20100762959852947 286 image_000286.jpg

18 0.9648171841452264 -0.16286930338143096 -0.15449547029218422 0.1368668485056299 0.4058665587703643 -0.1458848917910564 -0.32712759067866265 18 image_000018.jpg

406 0.9299977718722846 0.10850381454526696 -0.3330780849572689 0.11131069591622246 0.8971358741742976 0.009759445199718303 -0.29158817155824623 406 image_000406.jpg

131 0.7852007437262805 -0.02472941497145844 -0.5730676370597259 0.23332749743944997 1.071806546489847 0.13963408638128458 0.3352380853460235 131 image_000131.jpg

518 0.9804921817056833 -0.13196068733134964 -0.12249663494395577 0.07884184194783915 0.36781406005394457 -0.16597384712936258 -0.3756514612877611 518 image_000518.jpg

296 0.9739464073167171 -0.22517418887015841 -0.017189332806975977 0.02072430045473046 0.03091381763693095 -0.3902484591648274 -0.4333109222950144 296 image_000296.jpg

272 0.8991358598861302 -0.039893209469907036 -0.38355227099494105 0.20700455548640445 0.9762549430871215 0.05627431119544969 -0.1289317068664213 272 image_000272.jpg

326 0.8633657355738008 0.02330239887822633 -0.4586973159481622 0.20893383932515192 0.9439222908654221 0.13780801176430366 0.34817466316447787 326 image_000326.jpg

222 0.7917838179082722 -0.03681978478843959 -0.570026329338835 0.2163162130003297 1.032459288996152 0.10339404754039733 0.29398386578866587 222 image_000222.jpg

56 0.8579349978331053 0.025399050744403278 -0.4766734183578036 0.18996020744286155 1.0832707277213232 0.15041493866083058 0.5726164552229511 56 image_000056.jpg

92 0.9063279263537687 0.06380653167353888 -0.38819802006793125 0.1542747964164633 0.9326505523585371 0.07661572848039475 0.4163337379980546 92 image_000092.jpg

