# Image list with two lines of data per image:
#   IMAGE_ID, QW, QX, QY, QZ, TX, TY, TZ, CAMERA_ID, NAME
#   POINTS2D[] as (X, Y, POINT3D_ID)
# Number of images: 529, mean observations per image: 0.665
420 0.9790727106742421 -0.09380843488518102 0.17415284030306225 -0.047826710989325706 -0.5610076683431972 -0.19082402733812584 -0.45913796894885517 420 image_000420.jpg

487 0.9985768562523596 -0.05329107488443354 0.00027879121781497354 -0.0020597168498132827 -0.11825778098607122 -0.15766564607969635 -0.49141407070956966 487 image_000487.jpg

264 0.9903391594134026 -0.130530083174947 -0.044905166962382295 0.013182519720566742 0.17221811123335273 -0.4637638627174577 -0.8255048097111887 264 image_000264.jpg

269 0.6472509637604063 0.13939322868294945 0.2217098096304481 -0.7158773791276682 -0.10471504500461468 0.6262707090959747 -0.28559827524674797 269 image_000269.jpg

343 0.9963564283080756 -0.046722083343437235 0.071332168559975 -0.0016266153875070576 -0.26961259368971857 -0.13389631959546489 -0.4792954195268558 343 image_000343.jpg

506 0.997993629905676 -0.01599644469900516 -0.06112306160807162 0.0040975629687843565 0.08827813302724832 -0.08321098306459393 -0.30012654827593843 506 image_000506.jpg

17 0.9934797673004151 0.023254454421496512 -0.11090423119246998 0.01254703731220743 0.0030162839888708006 0.08350945220211194 0.0017737571325251661 17 image_000017.jpg

268 0.9785458613732505 0.03134219678969888 0.2031362011555158 -0.0141898475577208 -0.5882258365588569 -0.06545290183515615 -0.36719844307734034 268 image_000268.jpg

386 0.999338033491812 0.01439487342324404 -0.033321290908370715 0.0024462688381526026 0.060179503378334075 0.006042407312444414 0.09212255325996538 386 image_000386.jpg

258 0.9935803061576245 -0.014837753517946146 -0.1104193468695864 0.01963650553869822 0.23488474599914555 -0.09627278448826931 -0.4440458630687737 258 image_000258.jpg

342 0.9949635769896396 -0.03944117079913178 -0.08936675933410611 0.022482387404847835 0.147598496704511 -0.13021237623530496 -0.47317714582314435 342 image_000342.jpg

219 0.9883776832545108 0.010271045521373477 0.15021261426506366 -0.020981760793785387 -0.41328953948518377 -0.04950403900453068 -0.42000733628197684 219 image_000219.jpg

212 0.999510414260587 -0.022157473427304456 -0.02119653092367992 -0.006220660527098307 0.004202952111046717 -0.07031121249040956 -0.2787562457773773 212 image_000212.jpg

32 0.9802366643142996 -0.032015445462689064 -0.18917294794721176 0.048214892615761305 0.37658426871079653 -0.11730837636385877 -0.4839091814431571 32 image_000032.jpg

225 0.9981960476292037 -0.03673597501232162 0.04656500690205117 -0.009316964788506632 -0.1348950049187216 -0.07500303207553394 -0.2732772767466932 225 image_000225.jpg

3 0.999999977648258 8.888996142974038e-05 1.8665760270532454e-05 -0.0001986320320443891 0.00010284223073669616 9.226053500898801e-05 2.8388575654174793e-05 3 image_000003.jpg

37 0.997126429190107 -0.07265324671093135 -0.02131877794602543 -0.002426836320279865 0.0990606012578947 -0.19069005214530005 -0.5554603356848848 37 image_000037.jpg

520 0.9950387641170397 -0.004501812346161246 -0.06942439990225041 0.07111843868364906 0.1578623026744968 -0.11366452530376946 -0.6472270418519327 520 image_000520.jpg

329 0.9852641268179345 -0.037145762418559325 -0.16044533443667108 0.0461744709354755 0.395860273443184 -0.12354057938100445 -0.4912835882901404 329 image_000329.jpg

174 0.99939122892399 0.024040449738194334 -0.023222585901961194 0.009997119891490103 0.004633596217886146 -0.02991630031217449 -0.19257132894424933 174 image_000174.jpg

463 0.9918705516612076 0.023056269185165887 -0.12328516262844136 0.021493628012157807 -0.008718644381661717 0.003398842924317529 0.03304787654756141 463 image_000463.jpg

369 0.9949778795299414 -0.015652388231707635 0.0975929780938925 -0.01580015216122059 -0.31266692932689755 -0.009839456360442051 -0.023332990484426615 369 image_000369.jpg

499 0.9839887845318022 0.0420350666665365 0.16535866972899244 -0.05153288204013033 -0.4295533170850726 0.005068789894335866 -0.4050104726740711 499 image_000499.jpg

314 0.9994734480500269 -0.019103222150355516 -0.025066482004646444 0.0077182517869072206 0.06045884700580126 -0.039272137258516214 -0.17374502809109646 314 image_000314.jpg

284 0.9989731180265771 0.031197272523968773 0.03278753882373769 -0.002101604528279393 -0.11266928825477768 -0.03783412805463267 -0.2678665906660826 284 image_000284.jpg

