# 3D point list with one line of data per point:
#   POINT3D_ID, X, Y, Z, R, G, B, ERROR, TRACK[] as (IMAGE_ID, POINT2D_IDX)
# Number of points: 95, mean track length: 3.71
0 -0.05122172552159876 -0.3106967332043734 1.21101168017988 119 112 120 0.54 264 0 269 0 343 0 420 0 487 0 506 0
1 -0.03004505217521047 -0.3213474153832584 1.211526559228268 112 104 103 0.49 17 0 269 1 420 1
2 -0.09926779444324196 -0.1055900955026783 1.106375351657398 69 64 70 0.58 269 2 420 2 506 1
3 -0.04147145901051452 -0.1170333233540573 1.124162520484009 129 111 94 0.81 17 1 269 3 343 1 420 3 487 1 506 2
4 -0.2870997556966637 0.3428725844552387 1.053650371789193 59 54 44 1.04 268 0 269 4 506 3
5 -0.003985402346943112 -0.3255313593655253 1.24226561182759 86 84 80 0.34 269 5 420 4 506 4
6 -0.04950770665390747 -0.257561187952237 1.183580655824155 80 80 89 1.13 17 2 269 6 420 5
7 0.06573652212292558 -0.09099831682213411 1.206175879662704 134 117 100 0.35 268 1 269 7 343 2 386 0 420 6 487 2 506 5
8 -0.05239299489851135 -0.07497077215409578 1.093609535088483 70 55 50 0.53 268 2 269 8 487 3
9 -0.04347307126289335 -0.07094351109344611 1.104703877643112 130 114 95 0.5 264 1 269 9 343 3 386 1 420 7 487 4 506 6
10 -0.1529923062729986 0.008701694869579064 1.074154686279609 177 178 178 1.55 269 10 386 2 506 7
11 0.04835158334608791 -0.07184116596131897 1.182262492838375 124 103 84 0.42 17 3 268 3 269 11 343 4 386 3 420 8 487 5 506 8
12 -0.05664435801505074 -0.3112819790235003 1.204721896270756 196 194 196 0.79 17 4 268 4 269 12 487 6
13 0.006572157715574511 -0.1314349339404668 1.168026388072134 62 45 37 0.37 269 13 343 5 386 4 420 9 487 7 506 9
14 -0.009191819698196269 -0.3504204544865964 1.249665866815936 219 224 227 0.65 264 2 269 14 343 6 420 10 487 8 506 10
15 0.08093972654357773 -0.02515411767191213 1.216629257855582 85 74 70 0.33 17 5 268 5 269 15 343 7 506 11
16 0.08093972654357762 -0.02515411767191213 1.216629257855582 85 74 70 0.33 17 6 268 6 269 16 343 8 506 12
17 0.001194908605290257 -0.3270511725724985 1.241984706517185 198 213 224 0.28 269 17 420 11 506 13
18 -0.05516600980779185 -0.3088015653469127 1.208001980800317 92 84 81 0.72 264 3 269 18 343 9 386 5 420 12 487 9
19 -0.04596473975836757 -0.07200940469833311 1.099192099710253 61 46 39 0.48 264 4 269 19 343 10 386 6 420 13 487 10
20 -0.0130086263065271 -0.3567075627049865 1.248076530605507 80 68 65 0.46 264 5 269 20 386 7 420 14 487 11 506 14
21 -0.01617793759299302 -0.3340902030106875 1.234507030617876 220 225 225 1.0 17 7 268 7 269 21 506 15
22 -0.04917937174572429 -0.3141235458627486 1.208859585503418 215 220 224 0.49 269 22 343 11 386 8 420 15 487 12 506 16
23 -0.01406769828666421 -0.3425244088669128 1.245753150102338 85 68 56 0.64 264 6 269 23 343 12 386 9 420 16 487 13 506 17
24 0.01480912460650352 -0.2716311689605607 1.269472568544254 178 193 203 0.71 269 24 343 13 420 17
25 -0.06020260741020467 -0.3020754507372932 1.206080880368759 172 176 175 0.74 269 25 343 14 506 18
26 -0.01409956629179243 -0.09129220176827746 1.134128148443533 54 43 37 0.46 269 26 343 15 386 10 506 19
27 0.01588994267319876 -0.08000910743968709 1.152568489886203 111 97 82 0.44 269 27 343 16 386 11 420 18 506 20
28 0.07186606891435743 -0.07562754860022843 1.223082451366267 100 93 94 0.46 17 8 268 8 269 28 343 17 386 12 420 19 506 21
29 0.07186606891435743 -0.07562754860022843 1.223082451366267 100 93 94 0.46 17 9 268 9 269 29 343 18 386 13 420 20 506 22
30 0.02312980560803835 -0.04273123155325838 1.138324223765743 129 106 84 0.5 268 10 269 30 343 19 386 14 487 14 506 23
31 0.02065682521037737 -0.2950507891557486 1.264992534476326 133 121 128 0.34 17 10 268 11 269 31
32 0.0221441327333427 -0.2927694017370683 1.267938426383702 210 222 228 0.37 17 11 268 12 269 32 420 21
33 0.05735656507624398 0.0455737313480172 0.6123586492099469 77 73 62 1.03 268 13 269 33 506 24
34 0.01305690887358479 -0.3113958296631355 1.256611801608142 206 222 232 0.41 17 12 269 34 420 22
35 0.0214270035171914 -0.2464049416912019 1.258553818788175 221 232 243 1.07 268 14 269 35 420 23
36 0.02697715070365814 -0.01940355004385438 1.13907816220039 42 40 40 0.33 268 15 269 36 343 20 420 24
37 -0.07147303520926696 -0.1970536886330413 1.150629947882685 178 178 174 1.22 264 7 268 16 269 37
38 -0.05000942171594769 -0.3060270795164048 1.210365361016359 194 189 178 0.51 264 8 269 38 343 21 487 15
39 -0.04998081885811145 -0.3063438285745026 1.210812557390968 173 177 170 0.37 264 9 269 39 343 22
40 0.04176662153627253 -0.1972369839899258 1.228443723552911 82 85 93 0.21 268 17 269 40 420 25
41 0.02472184216924134 -0.1998745252277344 1.262347399594656 95 96 114 0.09 268 18 269 41 420 26
42 0.02472184216924134 -0.1998745252277344 1.262347399594656 95 96 114 0.09 268 19 269 42 420 27
43 0.02649201123408373 -0.197940007351579 1.253639442552399 178 189 192 0.22 268 20 269 43 420 28
44 0.06908011113349488 -0.08752009620829271 1.216177651392074 101 98 99 0.21 268 21 269 44 420 29 506 25
45 0.04683638018011016 -0.1454480830512791 1.240707047766511 91 92 108 0.13 268 22 269 45 420 30
46 0.1174497137756866 0.0431408707629472 1.091335406841804 62 52 45 0.69 268 23 269 46 386 15 506 26
47 0.05353252221939331 -0.1527237663119351 1.225316275594095 196 206 209 0.15 268 24 269 47 420 31
48 0.0562330899798561 0.02031088012296068 1.029992605412119 49 42 41 0.67 268 25 386 16 506 27
49 -0.001905449056676334 -0.1809053856214257 1.011516345464247 214 214 214 2.11 258 0 342 0
50 0.1120685443078212 -0.01765183395500351 0.8944060096420001 104 72 48 1.33 212 0 219 0
51 0.001532054925011628 -0.3215567349279498 1.259627709250379 190 205 212 1.28 268 26 269 48 420 32
52 -0.03950605580793332 -0.0927460371448274 1.109462212231265 156 128 104 0.49 268 27 386 17 487 16
53 -0.006974927433794353 0.01131673211086805 0.9939303985274661 46 35 27 0.92 269 49 343 23 506 28
54 0.04517514257392652 -0.1761515280956077 1.233050823544078 190 202 206 0.52 269 50 386 18 420 33
55 -0.083691028391228 -0.2219710476932377 1.188906324704569 77 73 73 1.39 269 51 343 24 420 34
56 -0.05995265350448353 -0.1912460896221999 1.140095972784438 192 204 212 0.29 269 52 343 25 420 35
57 0.1428170224174057 -0.0006418116575673607 0.87864413978439 66 50 38 2.59 219 1 258 1
58 0.06605854664027977 0.01103929807823453 1.048775822226709 124 108 89 0.45 268 28 343 26 506 29
59 0.01807938592041658 -0.2975135112264534 1.259188752005814 211 219 224 0.42 269 53 343 27 420 36 487 17 506 30
60 0.02453993800516607 -0.278040014480905 1.261437128752028 200 213 218 0.33 269 54 386 19 420 37
61 -0.07194901808062082 -0.2218131033713959 1.172059333594841 97 94 112 0.38 268 29 269 55 420 38
62 0.00818478633591746 -0.07800882756526295 1.142429521787917 34 31 31 0.42 269 56 343 28 420 39
63 0.03857072218425561 -0.220986252324866 1.233986235817517 198 209 213 0.3 269 57 386 20 420 40
64 0.06650760008659673 -0.08280665239492303 1.220843948611208 217 228 237 1.82 268 30 269 58 420 41
65 0.05787713738522982 -0.007651680255217515 1.112575932557768 107 98 88 0.46 268 31 269 59 420 42
66 0.09761068127579886 0.4548066258655987 1.0109817860381 88 75 62 1.65 268 32 269 60 386 21
67 0.4647213888770816 0.1267147200348501 0.5578832474197568 159 131 103 1.6 268 33 343 29 487 18
68 -0.05718339548700757 -0.2549715399358796 1.191001100991188 69 70 72 1.46 264 10 269 61 420 43
69 -0.05714149601799445 -0.2960171830271454 1.19749033852936 200 204 203 1.61 264 11 269 62 506 31
70 -0.0640647116722779 -0.2405991119197774 1.184718525858953 100 96 99 1.7 264 12 268 34 269 63
71 -0.06943610432174918 -0.1483616754392404 1.122568684535062 83 81 82 1.5 264 13 268 35 269 64
72 0.01723786442574116 -0.2737600763175769 1.265508325859439 106 112 127 0.19 268 36 269 65 420 44
73 0.021666630992211 -0.2546691851537103 1.243298065719235 122 104 91 0.48 269 66 343 30 487 19
74 0.005712290386941543 -0.262467961307315 1.275720940696058 201 212 219 0.22 268 37 269 67 420 45
75 -0.04835572315077086 -0.2280262328896782 1.15695419942604 106 101 114 0.32 268 38 269 68 343 31
76 0.05464097915250921 -0.1041261754288791 1.230333415190026 102 103 107 0.16 268 39 269 69 420 46
77 0.06633069740364284 -0.04242949925225572 1.184938326815655 133 108 88 0.79 268 40 269 70 386 22 487 20
78 0.235634858912895 0.08779182308415073 0.5000145850131397 160 149 136 2.07 268 41 269 71 487 21
79 0.02302384922698997 -0.2728907183601354 1.259813986125904 203 206 203 0.8 269 72 343 32 386 23
80 0.02033403053192184 -0.04679735641310714 1.102951423117165 99 95 85 0.3 269 73 420 47 506 32
81 0.03119116486994566 -0.2361850152546454 1.234982811964737 83 87 95 0.21 268 42 269 74 420 48
82 0.03358939134811934 -0.1515611426716393 1.252315655156345 213 224 227 0.35 268 43 269 75 420 49
83 0.03358939134811934 -0.1515611426716393 1.252315655156345 213 224 227 0.35 268 44 269 76 420 50
84 0.04683638018011016 -0.1454480830512791 1.240707047766511 91 92 108 0.13 268 45 269 77 420 51
85 -0.08741819786114113 -0.113322465419401 1.099526739115468 87 80 86 0.2 269 78 343 33 420 52
86 -0.08741819786114113 -0.113322465419401 1.099526739115468 87 80 86 0.2 269 79 343 34 420 53
87 -1.612963808440177 0.03911971044332124 2.74463434562864 95 81 65 1.41 268 46 269 80 343 35
88 0.04257122185233697 -0.1656034529659436 1.241213013017351 228 232 232 1.06 268 47 269 81 420 54 487 22
89 -0.09687653048367983 -0.07010296280326608 1.0809976568815 214 220 228 0.35 269 82 420 55 487 23
90 0.2581558062195994 0.08777235522013399 0.5274369779210726 34 26 25 0.76 268 48 269 83 487 24
91 0.4324983019107697 0.1188232802092209 0.5379652343084771 164 134 108 1.61 268 49 343 36 487 25
92 0.03262224215144627 -0.2109094626198777 1.240199090100444 80 75 75 0.56 269 84 420 56 506 33
93 0.02271986719169516 -0.2569276465524641 1.228333805112483 121 106 97 0.17 269 85 420 57 487 26
94 -0.09058951460119924 -0.1678165993483307 1.146795192695011 178 189 191 0.37 269 86 420 58 506 34
