# Image list with two lines of data per image:
#   IMAGE_ID, QW, QX, QY, QZ, TX, TY, TZ, CAMERA_ID, NAME
#   POINTS2D[] as (X, Y, POINT3D_ID)
# Number of images: 136, mean observations per image: 997.132
2 0.9999969970257964 -0.0022490708631646653 0.0008946337275263151 -0.00038940638782867577 -0.0010525555871485925 -0.0030226664282746074 0.008333361603989625 2 image_000002.jpg

98 0.9708700097540077 -0.08699914817169693 -0.22282782233615286 0.013795781735650955 0.4221892192400312 -0.18206658376471738 -0.4619421757878248 98 image_000098.jpg

196 0.979368683353959 0.010092830106018249 0.19690268701213196 -0.0443220337512124 -0.43553833373464435 0.01396050090543013 0.1269440784168499 196 image_000196.jpg

164 0.9988364779866261 0.011934380497902061 0.046132349057103075 -0.007420154638757792 -0.13028680863178946 0.004048612274266618 -0.0655789388410004 164 image_000164.jpg

41 0.9958692533363275 -0.012002089872947092 -0.08990648926517712 0.004148213116569069 0.1728949124694393 0.06001546628105889 0.3517442810465645 41 image_000041.jpg

11 0.9950673237534038 0.0417301080288412 -0.08984102785508069 0.005312183742836908 0.12393348366848762 0.025179858607230224 0.43762838766487394 11 image_000011.jpg

213 0.9977710514639818 0.011450721646696261 -0.06553153752534613 -0.005237070530595248 0.10136410154304465 0.04448577499429676 0.4410787686096365 213 image_000213.jpg

165 0.9666194576220237 -0.04649853954607624 -0.2503304084169368 0.028625084255105213 -0.046364265728961726 -0.05627862065657403 -0.16010733365673815 165 image_000165.jpg

40 0.9781181536724096 -0.04993046112782499 0.1978982965779677 -0.040349577989006236 -0.42099521112457855 -0.008787370301149632 0.032720581981745545 40 image_000040.jpg

105 0.9886310669324595 -0.030080671496028978 -0.14576191624011042 0.02138291632044196 -0.27972282658287523 -0.023512573562176182 -0.045562068722571604 105 image_000105.jpg

42 0.9594539735422088 -0.08880812228554759 0.25722599550509717 -0.0734573574469113 -0.6092885520040112 -0.03640237080431428 -0.08020827544177841 42 image_000042.jpg

235 0.9666356440544497 -0.04649758070109684 -0.2502692662972587 0.028614691073070686 -0.0465206067647592 -0.05626720100004272 -0.16118399214303245 235 image_000235.jpg

50 0.9936607505029258 0.013647488798220135 -0.11096380369120738 0.011793674802293558 0.19040217246045868 -0.005019876068751335 -0.00395245158345444 50 image_000050.jpg

148 0.9898909796974396 0.016497527808510215 0.14007799368985396 -0.014893997268650492 -0.29791998278693355 0.024504360609135085 0.3813835998129066 148 image_000148.jpg

60 0.9983582176354876 0.01025164456911922 0.048537079630403636 -0.028634311306962548 -0.13765984565407277 0.05180311597642033 0.45524201983841117 60 image_000060.jpg

4 0.9992192608043814 0.009362723271047476 -0.0375283984536246 -0.008051276375193067 0.02270270139072697 0.04888884327140683 0.4248479751991235 4 image_000004.jpg

184 0.9574998036993702 -0.020246484478220618 -0.28386991842498555 0.04692622887855279 -0.02472082075345067 -0.014595431716448752 -0.04911546080546454 184 image_000184.jpg

25 0.9924764677991611 0.02119023850296942 0.11703073825907961 -0.029073241389559915 0.03288456203855722 0.051621729400165184 0.5088845165464143 25 image_000025.jpg

220 0.9957011026133187 0.03699876453456758 0.0817816007629266 -0.02285120933809255 -0.3171520944336919 0.039505712316528545 0.509900519598315 220 image_000220.jpg

172 0.9938153489765587 0.01548174609242903 -0.10988197139084419 0.004161424539619724 0.20983039050311864 0.011436505205787888 0.15269131211002512 172 image_000172.jpg

32 0.9995214281458088 0.005856905984459018 -0.029379511384280254 -0.00771106986459718 0.015316935303138582 -0.05008650611133595 -0.24935778800140734 32 image_000032.jpg

224 0.9401529400054079 -0.07284122036264214 0.31893938049257803 -0.09531136707364402 -0.2217808479349876 0.08150844281362093 0.27350114152603994 224 image_000224.jpg

16 0.9977028919213 -0.003538586725183186 -0.06743348500755489 0.005398966549991492 0.12219015428436188 0.002081461599208816 0.09848933122317523 16 image_000016.jpg

19 0.9930455946501172 -0.009330368517004363 0.1122171144792497 -0.034361409026504 -0.29212376992246397 -0.005233379219233716 -0.021242007309786967 19 image_000019.jpg

176 0.9952438921474972 0.022911943486554724 -0.09466575153075736 -0.001739092763195185 0.19518353733210264 -0.02612736991197579 -0.12280176659924368 176 image_000176.jpg

204 0.9896069482062908 0.04599816761784825 -0.1360366549262236 0.007501786602743842 0.2331263865956114 0.004683341295424141 0.2907975017734874 204 image_000204.jpg

33 0.9970893033799553 0.02535581940336332 0.07083212074454052 -0.012361565291489063 -0.21033150982863286 0.06238233160182821 0.5993775312759428 33 image_000033.jpg

77 0.9999902400505737 -0.00412698382008885 -0.0015671998817350747 0.0001692131290801768 -0.07442324187926315 -0.040212386515058006 -0.22165959140387526 77 image_000077.jpg

28 0.9647056141016612 -0.1504769177727046 -0.21294321422242896 0.036809731483867125 0.396383831944516 -0.23140999387144687 -0.42940328444494724 28 image_000028.jpg

222 0.9709300766040766 0.08398713264487134 -0.2239213379989133 0.01000890773764271 -0.07084142892786058 -0.013973757668467646 0.33769761784253227 222 image_000222.jpg

185 0.9868370639728379 -0.04158264415846197 0.15172996014902088 -0.03743666169141702 -0.16964390268040558 0.00263374076677558 0.05155225534442521 185 image_000185.jpg

52 0.9813560682317637 -0.06135536576746927 0.17860576260375136 -0.035717712918277154 -0.4258821530913617 -0.06758881809032054 -0.18215052284736 52 image_000052.jpg

214 0.9992140882723344 0.01182120208286168 0.03272608819532619 -0.018985810674128207 -0.1270019928457516 -0.03882883883847167 -0.2362464838005729 214 image_000214.jpg

85 0.9907431358130413 -0.02105167366507853 0.1293850540208997 -0.03527577310870953 -0.3735400082002166 -0.04684110321802923 -0.23562484916716997 85 image_000085.jpg

44 0.9999029715631507 -0.005222225043465463 -0.011543819284865526 -0.0057889175376916084 -0.03236819049349305 -0.05909083348908341 -0.3572587223549935 44 image_000044.jpg

113 0.9898586623694744 0.07839435495501586 0.11778408395049463 -0.01269131072581625 0.010612128127167234 -0.008340495272422227 0.4098015230314033 113 image_000113.jpg

146 0.9961376319603202 -0.04779202974640327 -0.0735634091861089 -0.0037627624874045523 0.13517404421417506 -0.07655876365067403 -0.2604523317294117 146 image_000146.jpg

197 0.9620097807512006 0.013006604044352072 -0.27162118839023724 0.024288679374908324 -0.02302120957229349 0.009182171004534277 0.1425408950089988 197 image_000197.jpg

9 0.999359405549723 0.004720948907110746 0.033550280090535546 -0.01152674123531324 -0.1181870353577403 -0.055542968959830505 -0.3476750765481715 9 image_000009.jpg

162 0.9996237153388556 0.019529898161537756 0.018023517637916858 -0.006795047220975652 -0.1847465877080994 0.0019705966180580134 0.07790936742936289 162 image_000162.jpg

21 0.9227158410945363 -0.031713798688737915 0.37359396679121437 -0.08953915513810992 -0.19961379298248347 -0.011723609297529209 -0.062494470868162746 21 image_000021.jpg

29 0.9933348336043825 0.10810894146043921 -0.039771306243021075 0.004075599420087101 -0.12385857686757673 -0.03499443670550652 0.3430822674590967 29 image_000029.jpg

38 0.9998942190747294 -0.008530638264383491 -0.008287814139473847 -0.008371996489059348 -0.029911655584927904 0.016805882686960233 0.21204854821464336 38 image_000038.jpg

39 0.9842965618240361 -0.15542314464048718 -0.07914884727609407 0.027191701849964257 0.14494344222053096 -0.21409877852135495 -0.4287438186593231 39 image_000039.jpg

157 0.9965772983887794 -0.003735635536645773 -0.08216609384813013 0.008274577889969428 0.23644184132297813 0.0026879073567027483 0.08906249205790757 157 image_000157.jpg

182 0.9294694679162477 0.05173783749485851 -0.36398979371345813 0.030350119182132602 0.06597355726287105 -0.0024711515589003127 0.10274584719840751 182 image_000182.jpg

124 0.9903720748900681 -0.09218549730990794 -0.1032637704714069 -0.001252870109877162 0.16846051570546489 -0.18267451631017395 -0.5049801386340073 124 image_000124.jpg

93 0.9924921844819552 -0.11471095892559906 0.03839055334611126 -0.018078233029430287 -0.15837336302334387 -0.221178217995822 -0.5562559389326692 93 image_000093.jpg

159 0.9879181297532774 0.01168282308690053 0.15226252124440626 -0.026408382826511083 -0.2801889298997736 -0.01463221753174063 -0.10055833540121935 159 image_000159.jpg

36 0.9998004824794154 -0.008314140027058657 -0.015728931803277866 -0.00908073777189381 -0.004942498187264603 -0.058812474192519004 -0.3003468706411361 36 image_000036.jpg

187 0.9653294865857186 -0.08543777688767995 -0.244447319824122 0.03293750902294319 0.4097450187658064 -0.18279122592377278 -0.49875369269670444 187 image_000187.jpg

200 0.9985961614246625 -0.04471647103107859 -0.02774468888993276 -0.006032139704553448 0.02610371542809348 -0.12626809905561887 -0.5105684692724217 200 image_000200.jpg

109 0.9793188427290177 -0.02883294116486974 0.19660017339684774 -0.0381005125229642 -0.38943098257432185 -0.059781315146678025 -0.2435475400205652 109 image_000109.jpg

112 0.9633908482355404 -0.06901425719537659 -0.25839750216091617 0.018596384631130575 0.4368830917440406 -0.054137813575932364 -0.035133694313879055 112 image_000112.jpg

136 0.9994154084622088 -0.012513389287651236 0.031195207251237027 -0.00625467611551067 -0.24711889708087045 0.0782083400924488 0.49737590332040954 136 image_000136.jpg

27 0.9984786511989147 0.04968688924061954 0.023900295619817484 0.0005981967753794948 -0.003806737366535806 -0.03694512097020464 -0.0189119279056565 27 image_000027.jpg

110 0.9969522260417857 0.04069645002377446 0.06595245292454505 -0.008961995345823799 -0.17184115861614763 0.02344197248130296 0.5104916893810816 110 image_000110.jpg

209 0.9390431658119982 -0.0877746731860039 0.3166848220696097 -0.10101616460430016 -0.06643090542623237 -0.07873863222776814 -0.22233956917052117 209 image_000209.jpg

92 0.999584301285496 -0.018310667850639395 -0.02192263121972173 -0.003916591795258019 -0.0034278036188904668 -0.06512030366784592 -0.33095421841739703 92 image_000092.jpg

227 0.9851364593061094 0.0433198082758076 -0.16621082443308574 -0.0018719528913026704 0.1534927242081469 0.006749931926313749 0.29444401638875495 227 image_000227.jpg

232 0.995579307511686 0.02115203331359822 -0.09150365605953642 0.0012327852529722893 0.09911758826200301 0.02565109636775289 0.3065540310547399 232 image_000232.jpg

194 0.989953479365014 0.05973205014673203 0.12803022238321016 -0.00569609916160729 -0.4232590344596852 -0.014554926844658454 0.19806877983457272 194 image_000194.jpg

231 0.9921898737963969 -0.026630487500542675 -0.12180981854151031 -0.0035259836053579373 0.22586905435170457 -0.08952658220761374 -0.2936357705881141 231 image_000231.jpg

175 0.9586896950785954 0.02197930922385473 -0.2342679524934052 0.15984216470329163 0.34220863566371373 0.01638148677729849 -0.3977612113350825 175 image_000175.jpg

229 0.8733342463120362 0.07637020788646827 0.4795138464790203 -0.03900422413781876 -0.48554344476223343 0.07171578779115229 0.3368981305809453 229 image_000229.jpg

13 0.991683997267704 -0.0589120309687941 -0.11279967862323582 0.019195272347134983 0.21135160344035414 -0.10284828106112442 -0.34699438752248357 13 image_000013.jpg

219 0.9903390400659728 0.05554441405860376 -0.1269237868597147 -0.005811209992871004 0.1156452027471052 -0.002971657158435087 0.280270710386692 219 image_000219.jpg

128 0.9886650542226475 -0.10408609311454396 -0.10810623038311376 0.004530809462159452 0.21291317660618694 0.0030315945191114104 0.039977995247477235 128 image_000128.jpg

3 0.9968243297923945 0.048126037060152616 -0.06335523003745219 -0.0033552309158193317 0.1020281427133405 0.005194284581784114 0.3769498655340384 3 image_000003.jpg

142 0.9408976547979383 0.15555130657806565 0.29943222398787644 -0.029253233097938997 -0.4146276742888973 0.055816924168961723 0.30844993752720784 142 image_000142.jpg

163 0.9795443475146072 -0.026885501544807268 -0.1968812888915823 0.03174613312950581 -0.2140472766421558 -0.0035418417938701584 0.038737293164507594 163 image_000163.jpg

43 0.9977851453426291 0.06444803676407058 0.007512917879275712 -0.014656555900053542 0.005447205516412231 0.00438890678346035 0.4071889539879545 43 image_000043.jpg

53 0.9916648642173598 -0.04170198825291007 -0.12074131351038679 0.016830946364460454 0.14038772474109645 0.0647208855800454 0.30197662973756234 53 image_000053.jpg

62 0.9603243650752478 0.002898782205281206 -0.27697509182362445 0.03245773068906904 -0.12476703464551278 0.03147938271018711 0.2609082133225259 62 image_000062.jpg

63 0.9924002174626964 0.010310453305391197 0.1211342425814829 -0.019025997342814488 -0.20548895606818007 0.03085208915307524 0.3008774827426909 63 image_000063.jpg

67 0.9982016823300678 0.03851976007673918 -0.042958657013680096 0.01625348731268016 0.004651780805096567 0.024853366880582307 0.38485161525175343 67 image_000067.jpg

91 0.9815118441561388 0.07399999245413588 -0.17554200704508185 0.018534115310458604 -0.0971217868521438 -0.016243464169591732 -0.18853083798185793 91 image_000091.jpg

96 0.9969293656743548 -0.020887455374723245 0.06968603671890089 -0.028972655747168275 0.09155525987384638 0.018454293148656153 0.1431726849856278 96 image_000096.jpg

97 0.9969877624751035 -0.001726468003204727 -0.07728090268916521 -0.006331288022116628 0.22283485751552146 0.06627412992013794 0.4890308397410985 97 image_000097.jpg

234 0.916269368603673 -0.009503562479054999 -0.4002142049824724 0.013738802317894667 0.4869023300309086 -0.06469301711567196 -0.1138276917840067 234 image_000234.jpg

111 0.9996919907995742 0.0115642723064081 -0.021169627135670534 -0.005833971604070068 -0.04926299578787703 0.04854444820790871 0.41938539516215606 111 image_000111.jpg

126 0.9910863231134129 0.029507870222583277 0.12933735625445475 0.012208266055091102 -0.2998646318790094 0.002548651720992586 0.36198768676222337 126 image_000126.jpg

158 0.9851558321212256 -0.05427435984902276 -0.16258208706305236 0.009452578730946477 0.2864661331996749 -0.02600299598206414 0.06079145149294655 158 image_000158.jpg

221 0.9994670289659967 0.028566867021045928 -0.011487377871714484 -0.010845843777187338 0.050659297555875754 0.010000705073626097 0.1971077325435531 221 image_000221.jpg

107 0.9979206315696381 -0.028455371919510773 0.05514392901336249 -0.017431079658578066 -0.2814526016306326 -0.07166487055992743 -0.3161515072175633 107 image_000107.jpg

17 0.9962755162889219 0.029267736077122748 -0.08069239764087273 0.008199219083120284 0.12761525837396206 0.017581413191875173 0.250046195860875 17 image_000017.jpg

147 0.9711428749058597 0.0443246067984886 -0.23366684489493406 0.017794417736425504 -0.06003989294308554 0.019513453468713186 0.43166248563506476 147 image_000147.jpg

127 0.9967888165319572 -0.005468738073908805 0.07988834164035119 -2.902201853195527e-05 -0.2256294258984632 0.05852036782140987 0.5353024640383159 127 image_000127.jpg

61 0.9915220125118072 -0.008603004954081598 -0.12904445537363549 0.012554958860939238 0.23525290204992289 0.02286169533939748 0.1863525508451539 61 image_000061.jpg

135 0.9988423542176956 0.029260283279887424 -0.03556085523400894 -0.013899714144105176 0.030655918054958 -0.04616580642077888 -0.3979956978655463 135 image_000135.jpg

201 0.9451379839443014 -0.08454282926760832 -0.3123744224411903 0.04459711794811675 0.3912102605631789 -0.10138889340172755 -0.24561778010855725 201 image_000201.jpg

188 0.9984364080509591 0.014437674612708366 -0.05378777729188824 -0.004813804375729605 0.07559798300320805 -0.027338725481284458 0.318408489225393 188 image_000188.jpg

71 0.995729150461878 0.031605933779832146 0.08443037137072447 -0.019900620430653812 -0.005801341829186457 0.02782647585977019 0.41351664404702876 71 image_000071.jpg

223 0.9927349701007805 -0.01406249852946332 0.11558788426197074 -0.030314528909764212 -0.29960746259414317 -0.05016931749351697 -0.21350142863245652 223 image_000223.jpg

134 0.9097801028459956 0.02689462300363839 -0.40918023080376215 0.06440813925167307 0.07700603429244639 0.03767680099792968 0.3298197088300657 134 image_000134.jpg

56 0.9765087537378508 -0.17979819915257148 0.10129579453514752 -0.06198726949593325 0.2028467124041648 0.18933538501888372 0.3570772367264352 56 image_000056.jpg

89 0.9683068429170695 -0.025079632516697738 -0.2476095480705641 0.021033025980881692 -0.05374748239550643 0.05193929713156023 0.2776935666151068 89 image_000089.jpg

103 0.9988782534554116 -9.107863927637757e-05 -0.04667930006946303 -0.007954476079025774 0.04527167784162328 0.02353718483625696 0.2086373696797947 103 image_000103.jpg

118 0.996437573530786 -0.016221222690900327 -0.08269204264262098 -0.003324742520359237 0.13521422995107915 0.03382949800122705 0.2361369862253221 118 image_000118.jpg

179 0.995014277219645 -0.018619258957853196 -0.09716417683494359 0.012610575814365069 0.16473032122442943 0.0640305445072348 0.35993206657765237 179 image_000179.jpg

15 0.9949972093925885 0.009848312500118191 -0.09847018601135425 0.013681461358832202 0.07050222602951274 0.02561465795064851 0.23489652703116515 15 image_000015.jpg

198 0.9917192128276396 0.07050527925075054 0.10665121630784559 -0.012146444708104349 -0.05421492396820955 -0.0045103291334085 0.42080926470492597 198 image_000198.jpg

199 0.9867036592173662 0.07274470067491282 0.14439235363143837 -0.01658110564701996 -0.1072363607658857 -0.016952011161291747 0.39370284394021077 199 image_000199.jpg

208 0.97062092076213 -0.0434029285457982 0.22628532673670254 -0.06932661917228168 0.019611333730865405 0.12669651622358097 0.5793077574605408 208 image_000208.jpg

0 0.9772687058118245 0.03649930559748182 -0.20775519320042993 0.021247796844552126 0.19195617133834053 0.013856476816622667 0.24757136381369932 0 image_000000.jpg

14 0.9375584157492796 0.0030054304506142446 -0.3448543474689028 0.04528411602987624 0.15456246226986847 0.030680858185427817 0.2793015975561923 14 image_000014.jpg

12 0.999559729625615 -0.018790567663742073 0.020005421657544507 -0.011271520697277923 0.10932250962148497 0.0898696092111919 0.5249226540240182 12 image_000012.jpg

190 0.9922012458122162 -0.01406949818495652 -0.12235371171106138 0.019191524312572424 0.13921526145885232 0.08503683126209054 0.4959747902537288 190 image_000190.jpg

114 0.9963648667882891 -0.05554093174841789 -0.06407676853265157 0.008149785787957652 -0.01658912034923625 0.0033486422178763474 0.016280343298885 114 image_000114.jpg

217 0.9946057309394023 0.1000458152836767 -0.02653712956469068 -0.006787089753785051 -0.05539073008528167 0.05163581147865644 0.39612180454016166 217 image_000217.jpg

73 0.9897885924449576 -0.010132544115891456 0.1399445145532495 -0.02512804701034076 -0.0551534287434191 0.02514719094696251 0.17523249789096595 73 image_000073.jpg

181 0.9973642061410656 0.03519771162447125 0.06341965248311786 0.001924779379394258 -0.18445957221005516 0.03191596595601625 0.5644211438435689 181 image_000181.jpg

152 0.9904845368992928 0.08786934276915458 -0.1056676383554523 0.00732926278734527 0.2749285944965031 -0.013464145981309891 0.3194489966431405 152 image_000152.jpg

65 0.9958454068567237 -0.06750323221216187 -0.06039114294639357 0.009389358442427767 0.09485882581511887 0.1319304341923938 0.4220696261283818 65 image_000065.jpg

26 0.9670663036674952 -0.02031109063438623 0.24487283575188995 -0.06638907071736837 0.0006087924789867083 0.12100819074580112 0.6318185420768765 26 image_000026.jpg

54 0.9820301342713097 -0.02812369449380055 -0.18299797254244277 0.036573373649808866 -0.22278315839756235 0.06263112295519575 0.35695785127628 54 image_000054.jpg

69 0.9053042019397973 0.0048554736880262826 -0.4196908422269532 0.06527116718940823 0.18663507773155807 0.03791662224104176 0.27362570143700393 69 image_000069.jpg

81 0.9907293628164365 0.12235677210458526 -0.05877647470682955 -0.0054292661164282215 0.0008059293572258569 -0.05264819559714104 0.42975352806808736 81 image_000081.jpg

138 0.9700156113659583 -0.029842994847085108 -0.23898531739891968 0.032636267857309754 0.05631482283759223 0.07189786539890496 0.3771722973888163 138 image_000138.jpg

1 0.9820294118626596 -0.12070203956398122 0.12831852164193525 -0.06770235024718736 0.28673248393658596 0.1177454298031706 0.3610677509118144 1 image_000001.jpg

76 0.9327135493687432 0.009630853938540391 0.35549751354818027 -0.059784700082910834 0.2445242228786065 0.07055357941890988 0.5464800383108095 76 image_000076.jpg

88 0.9576511566417555 0.11605006593864904 0.26286446942089386 -0.018409418592187976 0.06666844857191831 -0.05499860903421597 0.5630002356644707 88 image_000088.jpg

129 0.9959955106875922 0.04143726146303985 -0.07902724048435049 0.0055321040513184455 0.07936190371165547 0.029431024299876235 0.5190627991624103 129 image_000129.jpg

20 0.9531825481043108 -0.027467634658943755 0.29195493346309637 -0.07382998894581598 0.03114837386252539 0.13815986676375008 0.66231012951153 20 image_000020.jpg

100 0.921401057457376 0.01846756304157973 -0.3853202997255184 0.046981747064637085 0.11785548782715742 0.0373272637180811 0.34284275677925163 100 image_000100.jpg

35 0.9572200693477019 0.01841891171368117 -0.2869261524749129 0.03261681897490489 -0.050945846733242636 0.01726990566684958 0.21750675469696795 35 image_000035.jpg

64 0.9932299060263763 -0.021242739117593844 -0.11351083273831795 0.012585326186381147 0.15580510639377573 0.06087255147146727 0.3453876200246342 64 image_000064.jpg

120 0.9461660214350902 0.09672724496827215 -0.30889105102050474 0.00014141762906642432 -0.039722468706200664 -0.0465597114218905 0.599279146465371 120 image_000120.jpg

206 0.99911509044023 0.028316611830727756 -0.030600573472380068 -0.0055516932824097726 0.03632945705123593 0.22586914031662922 1.512847574252636 206 image_000206.jpg

82 0.8965912405134238 0.010992557756943359 -0.4375944943470085 0.06718916091092964 0.20776145407719634 0.013980767853275542 0.17527039143670456 82 image_000082.jpg

