# Image list with two lines of data per image:
#   IMAGE_ID, QW, QX, QY, QZ, TX, TY, TZ, CAMERA_ID, NAME
#   POINTS2D[] as (X, Y, POINT3D_ID)
# Number of images: 137, mean observations per image: 1397.445
232 0.9974770852286745 0.06243276654765901 0.03266138936124407 -0.008651037683122875 -0.05261323818926919 0.0006725728955193503 0.012416116943306748 232 image_000232.jpg

179 0.9994235057021044 0.021328516748793696 0.026331618574467554 -0.002093895741627436 0.0028415219380383476 0.009320082530175099 0.05513826874502326 179 image_000179.jpg

53 0.9999966640602206 -0.0014607478275418192 0.002101705692716936 0.0003544824471776671 -0.004222810517708574 -0.000683336077763961 0.008688835219634443 53 image_000053.jpg

128 0.9977832790438855 -0.062015908960674944 0.013298908684322978 -0.02014210871644567 0.043742811775023045 -0.07162968410336043 -0.18977153839963923 128 image_000128.jpg

17 0.9966290183413222 0.06938994356648549 0.043750270673428654 -0.001245721566068495 -0.03466065748923228 -0.004484539065876655 -0.029575339522644413 17 image_000017.jpg

126 0.9654826923056036 0.06533124811264442 0.2520774441362626 -0.005653576074561632 -0.4506057735624468 -0.02084214281859667 0.1355273906491175 126 image_000126.jpg

63 0.9681095056866277 0.05021124868165832 0.24238522433028278 -0.038629184483660005 -0.3753549267381932 0.006227153110070544 0.08025297406724691 63 image_000063.jpg

221 0.9909369095592001 0.06978332234617626 0.11239207766683842 -0.02328830796703699 -0.1266100843962067 -0.005722912566637551 -0.04829207910636725 221 image_000221.jpg

96 0.9801896334710942 0.021696287989060613 0.19033642933143696 -0.050295156187140075 -0.12539935073551714 -0.011419693864644802 -0.059149413646447525 96 image_000096.jpg

0 0.9933791954188753 0.07642261063452647 -0.08384800416492602 0.018079897241301754 0.07828854669879878 -0.00533896615197949 -0.059036200419944715 0 image_000000.jpg

2 0.9913639830021116 0.03793175682789203 0.1243752191352846 -0.017013014635935818 -0.17103699677162282 -0.03166559931986852 -0.19503171721807172 2 image_000002.jpg

172 0.99828170104767 0.05658571386161996 0.014092173731695882 -0.005754132335150894 0.04292245121791077 -0.01384760061932874 -0.11322365513126939 172 image_000172.jpg

148 0.9631594764012522 0.05555545784786838 0.2608592830623586 -0.0344941252251752 -0.4527484254660066 0.002136122167325276 0.15122217076356667 148 image_000148.jpg

157 0.9984477643952288 0.03667941482767216 0.041590457272661106 -0.005188414880882338 0.05143198922419636 -0.03040912206726028 -0.15579854018208175 157 image_000157.jpg

159 0.9597184783585201 0.05207328800007615 0.2720685589415554 -0.04698425509281073 -0.442655576057985 -0.025245105851157967 -0.21975851384923498 159 image_000159.jpg

103 0.9959032264901707 0.0419690429137013 0.07693559469825562 -0.022277412867151625 -0.11557844749728016 -0.00714418960572714 -0.05411319469550209 103 image_000103.jpg

61 0.9994757173593445 0.03195977035898242 -0.005167882331915314 0.0003918426166807152 0.07219425601136482 -0.017743129911864264 -0.09113372575218118 61 image_000061.jpg

118 0.9986773666546429 0.025871341350845175 0.0405388541752288 -0.018187714242650206 -0.02849211565572927 -0.007618814068437726 -0.03989164594653025 118 image_000118.jpg

3 0.9941229948538439 0.0887958693333709 0.060918925162809216 -0.011119818728886436 -0.06308358973932032 -0.003648661618742874 0.07695154594969929 3 image_000003.jpg

138 0.9929275667579682 0.009458257486215853 -0.11615428428687538 0.02266220950202069 -0.010980453989066495 0.00673309906439789 0.04646533095125473 138 image_000138.jpg

142 0.8890541004614537 0.19082312140966295 0.41448065218026464 -0.03708296303760505 -0.5791063767865995 0.07273536400992764 0.17486371506384166 142 image_000142.jpg

42 0.9217276456029215 -0.04454514407927202 0.36929301145273336 -0.10980234974389212 -0.7267526424490629 -0.05098056141186871 -0.14682237912066304 42 image_000042.jpg

190 0.9996273243168367 0.026578453212680056 0.00044341877836243733 0.00621301875602678 -0.0029735149154872355 0.028483716070678455 0.18592367196513127 190 image_000190.jpg

65 0.997471138697623 -0.027824295176377883 0.06412743200790742 -0.012838552237693993 -0.07342773166197893 0.0420955901323893 0.1274982185073262 65 image_000065.jpg

67 0.9935102797531162 0.07693296916432801 0.08352400670652793 0.006510590084307985 -0.15078568194648653 0.0016587795716334341 0.09873803975858314 67 image_000067.jpg

71 0.9751449510930362 0.07231074612364012 0.20640750978712452 -0.035488359451181894 -0.20668745260192892 0.012389742628722347 0.1532225698706547 71 image_000071.jpg

73 0.9640800345575365 0.030428401505389172 0.2594836538259083 -0.04787516061815175 -0.2626097239274085 -0.002717104912985907 -0.00899204382884565 73 image_000073.jpg

219 0.995172466461159 0.09759249353914565 -0.002896119755898962 -0.009953742639855353 -0.022916315256785336 -0.004434695659530573 -0.018979349216357282 219 image_000219.jpg

227 0.995480596581811 0.08460149491681943 -0.04271905507008198 -0.0060043862386587495 0.026466044618411122 -0.004688472245572775 -0.012018923889160111 227 image_000227.jpg

229 0.8025722762220331 0.10782552159696907 0.5833778415720605 -0.06262317242117614 -0.6428010953117018 0.061536163348187845 0.2957466155620013 229 image_000229.jpg

163 0.9970723386363616 0.012502175892659017 -0.07268361520332754 0.020187506965872515 -0.24540641863035745 -0.05049575146094287 -0.221422229962004 163 image_000163.jpg

165 0.9917638167387475 -0.006442033400116614 -0.12682659810834554 0.016674504349117523 -0.08890575559400193 -0.1002553562780803 -0.37727087310815927 165 image_000165.jpg

197 0.9873564594002529 0.05321961798308872 -0.1478416279762699 0.020922741391930604 -0.05888125698301794 -0.019776279671571306 -0.14436988771012885 197 image_000197.jpg

184 0.986132630249511 0.017515091186838992 -0.1601589484159594 0.039809106355443664 -0.051929429725694476 -0.058838269209600814 -0.2932078971397046 184 image_000184.jpg

141 0.9328343806074858 0.07254782396112514 -0.3491999831235171 0.051148968317449084 0.24014223111927982 -0.01845860694794512 -0.20401027702250657 141 image_000141.jpg

235 0.9917667936436438 -0.006451083237414766 -0.12680275541635885 0.016675232691225367 -0.0889755664384097 -0.10026986475282963 -0.3779498450070251 235 image_000235.jpg

41 0.9990084012892432 0.02718007847149029 0.03372467940848625 -0.010301102267228846 0.004550757946885607 0.00814156034864373 0.04988296003639434 41 image_000041.jpg

234 0.958257096495495 0.03160874646400566 -0.2838527908118916 0.013108006396902907 0.4148190354140806 -0.08732624260526227 -0.3545988547741741 234 image_000234.jpg

222 0.9871242559332033 0.12497712873008553 -0.09891212356354642 0.013520844041283623 -0.12220400132830007 -0.0015947528197854345 0.01205855031189933 222 image_000222.jpg

4 0.9947500970965178 0.050978521451563695 0.08605842367482146 -0.021619242733712612 -0.13685157724069782 0.016167249583553946 0.1201546309925115 4 image_000004.jpg

11 0.9960302519350654 0.08205360361483616 0.03444075723869328 -0.0021838059631108142 -0.03310185366408183 0.007553751310983518 0.1185005062601839 11 image_000011.jpg

146 0.9985082145591446 -0.005825526643819035 0.0491962384858649 -0.022959573801597116 -0.03328244560851627 -0.10763092211601645 -0.4236327942133856 146 image_000146.jpg

29 0.9853859008631535 0.14700915033861284 0.08599709041456259 0.0027243730875551515 -0.25149780650123416 -0.012139926949940181 0.061596381834968156 29 image_000029.jpg

158 0.9991015879771415 -0.012910813469185458 -0.03975727816990227 -0.006976903192838273 0.12740719008439655 -0.07606428381109441 -0.19822765579632554 158 image_000158.jpg

162 0.9878433760844987 0.06010016777979295 0.14175991127933144 -0.021391017426305545 -0.32238691588979196 -0.016647894234620108 -0.1277059029442577 162 image_000162.jpg

164 0.9838994839746944 0.051758269558565065 0.16936357868978621 -0.024059461314517087 -0.29057091862390666 -0.01872261613046082 -0.2326335022297872 164 image_000164.jpg

40 0.9466121323414374 -0.008594768953997184 0.3145390445209307 -0.07011989650912553 -0.5654658703777296 -0.035055099824583706 -0.09303305916446625 40 image_000040.jpg

50 0.9984306744245937 0.054162075720825986 0.014142679697716935 0.0016258882760802156 0.02694066195153071 -0.029078110248482034 -0.24679991458840891 50 image_000050.jpg

185 0.9606881676962927 0.00026130479645501144 0.27006387413476857 -0.06437142833576573 -0.35672667660582263 -0.02644261824704552 -0.0989632774528669 185 image_000185.jpg

60 0.9828502204356762 0.05287807846991924 0.17073088127147767 -0.04539079307102812 -0.2979105122201139 0.026054602943634153 0.17845277056553005 60 image_000060.jpg

204 0.9961713041200214 0.08660393477827225 -0.011680189756880847 0.002462286687905005 0.07384157369339066 -0.00635653592167899 -0.01315619134295528 204 image_000204.jpg

213 0.9967409722750004 0.05311293236153519 0.05816420087790628 -0.017417878104051883 -0.06278245545860857 0.012747286965838052 0.12371423378157598 213 image_000213.jpg

89 0.9920767551262495 0.016095506347807355 -0.12402504883766023 0.011934602446757595 -0.0960102149685773 -0.0032921757628695727 -0.03196338187924325 89 image_000089.jpg

224 0.8941265053344384 -0.027880660004572143 0.4271370516938625 -0.1315841938044246 -0.4326407895139659 0.05896316245895245 0.1611601137925546 224 image_000224.jpg

111 0.9930955187366056 0.05284931060877668 0.1028356365927062 -0.019826018409541915 -0.2006580677928321 0.01651888846527884 0.1258096237523712 111 image_000111.jpg

92 0.9943369120960518 0.023301173954824284 0.10140354836406056 -0.021644559467759002 -0.1640105675811363 -0.08459321818834514 -0.47149340288902 92 image_000092.jpg

127 0.9784522858265634 0.03345081234281991 0.20274309420051412 -0.02018442101403615 -0.3770119821417838 0.015516347827451909 0.25076408387065363 127 image_000127.jpg

199 0.9571985327223841 0.11081116714131506 0.2657445589050858 -0.029524616833714327 -0.30534387516548483 -0.010594781042407705 0.1686714082929655 199 image_000199.jpg

43 0.9855275292000484 0.103135326653897 0.13248214544697573 -0.023389626567469228 -0.17176310423995117 0.0008928643872241279 0.13739661115018553 43 image_000043.jpg

12 0.9888095453639658 0.02324239612642603 0.14413434957606455 -0.03067197871692566 -0.09620799954610731 0.03972264431835301 0.24379385759535674 12 image_000012.jpg

25 0.9681107219251037 0.06247946115178214 0.23798839585494894 -0.04711141635099119 -0.1879821444533782 0.03063830202629059 0.2555079536458664 25 image_000025.jpg

26 0.9285571047139318 0.02339132728889405 0.3583871415115539 -0.0937720048812952 -0.2454279005763571 0.089128970056518 0.41606925664915495 26 image_000026.jpg

1 0.9640357429390506 -0.06639414849394258 0.23597874676080233 -0.10266906117410986 0.021201923601587944 0.06115370412260483 0.16585527498065408 1 image_000001.jpg

147 0.9902592793127049 0.08486465528953381 -0.1091075561447859 0.01673588541147914 -0.1078758699366759 0.004176512127994057 0.0859014508083387 147 image_000147.jpg

152 0.9916706547881563 0.12724683799386105 0.018967960458803088 0.006145766567813431 0.09245601377113237 -0.0033362529713912457 0.014795118325381895 152 image_000152.jpg

54 0.997988946869486 0.009760934258505003 -0.05791293443136825 0.023851424950758614 -0.25986371769649375 -0.0024140867179206623 0.032973309176018636 54 image_000054.jpg

97 0.9979504162186594 0.03940520886864789 0.0464216990256295 -0.019677839185379117 0.036716656970393745 0.022544272085850955 0.15749009912264367 97 image_000097.jpg

33 0.9783964148460983 0.06527076310013524 0.19411230349374844 -0.028294838748294544 -0.3631487434902846 0.0339276555042056 0.3057224632136608 33 image_000033.jpg

110 0.9784661071684878 0.08042767865766792 0.1887301073624247 -0.022724625858071515 -0.3293554478205258 0.008696354141462059 0.22277427507285436 110 image_000110.jpg

113 0.9635892503319884 0.11562622707901281 0.23992022208877237 -0.023761980174029848 -0.20495791908296407 -0.004551876838870135 0.1627409980546419 113 image_000113.jpg

176 0.9974463015299004 0.06412441428801649 0.02932361765342802 -0.011359907906736112 0.023945498401479685 -0.03904613257590941 -0.3269323762646569 176 image_000176.jpg

15 0.9984457402021276 0.04919643049983444 0.02607362597925689 0.0024453617870838344 -0.07121154329593 -0.009139873683117654 -0.04515345820021425 15 image_000015.jpg

196 0.9454208641555333 0.051421630190695046 0.3148200144892461 -0.06650984007582 -0.5769401051251268 0.003792744336326953 -0.020543711820623756 196 image_000196.jpg

209 0.8939188935499973 -0.04207625848477852 0.4240477216188688 -0.13900407085392713 -0.3108013181121009 -0.06796584132014097 -0.22719639045568243 209 image_000209.jpg

13 0.9997614310833166 -0.01911357348244283 0.010571208252202704 7.548699513840582e-05 0.04589080312899417 -0.1400415972195536 -0.5012087965848203 13 image_000013.jpg

19 0.9704340519723187 0.03307358573555531 0.2324557717236573 -0.055930251441479874 -0.4404942347179888 -0.022649552777512967 -0.17459875799866503 19 image_000019.jpg

28 0.9893492841066963 -0.11154682933496715 -0.0929060111812564 0.010666075191429198 0.24104182788905812 -0.2863446182184528 -0.5688039370686162 28 image_000028.jpg

38 0.9925025874249319 0.03312130180523013 0.1148994425776219 -0.025292553019204092 -0.1904440929354124 -0.015449327126239025 -0.04209568717652124 38 image_000038.jpg

200 0.9951149649360674 -0.0031789694701559873 0.09498531024952009 -0.02671880370910742 -0.13871328168094565 -0.143763283235017 -0.606243102178617 200 image_000200.jpg

214 0.9857642008330441 0.05355546560287612 0.15549025720596016 -0.034979143637280614 -0.2831310854264259 -0.04765545484089376 -0.3746829198080375 214 image_000214.jpg

98 0.9937719989710148 -0.045339913715635595 -0.10171289541429915 -0.003997893336555048 0.2641611556805433 -0.21428747846981877 -0.6077732237142904 98 image_000098.jpg

109 0.9470970276296301 0.012242522218808968 0.31401127674876456 -0.06522476934389343 -0.5406312174254775 -0.06879860172325653 -0.30901897446333754 109 image_000109.jpg

124 0.9982862579079851 -0.04971871814045809 0.018557286815817867 -0.024661956775270236 0.005754940315854107 -0.2102920878767331 -0.6185870657770687 124 image_000124.jpg

21 0.8686483712848055 0.010551948794549047 0.4798838430145636 -0.12267909859418692 -0.4192950981293704 -0.003537818901118761 -0.07340238275890185 21 image_000021.jpg

52 0.9526676970366948 -0.020076835747096844 0.2960447328137393 -0.06617161735454566 -0.5646295452473367 -0.08736752701191791 -0.2668421308668881 52 image_000052.jpg

77 0.9917181628977826 0.036081587705017605 0.12213328953202017 -0.016633484696216953 -0.22776633953153308 -0.06158417163542533 -0.3723607283685583 77 image_000077.jpg

85 0.9664087586819113 0.020812192386045942 0.2493252829018629 -0.05880371665124333 -0.5101955469311323 -0.05945738317717956 -0.3324401245200978 85 image_000085.jpg

16 0.9976884115389083 0.036808415239341356 0.05646051297417081 -0.008670536085823102 -0.045142524478240416 -0.03039791557149344 -0.14908800398998936 16 image_000016.jpg

112 0.9901459807086294 -0.0279832964983407 -0.13713982088537435 0.00453378669363947 0.2944944946318993 -0.10786483523396095 -0.2832760808409517 112 image_000112.jpg

114 0.9980617055728923 -0.014667264553855877 0.05918441779837529 -0.012445991333094819 -0.15561461673261495 -0.05103547470421659 -0.20563873116137402 114 image_000114.jpg

182 0.9645240281359824 0.09201115852272125 -0.24478643108306505 0.036151983406662695 0.0668373081965479 -0.006977617622986758 -0.18561166476231217 182 image_000182.jpg

14 0.9727344625162799 0.040827951560527494 -0.22398290023600417 0.04418618761515263 0.12448913295150502 -0.010602797147060855 -0.046732573543827385 14 image_000014.jpg

69 0.9500909954046907 0.04020549667609313 -0.30190428754832155 0.06756051999778573 0.19473399203093794 -0.004505575521784665 -0.04513332918032563 69 image_000069.jpg

217 0.9853149510985715 0.1393411606022919 0.09821860419494273 -0.00957058026948465 -0.20282184711473952 0.05355477006413664 0.0967456998964373 217 image_000217.jpg

44 0.9928130160465238 0.03657484791000828 0.11175935207219471 -0.022236218959728292 -0.19073977634969586 -0.07341803249092999 -0.49033022870532433 44 image_000044.jpg

135 0.9932124115441906 0.07151817853020637 0.0882466161732097 -0.02503575309574619 -0.13198858685999626 -0.04760464413810769 -0.5260160204393326 135 image_000135.jpg

136 0.9873304698879374 0.02830849191159924 0.1540719930906127 -0.025278461606058743 -0.3757793424168666 0.030597648398648928 0.19966656830056906 136 image_000136.jpg

27 0.9849112895959646 0.08882060845642213 0.14815826336428578 -0.010477485398323279 -0.18283141083545718 -0.037908677806286296 -0.21016264531708567 27 image_000027.jpg

39 0.9922945072000285 -0.11656860258054472 0.04167577576742743 -0.005148371447340884 -0.020210099473410827 -0.26834355869224197 -0.5406614053520163 39 image_000039.jpg

187 0.9911975707879846 -0.04604934389278458 -0.12307105354548734 0.01613542713123052 0.2677753339210568 -0.2188141076614558 -0.6383434218260419 187 image_000187.jpg

220 0.9751477989253158 0.07810105945915197 0.20389544187866965 -0.037598296067234825 -0.44941818624004426 0.024707259992961285 0.22778211415585248 220 image_000220.jpg

32 0.9940744053367191 0.04953530455308874 0.09426614304375419 -0.021822871969586818 -0.14627687309034298 -0.058262725958461055 -0.43732505060468946 32 image_000032.jpg

36 0.9933285460594903 0.033416553936420575 0.10734591645175978 -0.025662852085814872 -0.16758481272745285 -0.07457371874534927 -0.4463127605773293 36 image_000036.jpg

62 0.9870531783602756 0.04242696380129297 -0.1522609135764547 0.02725056440093524 -0.13750598509468312 -0.008502751498979338 -0.05751427392412806 62 image_000062.jpg

9 0.9862608110168953 0.04608909368675466 0.15606544484749418 -0.028442897165886296 -0.2753625102476923 -0.06517209040562663 -0.46650860379533066 9 image_000009.jpg

93 0.9834981015192911 -0.0723212638989234 0.15816164097336566 -0.049859922070120556 -0.3101333274738108 -0.2386869270863295 -0.6116367138788463 93 image_000093.jpg

194 0.9631284430356832 0.09744270434035555 0.25001128202688205 -0.019567408244339977 -0.5468137269121937 -0.016457906362254006 0.0008565700883264582 194 image_000194.jpg

105 0.9996955966324225 0.009725543917743272 -0.021522214652635773 0.007135961207292355 -0.3227674473802076 -0.06591978447364336 -0.2778648204420838 105 image_000105.jpg

35 0.9833814332785187 0.05643171794698576 -0.16988857854134795 0.03023696339632906 -0.056748115110221486 -0.014326188737904755 -0.11923389757122341 35 image_000035.jpg

181 0.9793011216049369 0.07338650159034057 0.1882060156749906 -0.012736525815738683 -0.34104896274391555 0.008702467556850946 0.2753915672808334 181 image_000181.jpg

56 0.9622323365253915 -0.13163368986829385 0.21456070557500967 -0.10365907541811022 -0.05102201128877722 0.08246148202338645 0.14290229147769934 56 image_000056.jpg

91 0.9921298192934414 0.11364142700170095 -0.04920690341835321 0.018513296078887322 -0.16802363099616408 -0.011562419466325607 -0.3990598740856013 91 image_000091.jpg

107 0.9833419315362125 0.013207760581965365 0.17697219262029457 -0.03930692690045422 -0.4122754654355112 -0.08882160725157745 -0.4264824139334245 107 image_000107.jpg

231 0.9997086409319994 0.015895100258746516 0.0013585480344024345 -0.018114522986355994 0.059800400333193955 -0.1090726862653627 -0.46454897194702405 231 image_000231.jpg

175 0.9811261773188464 0.044348041291143774 -0.10692283336823626 0.15489407227577848 0.2228731021294994 -0.040968311615795644 -0.5671295868603154 175 image_000175.jpg

82 0.9421673813733424 0.04865799419189629 -0.32395857344330226 0.07073802000836181 0.22824046449133645 -0.013456533457369899 -0.11736300796990166 82 image_000082.jpg

198 0.9670216258189064 0.10905572969853562 0.22891663668262116 -0.023941291185289607 -0.2517549509614244 -0.0022103435116379404 0.17274495933886222 198 image_000198.jpg

76 0.8811005102433934 0.04880919704995313 0.4621130256429809 -0.08792661807701024 -0.06654133304688778 0.05685633334957741 0.40501143019690344 76 image_000076.jpg

88 0.912596320812859 0.14882040788025797 0.3796244499089621 -0.03009531562317931 -0.1974938526477435 -0.03316103941636224 0.37591422525596635 88 image_000088.jpg

201 0.9797125486518036 -0.04639410204189777 -0.19250075952672457 0.030892540187545628 0.29119930297721286 -0.15732651666164424 -0.44693405522254775 201 image_000201.jpg

208 0.9353113846664604 0.0014418306708420831 0.3397044282002269 -0.09895176456507095 -0.2266228608859548 0.08738273054916429 0.36338669859061873 208 image_000208.jpg

20 0.9094827022934577 0.016106558238833623 0.4023156227690051 -0.10355638319667247 -0.22870822953783354 0.10550277033852926 0.4632228098045412 20 image_000020.jpg

81 0.9844052102424239 0.16279251786266766 0.06654435194158301 -0.004102079754483725 -0.14551656780266004 -0.015557610044038953 0.12276952786886088 81 image_000081.jpg

129 0.9955954572133195 0.08185825248500145 0.04563868461082359 -0.0024545971314753885 -0.07361901681458444 0.011081995342903182 0.1780851923639797 129 image_000129.jpg

134 0.9526861906549074 0.06317372736986328 -0.28927325812687105 0.06869556480885274 0.09938309261544462 0.00808110900025914 -0.002359661088346024 134 image_000134.jpg

223 0.9700868394417042 0.02733668551665364 0.23548811336600742 -0.05224528639281994 -0.4465573916707859 -0.06216569916063636 -0.323324234375681 223 image_000223.jpg

120 0.972487769424363 0.139009613961144 -0.1867192239772182 0.00893459183897239 -0.0511142200072216 -0.01692851543818108 0.21335363492668874 120 image_000120.jpg

188 0.9959584299060046 0.053707810674057437 0.06991617988379549 -0.017146239134262276 -0.08803673303960825 -0.04661597135603204 0.029410802134347883 188 image_000188.jpg

100 0.9610838821075953 0.05428613936618594 -0.2663878342202033 0.04907460636922692 0.11999801090601943 -0.0002534212335569162 0.006754637517009984 100 image_000100.jpg

64 0.9997700392063819 0.019224969378681445 0.00936424731883484 -0.0016050172409983665 0.0044794933147494454 0.006511314127858502 0.04437304354935757 64 image_000064.jpg

206 0.9930699493610363 0.06935375028191215 0.09331633548846928 -0.017151837533245954 -0.12875646148775047 0.16330798177357284 0.9836703711567406 206 image_000206.jpg

