# Image list with two lines of data per image:
#   IMAGE_ID, QW, QX, QY, QZ, TX, TY, TZ, CAMERA_ID, NAME
#   POINTS2D[] as (X, Y, POINT3D_ID)
# Number of images: 236, mean observations per image: 21.640
2 0.999990695869571 -0.0040603075459413685 -0.0014075052744804458 -0.00038295913421622694 0.001962910339944379 -0.006056138627895091 -0.005831067830049082 2 image_000002.jpg

98 0.9695108329118121 -0.08910631595786953 -0.22785111139074593 0.013881053483034606 0.4142704476064997 -0.1777279242648963 -0.4363860881317058 98 image_000098.jpg

4 0.9991693555142142 0.008578511390575897 -0.0389699930016326 -0.008266998185082648 0.02441354286393532 0.045241044341758435 0.36841690738841126 4 image_000004.jpg

39 0.9841809896042402 -0.15497363203006229 -0.08132056563857787 0.027530398862447156 0.14257755120672203 -0.20677725849920575 -0.4183259084753056 39 image_000039.jpg

200 0.9984821096062069 -0.04563566890866068 -0.03026807321885054 -0.005891114806188162 0.02923741628789535 -0.12182895526692755 -0.49925978934590765 200 image_000200.jpg

9 0.9994211482731173 0.0030568102114134263 0.03192604333976408 -0.011346228328044577 -0.11089656434544062 -0.05439267179183425 -0.3472233352726937 9 image_000009.jpg

13 0.99153114442719 -0.058216178604153776 -0.11443301777642409 0.019543477530489517 0.20535543521453714 -0.09709082465360919 -0.3483870018358252 13 image_000013.jpg

109 0.9798972843292553 -0.028579949524072716 0.19363007562817056 -0.03862494894721671 -0.370440480418212 -0.055839934330553904 -0.23994020891876172 109 image_000109.jpg

124 0.990107235377408 -0.09320352458778386 -0.10487788348591144 -0.001179132241690187 0.16453413558758018 -0.17723677659194284 -0.49132978741090705 124 image_000124.jpg

113 0.9906512230883102 0.07728038914459845 0.11166357039601292 -0.013005803597220133 0.014608021044820278 -0.005784497543243783 0.35917892287901215 113 image_000113.jpg

146 0.9961107855837085 -0.04523674603838359 -0.07552848755274895 -0.003520462427657861 0.13249811457426555 -0.06856922576722341 -0.25605777759442194 146 image_000146.jpg

176 0.9949488645505601 0.026041097502071953 -0.09692571244090352 -0.0020084930100340665 0.19043282506618214 -0.016798045364495022 -0.13724461467374563 176 image_000176.jpg

85 0.9912255443092877 -0.02268913939463689 0.1252321506428282 -0.03569355741753636 -0.3499923086208466 -0.047539219966113995 -0.24385274015923825 85 image_000085.jpg

157 0.9964208888097292 -0.0014690242207297903 -0.08410975534896915 0.008294878572315792 0.2278402657300546 0.00731055387203574 0.0677688963154123 157 image_000157.jpg

214 0.9992860759272586 0.010550697861588227 0.031138941489064032 -0.018611304550888493 -0.11915157917366934 -0.03784235508785012 -0.24768421650919706 214 image_000214.jpg

92 0.999505051711709 -0.021320797521562393 -0.022851686693512306 -0.00358788701727414 -0.0018059644827710265 -0.06730409907729532 -0.32860088389118836 92 image_000092.jpg

93 0.992300322014785 -0.11615921046324687 0.039378845426048664 -0.017216534944314337 -0.15390977322344654 -0.21511401337917596 -0.5285517301229737 93 image_000093.jpg

135 0.9988542712106396 0.02908644451927248 -0.03561337522710377 -0.01325960549040406 0.028818037976651924 -0.04182944173334112 -0.3953223638839994 135 image_000135.jpg

44 0.999862375443064 -0.007216639872942787 -0.013828578686601046 -0.005650645620717228 -0.026785865075830074 -0.05898109904938813 -0.3506181299605984 44 image_000044.jpg

112 0.9633666141651556 -0.06732881084085932 -0.25889413747722073 0.01911633081621957 0.42115146353824795 -0.049930087518024475 -0.051844436342188494 112 image_000112.jpg

28 0.9644532944459424 -0.14796524351913176 -0.21569544641960148 0.0375715665874332 0.3855707850993158 -0.21796527742536578 -0.4172831291938093 28 image_000028.jpg

38 0.9998684647105536 -0.009757824546887386 -0.009642501837429254 -0.008652094343752907 -0.02654282156409795 0.013390741026235995 0.17328253557533543 38 image_000038.jpg

172 0.9932706188407177 0.019143741281796432 -0.11415164259449115 0.0040511912285018286 0.20878429350155256 0.019344760429496673 0.13170865795408246 172 image_000172.jpg

32 0.9995103114569268 0.0022448659010090564 -0.0303006333401981 -0.00748171314434811 0.015728706661384404 -0.05338438253855992 -0.24127049251748992 32 image_000032.jpg

36 0.9997466117434475 -0.011766470571894293 -0.017105200385610905 -0.008699416829383707 -0.002892569337988834 -0.061922955316828523 -0.30192711615282164 36 image_000036.jpg

194 0.9902669917130915 0.06033226771896114 0.12525040706625537 -0.006606010351979747 -0.3988505528920097 -0.008802038984060723 0.1662574772488164 194 image_000194.jpg

175 0.9582810145180959 0.021214969466326068 -0.2354560583276343 0.16064826941310267 0.332415940199814 0.017328997723701743 -0.3846275101818184 175 image_000175.jpg

213 0.9976757382444611 0.01229764748650374 -0.06679097105036848 -0.005554715910467233 0.09921684395321378 0.044388144424332435 0.38170413367314643 213 image_000213.jpg

61 0.9915535240402149 -0.008129288956076435 -0.12879238077230465 0.01296359768522793 0.22478859931188666 0.02262330536918931 0.1627325727549664 61 image_000061.jpg

158 0.9851557975672058 -0.05167667728201485 -0.16339411524657066 0.009997072430253117 0.27589220528189673 -0.021303483523586877 0.03097996463463778 158 image_000158.jpg

136 0.9994541395376274 -0.015965799494504714 0.028189101989803327 -0.006472890392225811 -0.22855241521432915 0.06618188758664806 0.43532547510732933 136 image_000136.jpg

11 0.9949049498059783 0.043390900129094474 -0.09087429516394234 0.004819915895644779 0.12101102259626836 0.029398574654085456 0.3781411171177032 11 image_000011.jpg

16 0.9975488957491015 -0.0015818402620432004 -0.06974901798200511 0.005364126306120878 0.12084402237420659 0.006143020964359828 0.07099461687289325 16 image_000016.jpg

148 0.990648646733322 0.01682958114115606 0.13451069136700045 -0.015456358607813133 -0.2765968032111529 0.024988588845459812 0.3269331716317159 148 image_000148.jpg

164 0.9989145741211537 0.012390168980423734 0.04426260690333765 -0.007547889681720069 -0.1222700157384107 0.006053282128124443 -0.06263809537700135 164 image_000164.jpg

50 0.9936092279420216 0.016049031102250193 -0.11109331506642903 0.011890828070138257 0.1823478305427781 0.0012744226092756957 -0.021306643048452548 50 image_000050.jpg

185 0.987349891459317 -0.04578825234008782 0.1472771334976615 -0.03678432672355571 -0.16001499029943633 -0.0076266584080267414 0.02305719439625735 185 image_000185.jpg

77 0.9999912782273166 -0.003693187644625082 -0.0019346442386248607 0.0002545807024775077 -0.07074452980754417 -0.036332389372926384 -0.24067281673331423 77 image_000077.jpg

118 0.9967589335906214 -0.012350742941581413 -0.07941437943423461 -0.003525285900155258 0.12252123831946365 0.03899261305151914 0.17751263700476086 118 image_000118.jpg

19 0.9933291565586113 -0.01256512093633796 0.10950323552551847 -0.033887232331658045 -0.2757827173034723 -0.011287770743214194 -0.04120263182625142 19 image_000019.jpg

159 0.988677179218293 0.011092432429713231 0.1471654136705657 -0.027142779652607075 -0.261669621757305 -0.013604626915983565 -0.11196836343133934 159 image_000159.jpg

33 0.9973644791119209 0.024657406638393126 0.06705703709529655 -0.012627769872553336 -0.1945720444659647 0.058853513132212654 0.5278179862860019 33 image_000033.jpg

187 0.9647416701547769 -0.08718705379735066 -0.245959847158069 0.03428839252282506 0.39723551392431566 -0.17718926282027161 -0.47633790776756524 187 image_000187.jpg

196 0.9803798603710069 0.005811557150740025 0.1920946497516123 -0.043831509191497905 -0.41081316431649 0.005787625526907135 0.09782797766399909 196 image_000196.jpg

110 0.9972253724943322 0.039559501686135215 0.06237921305864963 -0.009242985664391632 -0.15892609067489666 0.02228454319843068 0.45305146078400665 110 image_000110.jpg

60 0.9986710200407118 0.007109085481573428 0.042059141791321586 -0.028925492719598236 -0.12000582726529688 0.04306761201578634 0.39511428868754445 60 image_000060.jpg

204 0.9887400675978247 0.0492411384914258 -0.14112989666454834 0.007123320909665139 0.23336216594234227 0.013225466323320782 0.2546792635651352 204 image_000204.jpg

162 0.9997672492112453 0.015661183836930204 0.013147245231503138 -0.006878794703524004 -0.16605924347304737 -0.004243149290380641 0.07852163348975386 162 image_000162.jpg

29 0.9952932416444497 0.08825986129660378 -0.03992021595334873 0.0028151587886265966 -0.11433738639408547 -0.06538176247232969 0.29496187484713526 29 image_000029.jpg

219 0.9886379634631214 0.06561571349256456 -0.13511553510405364 -0.0057746408354901945 0.1286331637333869 0.019800278021784138 0.2477073733345037 219 image_000219.jpg

232 0.9955522368575088 0.014415991483833938 -0.09310112368455477 0.00029634694009640725 0.09932624031484794 0.011820167896622687 0.2570405504773197 232 image_000232.jpg

231 0.9918492457778688 -0.02494386555994095 -0.1249024903229742 -0.0034989833849013506 0.22199391270512056 -0.08154752082652819 -0.299605414791324 231 image_000231.jpg

53 0.9920014058472891 -0.044733378836318456 -0.11689351537145558 0.016371882147584803 0.12845062892000644 0.052627005824923 0.25586497452174845 53 image_000053.jpg

71 0.9960653153274778 0.02388225816825961 0.08325773125504819 -0.0187530554942613 -0.009732593703728608 0.012910761960733458 0.35673882187340444 71 image_000071.jpg

234 0.9201349937319475 -0.005993375692716223 -0.3911091153174489 0.018690132246477482 0.4544579527428825 -0.05321915210354916 -0.11538971986600369 234 image_000234.jpg

97 0.9958117683911986 0.00991150271615348 -0.09069708151376034 -0.005892884973965488 0.2375770561600298 0.08551964228657272 0.4387828304342991 97 image_000097.jpg

27 0.9975526709621155 0.06287520699233787 0.030550809020218193 -0.0014207438146227238 -0.019172846778935923 -0.009756576030737072 0.04234784603390917 27 image_000027.jpg

188 0.9975340061079759 0.01350444940089216 -0.06874106021828814 -0.004266051762574171 0.10019065221857215 -0.0243524973678326 0.603668526872966 188 image_000188.jpg

206 0.9989492961261289 0.031302770885632755 -0.033121538546709905 -0.004837368097759043 0.03797004915761265 0.22131790455278333 1.5409577248642397 206 image_000206.jpg

223 0.9906402147490524 -0.016207520351050143 0.13166398378140884 -0.032153947223823254 -0.3130567612509756 -0.04568590015961536 -0.10728169389864936 223 image_000223.jpg

