# Image list with two lines of data per image:
#   IMAGE_ID, QW, QX, QY, QZ, TX, TY, TZ, CAMERA_ID, NAME
#   POINTS2D[] as (X, Y, POINT3D_ID)
# Number of images: 78, mean observations per image: 92.192
32 0.9814703447771846 -0.032015962669990336 -0.18232073895401193 0.04949844180836821 0.42842877659161455 -0.13295025994096596 -0.5346768079711579 32 image_000032.jpg

322 0.6982558925525325 -0.1794493756598427 0.09796787380913069 -0.6860313167591088 -0.5556285995631474 -0.15867791852126886 -0.9084770848719498 322 image_000322.jpg

386 0.9998856517172717 0.01246462370451406 -0.007967070998735202 -0.0031376084680512927 -0.04343589701319659 0.02235251564523541 0.13564158516896313 386 image_000386.jpg

39 0.9824953238454773 -0.04024238950451805 -0.17912476537403393 0.03158776496038863 0.3438875116533675 -0.1243764353206411 -0.4499198212553217 39 image_000039.jpg

523 0.9700905031432783 -0.05637367694622383 -0.2338885274586894 -0.03228894329958651 0.3666940166304262 -0.16040659205249616 -0.3277407748219976 523 image_000523.jpg

506 0.9989370209602164 -0.017291972527933446 -0.04255435893042609 0.003866354237257421 0.012893448034954432 -0.07687272104123054 -0.32183845859951815 506 image_000506.jpg

287 0.9912716692618695 -0.050360103656362815 -0.11805100110450266 0.03013793710464032 0.20986113993238933 -0.1816303121162055 -0.6295854124795914 287 image_000287.jpg

152 0.9793688991077265 -0.01836108358454054 -0.19418899718426338 0.052821160064975343 0.4003335467190203 -0.09496543108721545 -0.4571232121840426 152 image_000152.jpg

314 0.9994903293705292 -0.018822785237301305 -0.024682236305525112 0.007454392571457788 0.06727784139384826 -0.027877834192392092 -0.210653935883156 314 image_000314.jpg

382 0.9937346467605223 -0.08566052436786899 -0.07031920425087144 0.014454632169960678 0.22872597819226245 -0.25486778329504833 -0.6893513542337231 382 image_000382.jpg

342 0.9951254217744021 -0.0391383784101529 -0.08796622886293233 0.021342682094615827 0.16502221576898998 -0.1461281016222204 -0.5393335822326091 342 image_000342.jpg

37 0.9970218024520681 -0.07372629889948205 -0.022338839318685483 -0.003597160479092699 0.1188746122732849 -0.21778111089933055 -0.629487491081945 37 image_000037.jpg

189 0.9999004424995309 -0.003974461674523726 -0.009874145721311853 -0.00926323285174529 -0.11546812873314928 -0.07678165377837172 -0.4632488958423211 189 image_000189.jpg

123 0.9970708666875265 0.009347845326493224 -0.07582646310879748 -0.003556511050026875 0.06636495591118405 -0.03630853154413663 -0.19480180455826182 123 image_000123.jpg

61 0.9953142295946416 0.016642427931062884 -0.09522741207335088 0.002085569887976093 -0.04397071293138957 -0.023863833239321522 -0.12094266553101304 61 image_000061.jpg

343 0.9964145816761569 -0.048642082203597864 0.06863066624639662 -0.009041849894053882 -0.31518211481287556 -0.13312600804178296 -0.5739937166636078 343 image_000343.jpg

423 0.9910774456669772 0.007083123360795457 -0.13186956915213557 0.01804839330036419 -0.007380078249028755 -0.003359801238637159 0.013254621984980732 423 image_000423.jpg

90 0.9998376192439206 0.0020021141448318086 0.004415506824996599 -0.017355831513786793 -0.03477396292380729 -0.01146199678350808 -0.04171588590541911 90 image_000090.jpg

53 0.9894247944064193 0.040299867955464495 -0.1391622819784663 0.006954661161895935 -0.0172011766987487 -0.016521491537344415 -0.10409008896539554 53 image_000053.jpg

258 0.9937190479269278 -0.01442709174562843 -0.10937070521914406 0.01877124996532178 0.2760142562897534 -0.10657983624216483 -0.5015265299858128 258 image_000258.jpg

457 0.9896619382788264 0.002035582750085524 -0.14195829831094367 0.020321487532581048 0.28368984131780767 -0.09742638741570626 -0.5355694642966967 457 image_000457.jpg

208 0.9997666542697347 -0.020023692828701548 -0.0018027170049572444 -0.007901530446381175 -0.256968430381305 -0.031099029349036023 -0.12571247007760344 208 image_000208.jpg

115 0.9747275628786565 0.013958694868398236 -0.22290683539077152 0.004887507789124625 0.1840914744012019 -0.02116190232823343 0.016554120868426406 115 image_000115.jpg

514 0.9995450851695279 0.010308421472813143 0.02829821542857791 0.0015988657360001142 -0.05106339731512903 -0.05646679928622839 -0.3002829754498535 514 image_000514.jpg

487 0.998663775215226 -0.051229309896248576 0.002732207998793723 -0.006225118537530204 -0.1617396994261224 -0.1476256965346724 -0.561976471276891 487 image_000487.jpg

329 0.9848450343141012 -0.038364959002216016 -0.1624527982627959 0.04708997669319543 0.48255540761726096 -0.14192725820546676 -0.602400192043147 329 image_000329.jpg

330 0.9928233475752603 0.009388555738939534 -0.11810505229522206 0.01627440032606063 0.29282772918890965 -0.12376487026649471 -0.7393047645060964 330 image_000330.jpg

461 0.9991511345318959 -0.03222738513485376 -0.024716230774545957 -0.006894056839046336 0.07702344387078648 -0.036893437817209614 -0.1291324448846778 461 image_000461.jpg

479 0.9968941991834339 -0.04928654109830405 -0.06046274354504951 -0.010819261112334156 0.1452175813821982 -0.16059966098996675 -0.533900409962623 479 image_000479.jpg

46 0.9580124907270451 -0.04833826293709744 -0.2802575773867502 0.03648537240387479 0.6368255008882496 -0.18316170610637023 -0.5350947433319833 46 image_000046.jpg

94 0.9933229378695835 -0.023737143673196126 -0.11289854133536487 2.7246746680858646e-05 0.19310620960299352 -0.09560499104491887 -0.41910157919307933 94 image_000094.jpg

400 0.9984862090277159 0.03397100032795258 -0.04295690479340284 -0.0050958625368993146 0.2012444238156369 -0.016931816487515267 -0.034361818723775014 400 image_000400.jpg

425 0.9998472464708383 0.00207728721847707 0.0009610598014059386 -0.017327513116160584 -0.0345388458652943 -0.011413352363501819 -0.04204334771596701 425 image_000425.jpg

143 0.9939436637653605 0.02023223980299119 -0.10737389845421641 0.011726180113601756 -0.05961133902364648 0.025590501865171134 0.17536182821480123 143 image_000143.jpg

89 0.9989031363638992 0.006716159779438156 -0.046135596239134 0.004350240949691518 0.031847067257393724 -0.008871577875685079 -0.11852183677085079 89 image_000089.jpg

521 0.9850780795163707 -0.012155246691773291 -0.16930322882694626 0.028457943569448023 0.05729183796135036 -0.011708433904853939 -0.11552007865765049 521 image_000521.jpg

191 0.9815189999774614 -0.05368563860428562 -0.1776101483769995 0.04682885654853731 0.382809927203327 -0.19616894216006636 -0.6726447379426714 191 image_000191.jpg

460 0.997318734327274 -0.009305457220653133 -0.07209791545912796 0.008404526725812983 0.1370259199835654 -0.08078417684494894 -0.38489255396222277 460 image_000460.jpg

497 0.9998743873105358 0.015833340025011397 0.0007085930277567295 -5.7743162258191854e-05 0.024485620880534655 0.01512728972174135 0.07435309408798815 497 image_000497.jpg

214 0.9958878105788596 0.016586981367114915 -0.08873401366292365 0.007656410699895338 -0.11912048189006476 -0.03240555189613546 -0.19222482890284853 214 image_000214.jpg

95 0.9974143064177495 -0.06810545468738373 -0.022716242451219944 -0.0032114746716493006 0.007847449038085383 -0.1337738382012953 -0.4774030502532651 95 image_000095.jpg

421 0.9984757436343829 -0.051366297243127565 0.017870425873637557 -0.009399062779927522 -0.092540818642629 -0.16265437773422214 -0.5747396856793735 421 image_000421.jpg

47 -0.040634557811802585 0.18697925145499109 -0.04182212474126199 0.9806316578587506 -0.39222715548761244 0.20824324888655674 -0.763233091662315 47 image_000047.jpg

77 0.9996951908018409 0.0032356486520114082 -0.02053762132896724 0.013314336853231676 0.09561732647435932 -0.05326664697444905 -0.22990571929564724 77 image_000077.jpg

485 0.9974076582758133 -0.03972977670404581 0.05152913689226026 -0.030728854982634005 -0.23145403682399074 -0.038267392118629534 -0.16296707578930317 485 image_000485.jpg

264 0.9964730105992793 -0.06516869608629318 -0.04410096865020647 0.029149392391281653 0.17132685283314736 -0.272836339066846 -0.8962700231210492 264 image_000264.jpg

409 0.9896648748780226 0.0021574885629907217 -0.1419659140257877 0.02011106181262723 0.28362919366835204 -0.09717366826652733 -0.5366543043290981 409 image_000409.jpg

513 0.9899825045164921 -0.06764033550625782 -0.12174860004190008 0.02316686700828643 -0.13218395297735508 -0.07304531939209248 -0.20781475188910986 513 image_000513.jpg

216 0.9834089468735246 -0.015183337671101917 -0.17924810378573594 0.023375622532305428 0.3291658419543636 -0.11721411989762441 -0.5534377140607886 216 image_000216.jpg

165 0.9666051009009239 -0.009858984180275641 -0.24662606041568969 0.0689417918174284 0.12369305791651296 -0.027765587948337753 0.055324832904806276 165 image_000165.jpg

434 0.9899981281755799 0.009164954920711505 -0.1397645247668363 0.01689954058415772 0.24638236103847425 -0.08127003918508484 -0.5071419959174014 434 image_000434.jpg

311 0.9857425403299982 -0.0792771500052748 -0.1453753116041891 0.0298794461589311 0.3118444237850698 -0.19319304069300464 -0.5795912824547194 311 image_000311.jpg

52 0.7039392974069458 0.03115842766099869 0.004670296412773672 0.7095609898048616 0.030980814116922897 -0.04418990062659772 -0.17996285010955285 52 image_000052.jpg

20 0.9951850715279755 0.014788378151019913 -0.09662744965265638 0.007150169743744144 -0.07564886799316459 0.017821586443732933 0.16841908784634801 20 image_000020.jpg

215 0.9815558507482007 -0.007782732463328834 -0.18842060488055484 0.03138823917156433 0.16469218830958568 -0.06529683136012157 -0.34418277522983365 215 image_000215.jpg

106 0.9760693413468025 -0.004454840413691629 -0.21670752974663643 -0.017511078400748243 0.48185594039834506 -0.15709398054524257 -0.6728326563118809 106 image_000106.jpg

153 0.9974723863172472 0.0648162393609516 0.02434791281349917 0.015964816437981987 -0.17819675035538726 0.007229731897653574 -0.09411342420536757 153 image_000153.jpg

404 0.6725819556688859 0.08557319389496797 -0.1550818086517681 0.7185126155023014 0.2141217389681893 0.6675501273844104 -0.7072459807058795 404 image_000404.jpg

318 0.6792137789206539 0.03880306640064343 0.11561585567239911 -0.7237374371503399 -0.20504175083032955 0.420569372747873 -1.2148565036355645 318 image_000318.jpg

