# Image list with two lines of data per image:
#   IMAGE_ID, QW, QX, QY, QZ, TX, TY, TZ, CAMERA_ID, NAME
#   POINTS2D[] as (X, Y, POINT3D_ID)
# Number of images: 76, mean observations per image: 685.211
193 0.9451924042901616 -0.060016356245684 0.31565859055813855 -0.058043160319551985 0.006687940200904699 0.04568843023123584 0.16206684981582584 193 image_000193.jpg

166 0.9520136610609864 -0.11660916570412473 0.274067090325948 -0.07042385922818434 0.019542055797434565 0.08287056500828424 0.18158654542410496 166 image_000166.jpg

202 0.9685708697695626 -0.053354913436473486 0.2400442570798003 -0.03744974496367058 -0.03205381190547173 0.07061451586163062 0.29994475329606907 202 image_000202.jpg

173 0.9615672078003811 -0.06687752628848118 0.26489709155881774 -0.027302163518067354 0.09524706448738797 0.05812127671603997 0.11927676788561671 173 image_000173.jpg

143 0.9611522445080524 -0.08909295701984815 0.2547044739317062 -0.0580899115069831 0.0140385415001179 0.055693364388559125 0.1562166221005165 143 image_000143.jpg

18 0.9517008132186822 -0.18162905715411368 0.24347854209077702 -0.04466162351223086 0.1672146805911126 -0.08094725626943233 -0.18099489477206518 18 image_000018.jpg

191 0.9528070499245349 -0.1044389748711762 0.2752818139964902 -0.07396717197791267 -0.023015882827894227 0.06542334833237795 0.16151510344354933 191 image_000191.jpg

226 0.9493331850747462 -0.14396542181571872 0.2611855191446698 -0.09910893833535364 0.0017426667450360991 0.022603802320459603 0.06154398425250867 226 image_000226.jpg

102 0.9589771910371583 -0.15853911873292645 0.22346850675999375 -0.07273182558814643 0.09919144052780085 -0.034947920804357914 -0.07988712342263037 102 image_000102.jpg

37 0.9313066482437247 -0.11330398261186335 0.33594459029048845 -0.08349464816482258 -0.06662723395228527 0.06500341261936067 0.15246115376776298 37 image_000037.jpg

122 0.9199312866897449 -0.2361546339803396 0.2734055392442188 -0.15233785235313102 -0.1555142832086653 -0.3381189322089281 -0.48340016368138666 122 image_000122.jpg

186 0.936285386081575 -0.1316080072110119 0.3188618935805266 -0.06615204568211445 -0.06285528223291079 0.05138673862467022 0.11360195642994532 186 image_000186.jpg

47 0.9346612491744176 -0.13465403507570387 0.32295541381124393 -0.06305908039673078 -0.06157420637106581 0.05289065652745944 0.3173587511486465 47 image_000047.jpg

212 0.9514605731642162 -0.08293086455664113 0.29184596495068527 -0.05168359702970037 0.006424204987928422 0.054841532274910856 0.20031574118110945 212 image_000212.jpg

149 0.9297784033275884 -0.18905674184582585 0.29617821722117177 -0.1097640259249879 -0.04856313746283318 -0.11681107124000806 -0.21037433734706226 149 image_000149.jpg

86 0.9244923870447066 -0.15433908204486116 0.33404528248601717 -0.09953391555975631 0.036456951437686846 0.09927998356906886 0.1894774800632799 86 image_000086.jpg

216 0.9550202268094594 -0.05531054758530195 0.2832689742560285 -0.0680867628766448 -0.042460446813061645 -0.0022776635138399177 -0.05387375887028325 216 image_000216.jpg

90 0.8839161504095894 -0.12579048631049106 0.4360179336644344 -0.11294834384014976 -0.3088724425117672 0.0198568895350094 0.025819822701045048 90 image_000090.jpg

125 0.9238944837130968 -0.05948552620105784 0.3744052728887251 -0.05197265948988564 0.0018470784468598705 0.054316866031700786 0.1870761263983623 125 image_000125.jpg

94 0.9381387784729913 -0.1610795764221473 0.29039155436523106 -0.09809051724812257 -0.007854309338485521 0.030081430553721443 0.0511777909048654 94 image_000094.jpg

131 0.9601450178375904 -0.1017286024887814 0.25459301641330473 -0.05436195717120129 0.03666855440851251 0.07146792529122009 0.1730676621075682 131 image_000131.jpg

116 0.9547151702585094 -0.12143230762363288 0.26398063434930424 -0.06393251019219288 -0.002125207951669192 0.009055795257711427 0.018335815034124698 116 image_000116.jpg

205 0.9464493113288421 -0.1431863235902392 0.2750279498490771 -0.08994990801037464 -0.09371783527088247 0.007979034061519449 0.011435799188693405 205 image_000205.jpg

55 0.9746265814814491 -0.10819758012074375 0.19026691365197584 -0.04684898703624926 -0.0754743186047842 0.04427951270036203 0.10595748051472625 55 image_000055.jpg

34 0.938340809869792 -0.11953342281787067 0.31912570255488765 -0.05819853538685355 -0.03016359471198833 0.0010169030600446338 -0.002944216279112089 34 image_000034.jpg

7 0.9171614937434711 -0.13313205157112576 0.36469874098747107 -0.08991948619927677 -0.12753352606065585 -0.0849858933399715 -0.2079751297268415 7 image_000007.jpg

183 0.9374890308006382 -0.11495076196437885 0.32197898129541297 -0.06503996460049016 -0.06150462570088517 0.044116694142587176 0.11129350668013403 183 image_000183.jpg

139 0.9373963289606156 -0.07199930266960416 0.33543504618861214 -0.05989637653129765 -0.08922910447503768 0.0478024586146179 0.12888358687031962 139 image_000139.jpg

171 0.9704908754833751 -0.09623771039400497 0.2199417647467838 -0.0226140497056616 0.17459605393700267 -0.07843234249404464 -0.29302071742998204 171 image_000171.jpg

177 0.9949933691161207 -0.03841038036777548 0.09218918869667861 -0.0037409871395537113 -0.011532450875232293 0.02833869380216439 0.14091687572196346 177 image_000177.jpg

151 0.9346226191708291 -0.13062845403123827 0.3126258877898772 -0.10808240804532533 -0.01433118364643484 0.06667242805407847 0.1251680327670837 151 image_000151.jpg

218 0.9475683110216391 -0.11052180520870623 0.2964045898121782 -0.04520558594607109 0.04460465878452696 0.0482472434199438 0.11837992831539067 218 image_000218.jpg

59 0.9569727960350277 -0.0580732806821858 0.28154881772143764 -0.03950756101745922 0.01409685178957501 0.05505078612937018 0.20872024261723732 59 image_000059.jpg

46 0.9336820594993068 -0.1327895414849299 0.32526425960655875 -0.0693390650227835 -0.04126437880397878 0.03242116657512419 0.07327792606554523 46 image_000046.jpg

161 0.9402828155816578 -0.058852025538775346 0.3286060593640351 -0.06650363563398334 -0.09083748386201412 0.010484463949674429 0.014793233424493048 161 image_000161.jpg

145 0.9512118748701351 -0.02454464797054781 0.3017109486646224 -0.05969958392172803 -0.013766102560576532 0.030022486038111827 0.15578345345111505 145 image_000145.jpg

154 0.9574651022180516 -0.04539864504021194 0.2807871097894012 -0.04856072925045369 0.02422656472566853 0.007010687896642811 0.002237302004709006 154 image_000154.jpg

210 0.9410120405699095 -0.2633517620572401 0.19450057837175325 -0.08550844135074046 0.08716188988325649 -0.26404074344279516 -0.34660806081708967 210 image_000210.jpg

23 0.9896948263717632 -0.02211746342454155 0.1404701819084187 -0.016825693069112573 0.05319205238773302 0.024415273505266212 0.12432769855193714 23 image_000023.jpg

189 0.9725304043501696 -0.1290109196347046 0.18789051046587277 -0.047306992986934214 -0.056297049741914976 0.06142122413912078 0.1317449751511605 189 image_000189.jpg

137 0.9537607246599281 -0.07480844024211523 0.2870123851769501 -0.048662772428338136 -0.07223813368581534 0.05414037688925216 0.1609107332653402 137 image_000137.jpg

57 0.9680864275313027 -0.1243618474732459 0.21346113198819291 -0.042156228814536206 -0.05476676616902639 0.033190617543453586 0.09219608397161944 57 image_000057.jpg

72 0.9846333918675332 -0.045634639086970116 0.1664643395276957 -0.026536386730361187 0.056438791658138775 0.025098918609449034 0.13309865340461877 72 image_000072.jpg

144 0.9428959933727308 -0.10798657863717226 0.3037991531020479 -0.08361895848588993 -0.027065551762290044 0.04284948259199882 0.09864909325949775 144 image_000144.jpg

119 0.9449123857467192 -0.1017526783883821 0.3032754544604494 -0.06936124376059077 -0.03603941639295734 0.04939121579849253 0.10635990556661905 119 image_000119.jpg

8 0.967136783735203 -0.12673628675616877 0.21332422362875797 -0.05547192697062707 0.04795673946442669 0.04043054293776689 0.10177730607686379 8 image_000008.jpg

24 0.9911693526177838 -0.02566784186068347 0.12988286664963453 -0.0074110890990018545 0.10762356902097259 0.028833641531931176 0.11594701149712221 24 image_000024.jpg

215 0.9501594342454861 -0.13110042967228908 0.27437956417744674 -0.06874275936003907 0.058468615097006654 0.10114956999162264 0.3423428577075258 215 image_000215.jpg

225 0.9690455662871796 -0.08960065793109949 0.22196925947012403 -0.06043223443287517 -0.02859746892076237 0.05296543693093164 0.26391066091272086 225 image_000225.jpg

45 0.8866780259848019 -0.10895175393606105 0.4391964655661104 -0.09506857633479887 -0.32264482600484146 0.014776853796387244 0.018076222850274742 45 image_000045.jpg

180 0.970208597823381 -0.027923645091992414 0.23555599937565821 -0.04928407182827657 0.10605867931467573 0.0030374449490052856 0.025712100399711946 180 image_000180.jpg

211 0.9359133505204247 -0.10059768925847286 0.3302312488142333 -0.06995456985445016 -0.06775791810250478 0.05054445114797457 0.146674836732293 211 image_000211.jpg

58 0.8528920197533506 -0.061476939443873564 0.5091560719952343 -0.0977540915439732 0.02088244205193067 0.029936578496368466 0.10658063765615647 58 image_000058.jpg

117 0.9518020928791193 -0.22504132709231822 0.11562064228227802 0.1733811902098705 -0.09805422143065581 0.024217422580280607 0.096791230212156 117 image_000117.jpg

106 0.9994737184441707 0.013066957233194326 0.02075706443947703 0.021229352331309122 0.013495654930544835 0.03663810837951058 0.17722078960202442 106 image_000106.jpg

132 0.9250104442910118 -0.10810909376765993 0.35865429428514206 -0.06352310127998903 -0.07146392745704873 0.08033512566907886 0.19615166487909874 132 image_000132.jpg

174 0.9388507054531224 -0.04796942118118636 0.3313982102442916 -0.08020920666750865 -0.13803761806283552 0.03782535981458219 0.055524045240308434 174 image_000174.jpg

140 0.9830054870892884 -0.02989947968005598 0.18099181241309176 -0.006942657387351743 -0.04297108338041643 0.03077720479257797 0.15760054053601213 140 image_000140.jpg

150 0.9853931443356454 0.02397284100965882 0.16850364358164616 -0.0056720938976575685 -0.10523468165382655 0.014225943999055208 0.13828277308936668 150 image_000150.jpg

178 0.9476169145577432 -0.1336713932066015 0.2809645843394059 -0.07220133071488957 0.06966285471335418 0.04123256872105699 0.11820499453984272 178 image_000178.jpg

30 0.9820756875735759 0.025813658945943948 0.1857827028131456 -0.018595531476359846 -0.11838483826935038 0.009748979726935532 0.11483904200362996 30 image_000030.jpg

115 0.9742529663130548 -0.10566894854542559 0.19580592073512568 -0.03640413902370885 0.12517051060912873 0.0927906285937083 0.30157996205189186 115 image_000115.jpg

31 0.9989842383979779 0.003722972492163392 0.04488514072018122 -0.001399502590413236 0.08238600344448477 -0.0035378667997248755 -0.06260815191159301 31 image_000031.jpg

228 0.9426898319605271 0.037579536178368435 0.33056139502316195 -0.025549998145056936 -0.04678954388875365 0.008464833191693274 0.13426993381123922 228 image_000228.jpg

68 0.9842734206940515 -0.006679437636351505 0.175163958662332 -0.02188130015093174 -0.028869610995418814 -0.024615733167738036 -0.2070087924703208 68 image_000068.jpg

233 0.9634563898296941 0.021447255754588092 0.2663011107789227 -0.019378323710940268 -0.09398650981998258 -0.010607252263907728 -0.19434914460710034 233 image_000233.jpg

167 0.8727204861013669 -0.018953856883765233 0.4841073536862773 -0.06033056830498421 0.10267957335347419 0.025450980594050123 0.1475914631404387 167 image_000167.jpg

99 0.9929836432716268 -0.012299174459625027 0.11688775632649266 -0.013017670914486931 0.13867010776398186 -0.026520061638242793 -0.2043727426436599 99 image_000099.jpg

168 0.9826899257061179 0.07513374265868794 0.16931510198393004 -0.002798391014393796 0.051441236385106975 0.014656729911162923 0.1770002859555731 168 image_000168.jpg

121 0.9510147704639336 0.041882563052322345 0.3048266991140711 -0.029957042003331207 0.022352868216042043 -0.011136813167431293 -0.38263995926007 121 image_000121.jpg

78 0.9930944180859838 -0.07524024731416383 0.0892503793596024 0.011694003501838973 -0.23431488462516692 -0.16810288129939538 -0.6076790725098327 78 image_000078.jpg

133 0.9473776903301326 -0.10666634046726235 0.295941813603476 -0.05929789849975181 -0.005885358935385346 0.053266537814429984 0.1531887196364235 133 image_000133.jpg

153 0.8909984016936632 -0.013464087025776332 0.45181757694527963 -0.04244333932267189 0.14661899505937262 0.040392860081518184 0.09229922971986182 153 image_000153.jpg

80 0.9989981896424229 -0.003224132717977507 -0.044528944668418176 0.0030646119289487583 0.21847396559176385 -0.06926970441540928 -0.561270130092549 80 image_000080.jpg

79 0.9712371517062401 -0.06412637758722209 0.2283262217275901 -0.021291956211825756 -0.549712586089802 -0.18064508252126624 -0.6655537847866384 79 image_000079.jpg

