# Camera list with one line of data per camera:
#   CAMERA_ID, MODEL, WIDTH, HEIGHT, PARAMS[]
# Number of cameras: 9
107 RADIAL 760 1013 1215.962132111918 380.0 506.5 -0.006114918545216649 -0.00030330873453917657
187 RADIAL 1149 760 886.408935546023 574.5 380.0 0.008249805805945679 0.0004729693980913661
519 RADIAL 760 943 1002.0402241702453 380.0 471.7241379310345 0.0015924631073818485 0.0003665731973566425
35 RADIAL 760 1140 1487.797450733023 380.0 570.0 0.0 0.0
390 RADIAL 760 1353 1623.5374243914753 380.0 676.5 -0.001025491743385475 -1.6610781650621665e-05
102 RADIAL 1140 760 2442.8571428571427 570.0 380.0 0.0 0.0
271 RADIAL 760 1140 879.5187969924813 380.0 570.0 0.0 0.0
177 RADIAL 760 1013 1215.8244803695147 380.0 506.5 0.0 0.0
218 RADIAL 760 760 542.8571428571428 380.0 380.0 0.0 0.0
