# 3D point list with one line of data per point:
#   POINT3D_ID, X, Y, Z, R, G, B, ERROR, TRACK[] as (IMAGE_ID, POINT2D_IDX)
# Number of points: 33, mean track length: 2.94
0 -0.03582864838713518 -0.0203361491255557 1.192215367421347 150 98 57 0.22 107 0 187 0 519 0
1 -0.0507820600633425 -0.02374908773642542 1.188549165023579 102 60 32 0.07 107 1 187 1 519 1
2 -0.01149013941733432 0.06747157982190632 1.218276681748903 182 134 92 2.61 35 0 390 0
3 -0.1002371628103281 0.007263349279378162 1.163343196127486 123 79 39 0.08 107 2 187 2 519 2
4 -0.01388705777223744 0.09273718912433909 1.220759136570654 184 132 82 2.42 35 1 519 3
5 -0.01621085862183584 0.1751203415821048 1.190695409167067 72 31 13 0.32 187 3 390 1 519 4
6 -0.03541397764564053 -0.009573252255886122 1.196059348114597 97 52 28 0.2 107 3 187 4 519 5
7 -0.009243673117831981 0.02872834933810958 1.209305097830901 171 115 70 0.15 107 4 187 5 519 6
8 -0.02463576932320909 0.09647076479750266 1.199850931371871 165 106 58 0.36 107 5 187 6 519 7
9 -0.02114475536048073 0.1202817139124201 1.198388503954054 92 45 16 0.06 187 7 390 2 519 8
10 -0.01419304250979548 0.01691656880331777 1.206949683298041 108 59 31 0.22 107 6 187 8 519 9
11 0.0052727714516634 0.03783564927435468 1.210793718606736 178 124 72 0.35 107 7 390 3 519 10
12 -0.01229071502693096 0.04592088168766473 1.204144808536619 150 95 49 0.57 187 9 390 4 519 11
13 -0.02076461661156548 0.06528227995939123 1.197214883996806 174 115 60 0.39 107 8 187 10 390 5 519 12
14 -0.03804248720539798 0.06411462846914573 1.193900479977598 96 51 29 0.42 107 9 187 11 519 13
15 -0.02919609747514591 0.08135507027878508 1.198216797187972 93 51 34 0.16 107 10 187 12 519 14
16 -0.02434697468191894 0.09897109716241331 1.199996434190757 100 48 12 0.11 107 11 187 13 390 6
17 -0.02706717885380811 0.1176792799890251 1.197147829818665 71 29 5 0.28 107 12 187 14 390 7
18 -0.005150631926250783 0.1396128011985379 1.211269709487452 158 104 56 0.16 107 13 187 15 390 8
19 0.01274697430547606 0.02878206017498175 1.212970073706109 95 53 34 0.28 107 14 187 16 519 15
20 0.008850043380822917 0.01592891968341664 1.21496860693302 128 77 43 0.23 107 15 187 17 519 16
21 -0.05576283368940975 0.09754369173010374 1.187828343864575 100 59 28 0.25 107 16 187 18 519 17
22 -0.09089346533920316 0.1170577459991769 1.190617932582467 158 110 68 0.33 107 17 187 19 519 18
23 -0.0188752818607698 0.1669307417976382 1.195577535540445 100 57 28 0.36 187 20 390 9 519 19
24 -0.08079340198257599 0.09658828108669487 1.189682224087958 92 48 26 0.11 107 18 187 21 519 20
25 -0.0976537566493869 0.1628366530524217 1.228106367306465 190 120 36 1.47 102 0 271 0
26 -0.002459998353280108 0.03706680370349297 1.20532186178514 124 70 34 0.42 187 22 390 10 519 21
27 -0.1160575612286084 0.05094202872211284 1.158078841339731 97 53 24 0.2 107 19 187 23 519 22
28 -0.07751827382145576 0.09622762018624148 1.190715900927466 129 78 37 0.54 107 20 187 24 519 23
29 -0.01489147475632438 0.08167526843355943 1.204396957544823 76 31 6 0.24 107 21 187 25 390 11
30 0.001427258176038704 0.1522669968613083 1.209298339009012 153 95 43 0.43 107 22 187 26 519 24
31 -0.007827663563679515 0.1418898973524654 1.204433153444707 188 125 70 0.49 107 23 187 27 390 12
32 -0.001844039390183265 0.1021251610375485 1.205694197017768 138 76 37 0.3 187 28 390 13 519 25
