# 3D point list with one line of data per point:
#   POINT3D_ID, X, Y, Z, R, G, B, ERROR, TRACK[] as (IMAGE_ID, POINT2D_IDX)
# Number of points: 880, mean track length: 5.02
0 -0.017480476055646423 0.08003110928115333 1.028617532353742 94 92 84 0.33
1 -0.035509101177259236 0.10547482317139532 1.019201731624811 106 98 87 0.23
2 0.013116589584351503 0.11126467632061966 1.0265880252578559 92 90 82 0.31
3 0.11031456007734083 0.11467930335337716 1.0451383973755504 158 152 135 0.4
4 -0.0741308918100379 0.11194878532227358 1.0037871821549944 51 46 36 0.7
5 -0.008920488859296836 0.11905782394976268 1.0184435625060602 162 160 152 0.49
6 0.06850620546390014 0.1267327236939805 1.0314208048059705 155 155 149 0.21
7 0.12683393221056424 0.13116574834585656 1.0400252617649348 111 111 99 0.21
8 -0.05354421172396559 0.12697410154188046 1.0061079756880216 168 166 157 0.18
9 -0.013743088576095628 0.12861507295622596 1.0131405691351083 161 158 151 0.31
10 0.0006623514478995162 0.12916931592576084 1.0156434121416273 143 140 128 0.2
11 0.02426301043198683 0.17195713411781152 1.0051067584566815 154 157 140 0.21
12 0.025685074194267625 0.19346252418726845 0.9966247961269362 125 130 129 0.29
13 -0.060872219475963676 0.19151038876569731 0.9821654919975689 43 45 41 0.2
14 -0.04535903657323032 0.192198855727316 0.9852694492685908 38 37 33 0.09
15 -0.03994503853433282 0.19144681477456224 0.9829878452252597 140 137 126 0.19
16 -0.12185852166978826 0.19335847381410792 0.9815870071075232 31 32 35 0.14
17 -0.012319478104192795 0.19863861266754393 0.9926113318753101 52 45 36 0.16
18 0.19502590130413733 0.25433745111341977 1.0081301095671307 111 109 94 0.16
19 -0.07610994185137171 0.24340364185242586 0.9564193055488892 49 51 55 0.24
20 0.13516478008787539 0.2510951697392656 0.9871349688830076 133 134 129 0.13
21 0.09772051971376534 0.2505529961560942 0.9826882834299631 65 62 63 0.33
22 -0.0655506597329282 0.2437185102076361 0.950016462293938 153 147 134 0.23
23 -0.06580150933427172 0.24423618908577968 0.9523078671304861 154 152 141 0.21
24 0.13306982850046287 0.2527115894039567 0.987705281231663 55 51 54 0.32
25 -0.026087544447369514 0.24749559688364406 0.9643529488818043 102 89 66 0.25
26 -0.004483946035516614 0.24804077875282649 0.9639452579685293 55 54 45 0.16
27 -0.10592127368410224 0.24631460386866752 0.9516444145268061 102 101 90 0.27
28 -0.10595282843890286 0.24630487969363898 0.9518008057494595 97 98 94 0.23
29 -0.02799536776900101 0.2547431459328144 0.9599789851985633 152 151 137 0.14
30 -0.10122594968092531 0.3018071873455682 0.9336893085332607 112 112 106 0.32
31 0.008746587742786983 0.10562136223119574 1.0276994466716123 120 119 110 0.38
32 -0.015169456121457401 0.11187937461378743 1.0199282176655202 162 157 150 0.48
33 0.37256048835768435 0.12490520261102822 1.0920182861720797 97 103 106 0.19
34 0.12958569753540602 0.1281240597589158 1.0424545184712564 171 168 156 0.16
35 -0.0015639468728878582 0.1319686211952848 1.01428579332163 75 70 51 0.26
36 -0.026138281725219373 0.1320835698675809 1.0096064489316485 115 110 99 0.24
37 0.11565843712506392 0.18821616260365737 1.0161392345501878 196 171 110 0.19
38 -0.08601433800461149 0.1863231712459 0.9827355112998679 153 137 97 0.23
39 -0.09690976284287697 0.1864168352643982 0.9818130529299529 133 121 89 0.35
40 -0.02908985839763271 0.1940688419943242 0.9943765809241105 52 54 59 0.22
41 0.09001497577474643 0.19740924297937126 1.011787173961016 31 24 29 0.29
42 -0.065422468866576 0.19551580945333194 0.9774355531421324 142 142 135 0.08
43 -0.0017697770692391612 0.24334058716012708 0.9669784385022782 85 83 79 0.2
44 0.09254451526233834 0.25264236567802667 0.9856397616985352 73 71 67 0.22
45 0.06322682622693936 0.2500114673371904 0.9766372400099742 74 71 72 0.1
46 0.028158396919067758 0.24876068756983524 0.9704584798016619 92 92 90 0.46
47 0.13665827326220714 0.26548657304151546 0.9839050512317657 110 109 100 0.18
48 -0.06236136634511635 0.2584421021253632 0.947461442837491 86 83 71 0.27
49 -0.03379214667806615 0.2603292488730865 0.95474193593995 70 70 62 0.21
50 0.27362059337068845 0.30162743236325323 1.0032579208606762 128 128 118 0.22
51 -0.12250588393123281 0.28421659439881336 0.9435401737249965 88 88 87 0.06
52 0.1318109536733213 0.2932077001625517 0.972144252720261 141 139 127 0.19
53 0.23973044855775028 0.30256303302138554 0.9951306123284421 85 89 80 0.05
54 0.0624591853507049 0.08937427045355599 1.04491710437782 151 149 141 0.31
55 -0.07312279302775519 0.19078536643129024 0.9792623703277159 160 160 151 0.27
56 -0.021270599006253037 0.19375297510401082 0.990525008416199 40 39 43 0.21
57 -0.012903557790433656 0.19380410058431483 0.9925766398618365 44 41 40 0.22
58 0.004100629842207841 0.19429048289213766 0.9955798721702482 34 32 33 0.23
59 0.0658588297777372 0.24330106176248786 0.9788495353354447 78 79 76 0.31
60 -0.03983810463850821 0.24043165989244294 0.9622316954251792 136 134 127 0.25
61 -0.022336749387628863 0.24620514087448614 0.9676111601689115 105 100 87 0.29
62 0.08684977144373446 0.2537129516423596 0.9823645891895207 177 160 110 0.36
63 0.08694119668830137 0.25383192834974067 0.9828972976456923 161 145 99 0.37
64 0.03207426143758612 0.08345449340360361 1.0406509253397025 124 116 96 0.14
65 -0.060505436108189196 0.111905084647447 1.0116848289572251 154 151 145 0.47
66 0.1225033128059137 0.12395152914845463 1.0426136134863586 169 166 155 0.41
67 0.19262563262262358 0.20260226582443336 1.0298677880237206 39 45 47 0.29
68 -0.007516396575331147 0.19546551388319938 0.9902003091009464 174 169 158 0.32
69 0.0960283903645354 0.246016298226396 0.9860026613934131 164 170 155 0.4
70 -0.11201961309472562 0.24272488705883632 0.9601388103030426 43 45 43 0.25
71 -0.08048162595576265 0.3000773533753115 0.9373146531598855 33 33 35 0.28
72 -0.08040551028218113 0.30002599806611197 0.9369075890881577 36 36 40 0.2
73 -0.09762799251574206 0.30042336396638153 0.9365443697072761 31 34 38 0.35
74 -0.11196466491436752 0.3114656837783149 0.9270295853604648 136 132 112 0.17
75 -0.05298671217520163 0.12760652299879968 1.006310273856963 150 147 134 0.33
76 0.17221855676369022 0.2596385030654827 0.9917506397823227 139 141 134 0.19
77 -0.014043166165524437 0.08155109569865483 1.0286546787419493 144 137 129 0.26
78 -0.014601562820578298 0.10478255746240045 1.0232824760935049 167 163 154 0.16
79 -0.012583583542172877 0.10865581428696178 1.0214281945892105 121 117 112 0.44
80 0.004916786396779483 0.11061382641044357 1.0251567374357744 172 169 158 0.31
81 0.05112275987239711 0.11294351628818086 1.0337347668043728 198 191 160 0.16
82 0.05112275987239724 0.11294351628818085 1.0337347668043744 198 191 160 0.16
83 -0.030070387562518005 0.10998669800818169 1.0182802531983126 109 105 97 0.13
84 0.020871126207598133 0.11496886597985348 1.0262748311845753 85 80 70 0.21
85 -0.015977156440729938 0.11506173982408621 1.0192482096220548 133 129 119 0.18
86 -0.017003398788645256 0.11718098708295588 1.019004876056618 173 167 161 0.32
87 -0.05373739775616951 0.11637406921206038 1.009511337165957 126 124 117 0.73
88 -0.05959364792851632 0.11677391093882203 1.009977490607791 133 124 112 0.28
89 0.06894377432919518 0.12440791931447838 1.03180935063663 147 146 138 0.33
90 0.025288033783522727 0.1230281410047748 1.02338380504041 158 154 146 0.18
91 0.09500042904987109 0.1300750143758888 1.0333013129305242 171 170 162 0.24
92 0.09834733964853887 0.1302004334788531 1.0351029577308228 134 132 121 0.21
93 0.22053038172363354 0.13581261733023342 1.0599317416254777 120 110 100 0.32
94 0.1361051299367847 0.13413511023146135 1.0405804028504373 165 160 153 0.24
95 0.13656246131264405 0.1340628505104613 1.0424504734633664 162 157 148 0.57
96 0.22072822892742175 0.13818242219383067 1.0600009028004895 156 154 140 0.46
97 0.2206287064787631 0.13818601338005101 1.0598621659232874 157 156 141 0.54
98 -0.10245605643235502 0.12497957375740534 1.004686320408396 138 133 121 0.26
99 -0.04622435461159181 0.1273431607799083 1.0079764770320112 186 178 162 0.2
100 0.06083875482003994 0.15898934982011415 1.017250277342535 150 149 138 0.24
101 0.05729014587523943 0.18472694448027538 1.0071591600820715 152 153 142 0.24
102 -0.06019001278305765 0.18194677677927612 0.9841936726241665 126 102 64 0.16
103 -0.079591390617384 0.1919235442635664 0.9815071874022281 48 44 40 0.15
104 0.13512840814697247 0.24519021585087103 0.9907481060367642 98 94 91 0.32
105 0.02101432792928561 0.24754825846203785 0.975628814772605 136 134 133 0.1
106 0.0616640214982173 0.2631410078234612 0.9717639314886706 104 96 87 0.33
107 -0.10744614270342544 0.2711853497180542 0.9432279366330796 121 114 94 0.14
108 -0.10754411273758167 0.27122929905752596 0.9434364644157618 133 127 109 0.13
109 0.10375599728326909 0.30944805897305894 0.9613598358564293 141 140 125 0.23
110 0.21339197580936625 0.3156324118707577 0.9826854116852604 79 43 37 0.38
111 0.10396484279235721 0.32118942243808285 0.9569764447344449 110 101 87 0.3
112 0.070648101998017 0.08287138180332142 1.0451494924755398 75 76 70 0.17
113 0.06590929548129734 0.08658248305542005 1.0455478131594274 88 87 82 0.28
114 -0.01402823822738432 0.08401127527304668 1.0299979592876747 94 90 84 0.43
115 -0.00316929868935649 0.0907259859490034 1.0303437427658606 112 105 93 0.25
116 0.03245074335666935 0.0920794491076043 1.0377284990970745 183 177 155 0.27
117 0.07682562687319036 0.10210988470568504 1.044121103321276 160 158 149 0.3
118 0.06815839766448485 0.10316095626336666 1.0420039871815636 168 160 140 0.27
119 0.07195599936983042 0.10334876810793746 1.0420010996370503 117 110 96 0.19
120 0.07374041535176698 0.10716816577436643 1.0410017549223205 173 171 163 0.48
121 0.09009410970995249 0.11155907782265749 1.041793856406614 161 163 157 0.32
122 0.13159916558312632 0.11855464933784489 1.0418911276547123 94 88 81 0.26
123 -0.0689850903338592 0.11399830308349546 1.0073774163332112 100 91 80 0.48
124 0.057758910895884016 0.12592918062964875 1.0284606314139668 186 186 175 0.12
125 0.12027875322071475 0.131044226502124 1.0393884973133367 106 105 95 0.58
126 0.06669782777703241 0.129295402212848 1.0289367689266653 101 96 84 0.34
127 0.152595928342714 0.13958377799471894 1.0453498975211402 115 113 99 0.25
128 -0.08617868554946985 0.18019233881502458 0.9845189348593085 194 176 132 0.26
129 -0.09511244697544888 0.1834595061354623 0.9831209504710755 91 79 46 0.23
130 -0.0179799577780928 0.25471793384983266 0.9639424327570952 99 90 64 0.15
131 -0.10018254432194124 0.26031056858124657 0.9492852355250643 88 84 70 0.34
132 0.10114061452844256 0.31622187344372954 0.9585912219082408 98 90 77 0.37
133 0.007770508180907515 0.10185800339433794 1.0289046532818138 168 161 149 0.3
134 0.08126941621019744 0.10596886486182687 1.0432552712455903 174 173 166 0.34
135 -0.08151174734196345 0.11247485249109476 1.0065349131596606 76 75 70 0.22
136 -0.08131181514681977 0.11232832640376443 1.0035671824215722 103 101 91 0.12
137 0.021988387435613498 0.11965677903500865 1.0246697134806932 178 173 162 0.37
138 0.21119556073111215 0.13196127037957336 1.0600640769504643 146 139 125 0.4
139 0.1915857114178948 0.13131340211220446 1.0564586223254004 141 133 122 0.26
140 0.2014378324857331 0.30863185967430656 0.9838082971012202 164 160 147 0.37
141 0.017369784637947923 0.08254075900093366 1.0368697103539815 158 152 140 0.35
142 0.012781736271109588 0.08777266496048103 1.0348252050990023 130 122 112 0.23
143 0.08520879398089908 0.09841487833513528 1.0465736676949506 153 150 143 0.61
144 -0.03108209944409966 0.11467636846152673 1.0173126075709986 173 172 167 0.61
145 -0.1103401654419628 0.265457070267231 0.945734570717812 152 142 115 0.13
146 0.10360020517866964 0.3266196659798808 0.9559645520599419 118 113 98 0.34
147 -0.01696179230398323 0.08981385971795793 1.027293902766247 201 202 200 0.89
148 0.015028265456113814 0.09350872550450617 1.0341803097548277 190 178 145 0.21
149 -0.009159338157128364 0.08791429294245887 1.0299106964170133 174 172 163 0.42
150 -0.040074255936664596 0.10024357679673271 1.0196781179338272 172 169 162 0.8
151 -0.0872877096389793 0.12899979004776088 1.0026065041148022 155 150 137 0.52
152 0.22277216423984414 0.33461169319316597 0.9789310456823643 15 16 18 0.45
153 0.04285187133605307 0.09660317333108667 1.0381755264017267 138 134 113 0.22
154 0.013946152373123664 0.09687875200367471 1.032641811675145 126 120 92 0.09
155 0.02946708447489481 0.09746692225187986 1.0350032100939195 107 104 92 0.25
156 0.08059707120503237 0.10186907720926026 1.0440705541980198 90 88 80 0.19
157 -0.022279477726019653 0.09753891978345532 1.024439139108616 207 201 188 0.52
158 0.07803756631275478 0.10441952839120164 1.043417553372323 128 127 119 0.19
159 0.0780919086958953 0.10439744546941292 1.0434456237805134 128 129 123 0.21
160 0.08487930380785158 0.10454964171651389 1.0436157922708058 132 111 101 0.21
161 -0.02312018759953925 0.10156474142245506 1.023397085987064 185 184 171 0.38
162 0.012049700462463482 0.12982268134477057 1.0173632442274378 147 140 128 0.23
163 0.02803196608612713 0.1901848817012381 0.9983384049540119 130 126 114 0.23
164 0.06948056674590831 0.28316119063174544 0.9663207099319683 118 118 112 0.11
165 0.03605578746900401 0.29516976473324363 0.9551231234054335 125 128 119 0.21
166 0.08764883544526439 0.2987838618958983 0.967465468940001 85 85 73 0.33
167 -0.05602507982182 0.2963867071053647 0.9404044141565703 109 110 103 0.44
168 -0.04297740480016586 0.29730004379271946 0.9424773340927751 88 89 92 0.31
169 0.09927072283276052 0.30150953660602087 0.9641150887733833 89 88 73 0.13
170 0.06912402253313354 0.301221540086977 0.9580285413078344 82 81 74 0.36
171 0.1237774235521936 0.07218238485242934 1.0636594951644356 155 157 155 0.42
172 -0.015007415976469981 0.09537100792823788 1.0276427838899427 113 111 105 0.4
173 0.014956199375341274 0.1852774401768965 0.9982737232400996 114 87 57 0.22
174 0.09912679377384606 0.1938086101035328 1.0106432700388148 65 66 59 0.19
175 0.09909842042898918 0.1938405465534537 1.0105064427321386 64 64 54 0.18
176 0.029048942375464504 0.19184158236852908 0.9974452203845369 73 71 62 0.09
177 -0.036878387303932024 0.1904058803224572 0.9854811074830523 63 64 55 0.1
178 0.09891520560843674 0.29422379203043747 0.9669246135591166 100 97 82 0.34
179 0.0654009122651388 0.2966940906617482 0.9599286586125683 124 122 111 0.15
180 0.07071887898772618 0.2992844466083487 0.9597237748851967 151 155 145 0.26
181 0.17254913094358718 0.30391311603220716 0.9783391077815071 95 96 84 0.09
182 0.12539400011913665 0.19479281945521731 1.016781917350264 145 145 138 0.34
183 0.05441729500159703 0.19275232137445097 1.0042088897547465 141 142 139 0.27
184 0.0677554904927047 0.2868182618403059 0.964344206941722 89 84 72 0.14
185 0.07041537065611012 0.2908999322997173 0.9631124977585861 148 144 132 0.26
186 0.1699974641163948 0.2960051814416119 0.9804422847375008 148 145 136 0.36
187 0.17006004820937032 0.29605835223327137 0.9805086925620651 143 141 130 0.34
188 -0.0993461245837822 0.2931553761503542 0.9368090669312771 100 97 84 0.27
189 0.06810056131719226 0.2975511163902608 0.9600077142040453 92 88 75 0.21
190 -0.1196070619918303 0.29708589972123106 0.9348147439138746 101 105 103 0.26
191 -0.0612722157549397 0.2486513495336836 0.9540633408375906 149 150 143 0.22
192 -0.08619610202069428 0.2837920310215316 0.9428409030933852 114 114 108 0.33
193 -0.06691893462336924 0.2894873973200144 0.9346841072956523 114 118 118 0.31
194 0.031314655484742805 0.07006151061189285 1.0381699141962084 96 96 92 0.28
195 0.03985722209940946 0.09204697600745174 1.0400201640858546 123 119 111 0.12
196 -0.0018729068099164082 0.0935291452830032 1.0303535362650778 156 155 147 0.47
197 0.021225722471055152 0.09527377918932788 1.0341095545259347 110 106 93 0.18
198 0.0437295637437703 0.0986131909201671 1.037169543494918 193 187 164 0.2
199 0.08274088661677925 0.10032375091829052 1.0451745850689427 147 147 140 0.23
200 0.0020946904726313617 0.09996894943902969 1.0281579456897072 143 140 128 0.25
201 0.08649769623205512 0.10333645971926808 1.0430621941941793 169 155 137 0.2
202 -0.016560803657883795 0.1025480375005933 1.0242732508414465 109 108 102 0.17
203 0.018244871596481905 0.10644291649045429 1.0289164649540954 113 110 103 0.2
204 -0.028234545455438506 0.10756738966620483 1.0189851382233466 164 158 148 0.57
205 0.050934765944298445 0.10994706254465843 1.0346402739954443 203 199 175 0.13
206 0.016270042075035813 0.11096821927322456 1.026672636462216 88 87 80 0.13
207 0.039838130465508284 0.1117278103209844 1.0313839592570888 140 134 116 0.12
208 0.07138140212674354 0.11275379878632752 1.0386596047183354 126 116 100 0.09
209 0.09024642070605624 0.113923425869284 1.0414164452590335 111 106 98 0.23
210 0.09017830139956967 0.11396362628299796 1.041229927012767 89 88 83 0.33
211 0.06109622184589857 0.11438220237862423 1.0355385209597852 176 168 152 0.24
212 0.08598588692356379 0.11557020872909572 1.0408893973530482 138 137 124 0.29
213 0.0858808735859872 0.11554631273194231 1.0404370977329473 140 139 126 0.37
214 0.10750648446597383 0.11604176723299746 1.0435511660951302 131 126 97 0.02
215 0.03002797856336211 0.11650094856835519 1.0277966698410554 117 102 64 0.23
216 0.024652880329393195 0.11741977460720404 1.0264870464209577 113 116 116 0.11
217 -0.006531942495192426 0.11785014026145262 1.0201888050191437 134 130 122 0.08
218 0.0857199733754959 0.120893938024987 1.0380260381570865 125 123 110 0.17
219 0.13396786007332054 0.12193892701150717 1.043467676933715 121 106 103 0.37
220 0.132337559774207 0.12361825437773093 1.0425344172433895 66 52 49 0.11
221 0.003523991706794457 0.12240826220649668 1.0188117238084262 113 107 96 0.33
222 -0.061706930064731866 0.12143148527087679 1.0072250173773811 118 113 100 0.07
223 -0.05870870786361166 0.12152523054796359 1.0076649559311597 129 124 113 0.1
224 -0.05870036570923692 0.12152475919052509 1.0076495838321182 113 108 95 0.13
225 0.00661931699438091 0.12272421998770126 1.0190649650784716 95 96 88 0.29
226 -0.05599038858014097 0.1217858675876108 1.0085321444183777 103 98 86 0.15
227 -0.055974805429517355 0.12180309920625786 1.0085295307952027 126 123 112 0.15
228 0.07403984836525053 0.1269614410814476 1.0324262706647322 157 156 148 0.18
229 0.023334014550647538 0.1299172114635332 1.019797278297952 131 124 111 0.27
230 0.06195495569135624 0.13130175204700179 1.0275342989682856 144 140 127 0.15
231 0.13408217408114925 0.13592549457143535 1.0401699090305034 110 104 96 0.07
232 0.08859083937054318 0.13873690855122853 1.0312135141528351 56 44 26 0.19
233 0.1246604666964312 0.15288422857533007 1.0336924625201838 153 149 137 0.11
234 0.12658103075031035 0.15330741001705286 1.0331127290839408 95 91 71 0.14
235 0.09005323551397977 0.15363888344524432 1.0276489693118966 149 144 131 0.14
236 0.1963305141093847 0.1563367284815162 1.0479188761506613 136 120 105 0.27
237 0.13278689538043414 0.15625483569460424 1.0323988413673875 134 127 117 0.23
238 0.0937294978673552 0.1652312310901837 1.0206187110426324 180 188 169 0.23
239 0.06511768741454071 0.1766221885500517 1.0117133262459648 163 170 152 0.19
240 0.05919415828846298 0.18025578222849672 1.0078847015585752 175 183 166 0.34
241 0.057384378672598116 0.18103136347749768 1.0089073319723023 132 138 125 0.2
242 0.1277563848755375 0.18361994154343414 1.0209283372518714 154 159 143 0.31
243 0.0222670332434161 0.1819982871028623 1.0024301051531248 145 147 133 0.31
244 0.0478167949889663 0.18337263009425814 1.0048143001547896 87 62 20 0.14
245 0.047881558865076036 0.1834050041226648 1.0050283867525736 96 71 34 0.18
246 0.045952326171344024 0.1843037513429495 1.0037508476583095 214 191 153 0.23
247 0.059367764343369864 0.18594604894763225 1.0064164899921406 194 200 187 0.28
248 0.05299479940713003 0.18615176412342466 1.0051952362313754 111 92 66 0.17
249 0.11238767842692535 0.1888726131665066 1.0151625754430644 121 93 55 0.23
250 0.11895852422078781 0.1890354120803898 1.016678556100595 137 109 62 0.18
251 0.013915875816527451 0.18760493811665524 0.9967219843080546 98 70 36 0.36
252 0.09484328389248044 0.1907320742374364 1.0104552728694913 172 173 166 0.35
253 -0.02642508551291719 0.18829052617660064 0.9917457680789725 52 55 63 0.28
254 -0.012247707534494 0.18874837839550698 0.9926433890941556 64 62 58 0.4
255 0.02296909695915268 0.1914823994642208 0.998768533182129 112 113 100 0.19
256 0.14435273051058842 0.19502623795225063 1.0205779281637017 74 65 43 0.2
257 -0.08736864491271165 0.1899385570978791 0.982201201376266 104 116 124 0.13
258 0.1624130205275566 0.20063649567708097 1.023219642146628 156 156 146 0.23
259 0.02741353429120547 0.1966493974195335 0.9960149586084516 165 167 151 0.28
260 0.09734543437576257 0.20008194773998375 1.007791006807591 152 156 141 0.29
261 -0.06447029650858167 0.23740050941638455 0.9508900102089823 106 105 102 0.15
262 0.0653349464632471 0.24483274684016365 0.9789954415984945 63 58 61 0.06
263 0.06587034987872818 0.24669375599069246 0.9759833904733205 137 143 144 0.22
264 -0.007014124295525997 0.24753032013853954 0.965173871162737 165 164 157 0.21
265 0.08120313833667459 0.2522226628420054 0.9845033622888069 62 52 44 0.09
266 -0.016660631131445655 0.24889917770774697 0.967215030116018 82 73 55 0.43
267 -0.01182958592174967 0.253069564580466 0.9652315089950977 93 68 35 0.23
268 0.10001411560402064 0.2564837142975419 0.9786860346302219 142 148 138 0.3
269 -0.13253869390221457 0.2516504624736787 0.9526700033401436 99 77 45 0.18
270 0.1358873953230675 0.2599988300244964 0.9838566672113874 165 166 162 0.25
271 0.06608919345907029 0.2577592125615835 0.9725200734240272 164 170 163 0.1
272 -0.0068786306431086975 0.25556094943820395 0.9608860030491824 141 144 138 0.28
273 -0.06743100808809901 0.2524833385179087 0.9446891993387884 159 164 169 0.17
274 -0.060476965107474544 0.253830559959691 0.9517688210878535 146 144 136 0.16
275 -0.03458826953626761 0.25445636736359917 0.953976640677955 154 160 161 0.06
276 -0.03239909946416407 0.25465845933794135 0.9554771902451847 165 164 156 0.22
277 -0.0015861014494250405 0.2556308895289525 0.9601275667474063 165 162 153 0.15
278 0.26969004884967773 0.27370951433190305 1.01235406762729 137 126 122 0.46
279 0.16929861635480234 0.26945428163144614 0.9904242865867074 164 165 153 0.13
280 -0.011522721519959778 0.26454696923998827 0.9621359734796517 60 53 57 0.26
281 0.029161986098257767 0.2648366550143073 0.9654484616217206 142 140 126 0.2
282 0.17609249981363578 0.2711996690086746 0.9912321687232564 106 107 101 0.17
283 0.24116785135433141 0.27449770592894956 1.0056920947737715 115 111 110 0.12
284 -0.00021759623344740816 0.2642953226088921 0.9603086809722108 137 137 124 0.11
285 0.10354823648596519 0.2687347934372969 0.9769878071001449 76 74 59 0.08
286 0.23887005743762743 0.2760238942815938 1.005080125477451 164 161 149 0.21
287 -0.029234649620691375 0.2643513333582793 0.9539196876291558 103 101 89 0.07
288 0.2368113428706822 0.2773455350981025 1.0048168107701017 101 95 81 0.2
289 -0.00270451679478766 0.26677465946021317 0.9572099949907413 128 125 110 0.28
290 0.027988852474492464 0.2691933861197193 0.9635809623247398 99 96 75 0.23
291 0.03382660425525729 0.2698572435239681 0.965349940533207 101 95 78 0.17
292 -0.0008341096387218895 0.2685070834587073 0.958468092780562 102 99 82 0.1
293 -0.035412592985501014 0.2669579660398706 0.9517287933335473 102 97 77 0.2
294 -0.030353929238481854 0.2734543628096599 0.9505087045800629 166 160 143 0.26
295 -0.002792258571182867 0.27575522456011725 0.9564033574547879 146 139 121 0.1
296 0.034005857414111204 0.277040867993915 0.9624613657144588 106 102 84 0.16
297 0.035563368274833085 0.2782638932537574 0.9615343968137808 130 123 106 0.42
298 0.10590523265890261 0.285709829565231 0.9714156141944763 130 126 110 0.13
299 -0.033317929405149285 0.28077149038294624 0.9477250858458375 158 157 146 0.32
300 0.022387172206682644 0.2860853111492433 0.960795271500759 103 101 105 0.2
301 0.020840580947250515 0.28789498592862656 0.9612071382264208 22 18 13 0.09
302 0.07280546921849036 0.2920485228736138 0.9629828012814554 119 116 100 0.2
303 0.20651518685697348 0.30071923067137896 0.9874579557434958 131 115 97 0.19
304 -0.00070922027400314 0.2925049666320348 0.9510745048674535 113 115 100 0.32
305 0.0656462126151442 0.29470763425686336 0.9607482115362853 135 135 121 0.04
306 0.07045052915348898 0.2952173011124803 0.9613071577240598 147 145 131 0.42
307 -0.0008243518409699769 0.29478632069696187 0.9487126643236202 129 121 105 0.15
308 0.034582808424245916 0.2982003303506007 0.9540021237528838 110 107 90 0.09
309 0.10233217451232618 0.30345558178649223 0.962644916566428 102 99 83 0.23
310 0.20721853597549816 0.3115730870930983 0.9825077864070111 77 44 35 0.08
311 -0.033457031505011295 0.3010925842173218 0.9394164599359731 167 162 148 0.07
312 -0.03158741045553302 0.3011339735926588 0.9398304028609313 119 113 94 0.12
313 -0.03143886588208852 0.3040384141273046 0.9385196377805196 128 122 104 0.23
314 -0.03143886588208852 0.3040384141273046 0.9385196377805196 128 122 104 0.23
315 0.21300008791624228 0.3154109674645407 0.9819323352920583 23 19 11 0.39
316 -0.02965910993377951 0.30583256124946573 0.9370251685506683 158 151 132 0.24
317 0.20730017180440952 0.31768759061827667 0.9805032126110297 125 93 74 0.2
318 -0.03154620645003489 0.30654295231118006 0.9374597405345406 119 112 94 0.12
319 -0.03521950927047493 0.30796378044456 0.9361887014144855 108 101 80 0.16
320 -0.0312932224207632 0.3092945135352922 0.9364870509723416 120 112 89 0.16
321 -0.10219192482197881 0.3081075170351508 0.9279835031487529 121 120 105 0.31
322 0.034687377326989205 0.31456864725763556 0.9468092462797933 109 103 110 0.15
323 -0.03104941937634286 0.3153561600810877 0.9344220614034362 99 91 69 0.15
324 0.10491249316606263 0.3248624219052448 0.955907867062964 101 98 86 0.19
325 -0.03281120093004464 0.3219595587870224 0.9313587714152007 156 152 137 0.25
326 0.10215327985492252 0.3284123048578678 0.9537529635677999 122 108 97 0.18
327 -0.0031616476959134615 0.09074995573033479 1.0299960531070482 108 106 97 0.42
328 0.040678565443657826 0.09442877875863635 1.0390580127050733 155 153 142 0.33
329 0.03997331718434794 0.09853144659965654 1.0357984392625097 148 146 135 0.19
330 0.013124311343497974 0.11126051232919715 1.0266013455569565 105 103 95 0.36
331 -0.015871774822986004 0.11288996075544012 1.0210697079023834 147 135 127 0.3
332 0.1291701693062687 0.11611181876808445 1.0423160575834183 107 100 93 0.35
333 -0.02442184172519317 0.11493234716607653 1.0185581692359653 150 147 137 0.24
334 -0.015477362573254631 0.1264589060232196 1.0136701966364243 123 119 109 0.21
335 0.10260713125362335 0.13028619925197707 1.0364584513765425 129 127 117 0.37
336 0.10828401740421933 0.13044079396998154 1.0372176685782557 115 114 105 0.18
337 0.1205493056523441 0.13105304854081368 1.0395267500858658 89 88 80 0.33
338 0.1347472736668852 0.131527007883346 1.0413778616313532 106 101 93 0.24
339 -0.02213384949499191 0.12855347383435575 1.0115871167482586 188 191 188 0.1
340 0.005005964525175602 0.12939235267084764 1.0166421162440942 139 141 137 0.25
341 0.008492812531553361 0.12959693229909167 1.0167895233063504 151 147 136 0.27
342 -0.12044322104719059 0.12767260113246293 1.0027777177726536 154 150 139 0.3
343 0.07494200703888161 0.1313632331236976 1.030667918673226 168 166 156 0.18
344 0.16254913449894512 0.1333062919452217 1.0493991155232298 119 104 88 0.16
345 0.114003147103835 0.13306083768470323 1.0368093460150005 168 169 155 0.13
346 0.114003147103835 0.13306083768470323 1.0368093460150005 168 169 155 0.13
347 0.12337625033289275 0.140355235573243 1.036514251131427 54 45 24 0.23
348 0.16599239790028167 0.14853158559091498 1.043677738747401 124 88 46 0.16
349 0.20189743502789387 0.15160333447107038 1.0507662239776279 203 168 109 0.11
350 0.12878488175140756 0.1607344503489882 1.030418791334043 169 168 159 0.3
351 0.058565889922414745 0.16789944662501005 1.0132545036074352 194 201 190 0.33
352 0.05881959137750054 0.17113107176778253 1.0120298619129304 194 198 188 0.31
353 0.05905240405816716 0.17484358707658385 1.0101952962219478 193 197 184 0.22
354 -0.008500338539880912 0.17627207970536277 0.9960237081597336 168 169 159 0.26
355 0.004343322771003366 0.18428035979222007 0.9967208624893387 112 92 58 0.14
356 0.0426961685510608 0.1861565903703412 1.0032568698284203 121 92 68 0.2
357 0.07510883760808432 0.1900987087162844 1.0108911818158162 46 41 45 0.22
358 0.08993496116131716 0.19187687267799983 1.0119950311372976 70 71 72 0.09
359 0.05093361393712204 0.19179497478489596 1.0029862642875849 78 65 47 0.27
360 0.020710956981750597 0.19113215726123786 0.9980600463425223 118 118 107 0.15
361 0.22954415036364711 0.19958341341576846 1.0385625940240435 155 157 147 0.28
362 0.059819667286644 0.1992107644991332 1.0000178949158913 194 200 188 0.29
363 0.23177899886841316 0.2402849898886674 1.023845660608117 177 178 158 0.11
364 -0.04447210733034649 0.24436537458288013 0.9627127315730294 130 131 136 0.08
365 0.012208796199183155 0.24860790565596166 0.9735068185742938 28 36 44 0.28
366 0.01924535324270831 0.24941879333549052 0.9748679544776525 30 34 41 0.17
367 -0.004622793427568564 0.24810289825071058 0.9646265042766435 69 71 65 0.19
368 0.03167386745836445 0.25673820264850783 0.9661625193746719 162 166 165 0.19
369 0.2027421682927628 0.26627072273839864 0.9984141121092032 146 145 140 0.15
370 0.11836507965795878 0.2658126024660775 0.9838411079464079 78 80 72 0.14
371 0.030658810558640903 0.26224641316257846 0.9658927641605047 71 68 61 0.23
372 -0.01308928101905039 0.2624028166224682 0.9638911350923655 62 64 65 0.36
373 -0.005451408438699178 0.2611535413601387 0.9602302140190564 96 94 81 0.18
374 -0.03830383956695007 0.26045980742238845 0.9547649283214711 94 93 86 0.06
375 -0.03830383956695039 0.2604598074223925 0.9547649283214933 94 93 86 0.06
376 0.01763533388786728 0.2634460167617841 0.967453421617121 73 70 58 0.16
377 0.19464409840919 0.272315030986028 1.0012253671771278 80 79 75 0.33
378 0.09827597900861874 0.26706813258211504 0.9772871447698307 157 154 141 0.13
379 0.09824771954723387 0.2670747545078399 0.9773792812420073 163 160 149 0.16
380 0.10146134308647475 0.26716912280580907 0.9778018291433037 152 149 138 0.14
381 0.1014563473480322 0.2671601349882264 0.9777744248073751 149 145 134 0.15
382 0.10551363636774332 0.26718892625457913 0.97815753977963 136 135 122 0.19
383 0.032037462996236714 0.26476793604341037 0.9657146401839982 149 145 134 0.19
384 -0.03093063654556024 0.26259156039451076 0.9546382952790017 124 124 116 0.14
385 -0.03083654301768634 0.26260245604069304 0.9546548050067889 138 135 125 0.23
386 0.035545268783851496 0.26520456331068437 0.966339209507276 153 153 141 0.27
387 0.046123648675519144 0.2668372313804437 0.9726618915310552 109 112 107 0.18
388 -0.06906189115070499 0.2606429981621267 0.945069202055442 160 154 138 0.2
389 -0.06364387704982867 0.260705061909083 0.9454426127580124 157 156 146 0.04
390 -0.01565785729745335 0.2649055202270087 0.9618939185553954 109 111 112 0.09
391 0.012934994408043085 0.2660977857762497 0.9672030674376128 117 119 114 0.17
392 0.01638516580911943 0.26605929009408036 0.9674824227307257 91 95 95 0.23
393 -0.10636006594637346 0.26175383309327194 0.9462609603282348 147 146 137 0.11
394 -0.10203433216426674 0.2658007331347371 0.9450314958848258 128 131 124 0.12
395 0.03548740739094139 0.2713622605210445 0.9644651318235281 134 129 113 0.14
396 0.03591759095028927 0.275236089619168 0.9638656917771922 125 125 110 0.22
397 0.17166200658847447 0.29020701236743573 0.9835136837155923 124 121 110 0.14
398 -0.10015897709609678 0.2815295928691157 0.9455859166607049 41 46 44 0.36
399 0.24062202241411074 0.29821197861224374 0.9978059192289782 98 95 79 0.14
400 0.03558795913332397 0.288421252023093 0.957531488546935 126 123 106 0.13
401 -0.10328614826964447 0.28426212807872847 0.9370644450674686 126 124 108 0.2
402 0.021558655909106994 0.29087357664742913 0.9613840104381474 72 59 44 0.27
403 -0.029976764531778534 0.28820221398407375 0.9457501976522489 159 155 138 0.15
404 -0.0998779687673916 0.2868872725622877 0.939353021889708 113 110 98 0.23
405 -0.033260908129054446 0.2881947027464833 0.9443116331319383 168 164 148 0.24
406 0.13864840903088843 0.298439869048356 0.972026715858993 137 136 125 0.24
407 -0.03543144910733714 0.29186969535624163 0.942754124664896 136 134 119 0.13
408 -0.03317397507098535 0.29174550321805964 0.9432010811805785 172 168 152 0.2
409 0.015702751136816503 0.2966472855144323 0.9552359117790473 68 55 37 0.33
410 0.14038239503243982 0.3004708436283387 0.971027684370659 164 162 152 0.36
411 -0.09528606326982134 0.2932223614148137 0.939187730059991 107 104 88 0.22
412 -0.03334990415592757 0.29501162139175074 0.9416180454023988 163 159 142 0.21
413 0.09173911860273656 0.3016754091814878 0.9653715074161713 122 122 120 0.31
414 -0.022379237421311423 0.2975980503108319 0.945674667489533 119 116 115 0.29
415 -0.011780647854748255 0.30041522241101487 0.9549625454636455 101 101 96 0.14
416 0.06595568037887671 0.3022375297313951 0.9575919628580345 134 133 117 0.47
417 0.09934623908078112 0.30623541858858366 0.9620760055148343 103 104 87 0.12
418 -0.10892843714001255 0.3002089228152419 0.9314210643825649 112 107 87 0.05
419 0.006671299939212779 0.30664915289781186 0.9442992708393046 134 136 127 0.41
420 0.01712789702846607 0.309364902675557 0.9411608014089852 43 46 43 0.24
421 0.1364574838783519 0.31549833114175235 0.9648737854643243 148 150 139 0.27
422 -0.10561159506341793 0.3080102098380641 0.9289139307215629 108 101 86 0.19
423 -0.03273981434934945 0.31328152937131865 0.9345031702524542 141 134 111 0.13
424 0.10034156115176507 0.3198575283730817 0.9569495734647252 97 90 77 0.23
425 -0.03461767522249815 0.315808982263907 0.9334133221201731 93 85 61 0.06
426 -0.03461767522249815 0.315808982263907 0.9334133221201731 93 85 61 0.06
427 0.13909407951945107 0.32388295633414294 0.9617355906029373 115 106 89 0.31
428 0.10620694043855045 0.322937390220263 0.9566547642967012 128 122 104 0.3
429 -0.03283994054009612 0.31721284783743703 0.9334332116499988 149 141 118 0.15
430 -0.034578647003055595 0.32069908511972306 0.9310701978138742 113 105 85 0.22
431 0.09492541132835582 0.09253168069648443 1.0467196537264443 82 80 72 0.41
432 0.09506428330626424 0.09243748285496808 1.0469396012397265 64 62 52 0.39
433 0.1162099877345161 0.10564520379510824 1.044508761509436 77 77 69 0.2
434 0.05820329354300794 0.1113263153243316 1.0352376073009417 143 139 127 0.36
435 -0.08975670798592539 0.11289425843233414 1.005393555990263 73 71 65 0.39
436 0.13577602810657036 0.11932812136426214 1.0426574039261953 62 53 48 0.24
437 -0.07331174380443978 0.1172996657992811 1.0068831525710376 93 88 78 0.4
438 0.12568917814439634 0.1249786092644547 1.0425730952420265 167 167 159 0.43
439 -0.011801705033672944 0.1264281572548613 1.0140436778462638 94 92 82 0.23
440 -0.007796961511167155 0.1266857334011753 1.015242776310161 106 101 90 0.3
441 0.06675524399121872 0.12934785682582645 1.0284254240500084 90 83 74 0.35
442 0.13186260135966296 0.13371256451681252 1.039995768004179 165 168 160 0.19
443 -0.008726877558293333 0.13163083537221817 1.0134331414763749 95 91 83 0.17
444 -0.03595244807672205 0.18020053181405557 0.9908082910494097 136 131 113 0.44
445 0.011294909547331823 0.18742196330905012 0.99673967235911 97 70 40 0.28
446 0.07685383531106765 0.1938555973897324 1.0087760105213055 130 134 135 0.19
447 0.08078111704746556 0.19397397504280442 1.009934578792811 113 118 120 0.09
448 -0.07958888348044581 0.19192967256984506 0.9813191967582041 39 36 33 0.15
449 -0.011893281969873996 0.2452286407890738 0.9669313412945824 153 141 112 0.13
450 -0.0020895600857017615 0.2463901522198603 0.964574802712658 141 141 143 0.43
451 -0.07043359649369309 0.24548262734180465 0.9500872545853483 102 98 92 0.22
452 0.1999437719736001 0.25865012535890236 1.0033023478781362 170 168 158 0.25
453 0.028165788890338345 0.2532667154606067 0.969435207476779 100 96 92 0.34
454 -0.02780447989108662 0.2545743917588797 0.9585277471241563 115 120 116 0.2
455 0.17092050017355087 0.26693806343891774 0.9913925210669007 112 109 104 0.21
456 0.1787038831627237 0.26739641075979886 0.9939333023561987 88 80 83 0.22
457 0.06663324061179784 0.2629934778334237 0.9720811025349442 96 91 85 0.35
458 0.06667302162869967 0.26303739696091943 0.9723540286458026 97 92 85 0.33
459 0.10007534108100219 0.2641520530648003 0.9776368705556607 99 97 89 0.17
460 0.02766419030675682 0.262174194921647 0.9653930877458876 63 64 52 0.17
461 0.027689684921621258 0.26218880296254204 0.9656444160421033 75 72 55 0.13
462 0.033957615847416224 0.26234176337852955 0.966313159320212 83 76 67 0.1
463 0.03395531781406013 0.26234164800008164 0.9662622072259073 80 73 64 0.09
464 0.08848159552623598 0.2652556249311594 0.9794269891777203 52 50 40 0.31
465 -0.033628102832316265 0.26018722832277114 0.9542106539536368 95 93 84 0.23
466 -0.029264633858665328 0.2603999467577549 0.9560415323486131 84 85 80 0.17
467 -0.10451424509371915 0.2588520388932473 0.9463571649554492 87 88 79 0.24
468 -0.00918003698523727 0.26195091816519883 0.9595215999834786 56 55 47 0.11
469 -0.08419134669237306 0.26036308314374285 0.950947202064089 80 77 63 0.18
470 -0.10021089846188287 0.2605891546188205 0.9501232428536123 53 49 39 0.17
471 -0.08909943511150473 0.2604084363238919 0.950127263538153 87 86 78 0.36
472 -0.1303019979180664 0.26073354099729157 0.9482782232123703 89 93 89 0.09
473 0.16624586743924677 0.27315974698785284 0.98860513804594 140 139 126 0.23
474 0.0014464511619061468 0.27118863795997133 0.9583976346814171 170 164 139 0.19
475 0.0014593956167955732 0.27119860146708946 0.958354508801378 167 161 139 0.19
476 -0.036036856806658656 0.2761767822484597 0.9493492207121069 126 122 107 0.43
477 0.09901646451694977 0.2888070846753012 0.9703444813208119 89 87 75 0.19
478 0.023732035999436223 0.2884181880296424 0.960812279479555 50 46 37 0.15
479 -0.016557937514045704 0.2870716414936617 0.9530591509305923 82 77 59 0.25
480 -0.03551036389657511 0.2884109272032624 0.9432986649518733 111 108 96 0.16
481 0.13175072089642387 0.2972709589819021 0.9702041761409236 157 151 140 0.13
482 0.0014647117072225358 0.2936626360153863 0.9495023622598853 162 152 135 0.18
483 -0.056541114445543696 0.29313863354056763 0.9381545105169375 110 105 90 0.45
484 0.07120675389479063 0.3058562497243529 0.9569314116569914 143 140 122 0.22
485 0.13895017780729402 0.3159919967756346 0.9650818346130905 109 109 99 0.35
486 0.0027360901001826574 0.3102994571657283 0.9410482158442385 118 122 127 0.27
487 -0.10876524667182186 0.3079958532285473 0.9289193978374526 101 95 76 0.2
488 -0.03328324833445531 0.3103836258635113 0.9362907991409138 165 157 138 0.33
489 0.014133575998294531 0.31416636484895605 0.948370678570392 19 19 15 0.3
490 0.025623095495604507 0.3128143901136116 0.9430258203068898 65 63 55 0.27
491 0.13917408733982675 0.3202388916010763 0.9634034772207525 108 98 88 0.22
492 0.13658432559586467 0.32255883021160553 0.9620074288189516 152 154 147 0.03
493 0.06885180486600133 0.31965166816878593 0.9507012388529903 78 76 63 0.1
494 -0.10833644471225877 0.31864573867273355 0.924164282823504 104 97 80 0.38
495 0.06988939744977099 0.32585041759111955 0.9484934285028093 62 57 38 0.2
496 0.05416009377457955 0.12035398148720744 1.0311069267613338 149 150 140 0.36
497 0.13240746061008207 0.12475664109406648 1.0428619480342003 72 67 57 0.33
498 0.16510025808066625 0.13004349719319094 1.051836513322042 125 118 103 0.25
499 0.203990781584597 0.1315673601356626 1.0598358128233887 126 123 110 0.32
500 0.26608973152113186 0.1339101553625196 1.0725489548294656 138 138 129 0.34
501 0.02385294971819761 0.13285065058255474 1.019174163508813 122 112 93 0.4
502 0.021316045167837045 0.13653432519715317 1.0167100359834986 177 156 110 0.13
503 0.11562444290043855 0.18825136600782885 1.0159548215917742 196 174 117 0.23
504 -0.03282415394479081 0.18776489826015197 0.9879047364396724 189 185 174 0.38
505 0.06809979031660487 0.19110367118602703 1.0059434659101107 161 161 148 0.23
506 -0.032008117806556956 0.19360398157614192 0.9863456323812663 151 150 142 0.23
507 -0.019642098633445678 0.2432491665218017 0.9730377085498958 58 53 59 0.41
508 0.013143210315705579 0.24451594849069158 0.9787822865708554 40 31 35 0.27
509 -0.0017763688772095118 0.24322746312341986 0.9669321459015039 99 95 93 0.27
510 0.09228574774098719 0.2567387871066722 0.9821269525910108 87 84 74 0.34
511 0.20609638050247148 0.2685264805375812 0.9993019270807344 75 70 60 0.2
512 0.20622605483569975 0.2685736217758475 0.9995332205215257 92 88 76 0.18
513 -0.058494962516458 0.2591018560507146 0.9507760831651216 82 80 69 0.23
514 -0.001987308196837216 0.2612304535270477 0.960072381653777 98 94 80 0.3
515 -0.002114860192604023 0.26124365854648834 0.9601425163310969 94 89 73 0.14
516 0.06535013610397103 0.27277790638469634 0.9690171230441553 150 148 131 0.22
517 0.2062700152333005 0.28077607255451825 0.9960125635912822 114 109 93 0.23
518 0.20635745055259938 0.28535855334640775 0.99438330868167 100 94 79 0.21
519 -0.082176096354174 0.2765836176203673 0.9328503278586174 31 31 24 0.9
520 0.0018864396905783883 0.28785929982095515 0.9515997784480149 157 151 137 0.38
521 0.273635944983691 0.30159716562724387 1.00329633852025 144 145 134 0.24
522 0.05497336652190487 0.30011812464447857 0.959817745328647 132 130 124 0.3
523 0.009537239832866478 0.2999130523549359 0.9455383631715245 42 41 37 0.12
524 0.009352014406729298 0.30090892078189857 0.9483809329010162 43 44 40 0.26
525 0.10988333829394961 0.31415786766076637 0.9608490324743352 104 103 87 0.28
526 0.027457687525735117 0.31035633276590086 0.9445592835498768 71 64 60 0.27
527 0.0032504504889885612 0.3136163279399488 0.9394165842936204 50 47 39 0.29
528 0.10136987564161468 0.3263024948651313 0.9552144093079825 105 95 77 0.36
529 -0.10499662157720288 0.3216821501304151 0.9236050046888438 140 132 115 0.28
530 -0.10807707898923137 0.3256039976627104 0.9226507284563445 116 111 95 0.24
531 0.36050861430614006 0.10298107586934159 1.1106714208756623 231 234 233 0.23
532 0.11412252877915796 0.11098970113967158 1.0474084957210101 114 106 97 0.6
533 0.06124008749541838 0.1418557263318868 1.0223069621641672 130 104 73 0.3
534 -0.008270720066698217 0.18391991472320152 0.9942580616848363 168 163 151 0.27
535 -0.040027727671629355 0.1877310019233626 0.985103386213775 175 171 164 0.27
536 -0.06448013002031734 0.1912742067025004 0.9799417252845093 166 161 147 0.09
537 0.06392464099466547 0.1997350210062029 1.0030477692597881 146 142 132 0.46
538 0.05298776995154752 0.2605188781346939 0.973913177947976 104 103 97 0.27
539 0.10221867465822598 0.2709208934719292 0.9778214125505653 99 96 80 0.35
540 0.1691424833316173 0.29649940304892164 0.9810785500641258 138 138 123 0.22
541 0.057310529484410754 0.2974564865003528 0.9646516264701344 106 104 94 0.34
542 0.253858796614093 0.30889031378288323 0.9956971354639877 133 114 103 0.32
543 0.20577026482543434 0.30946721821124085 0.9819929354596079 64 49 44 0.26
544 0.023471264920866878 0.30283437268149654 0.9539453907918523 30 32 28 0.33
545 -0.0041770627089642845 0.3012843192919601 0.9457207089195981 142 134 117 0.29
546 -0.0013201300041411903 0.085371102810748 1.0318252480787182 167 164 154 0.28
547 0.015281057094736403 0.09344605771408267 1.0344679520070348 210 194 151 0.28
548 0.10219551367817102 0.1271575459144546 1.0373629779850948 109 107 96 0.28
549 0.20194977745120984 0.1523545207416216 1.0499913941413914 129 106 70 0.11
550 0.059133092199135553 0.19861679333940074 1.0030101031351644 162 171 160 0.24
551 -0.04663393871439822 0.2949855204463396 0.9411556383091004 164 164 152 0.28
552 -0.015140547302741758 0.2970380014611722 0.95030590864644 123 122 113 0.15
553 -0.08247339239422954 0.2948952728327285 0.9369735898927015 158 156 146 0.25
554 0.11404157696257324 0.30467212391488374 0.9647166289453195 30 28 27 0.32
555 0.1142703550433094 0.3048297579057283 0.9654214852476484 28 30 29 0.39
556 -0.04164347842299103 0.2984932485436512 0.9377867848657185 24 23 21 0.22
557 0.07330411194427243 0.3053321937351128 0.95699460358852 105 107 96 0.16
558 -0.041922874604562836 0.3111319123611595 0.9351084095811167 47 47 45 0.25
559 0.06602980125307145 0.1045616302903294 1.038181613671093 180 172 138 0.8
560 -0.021257495717428826 0.1206556140179468 1.0144670235211242 118 118 110 0.23
561 0.013658267039601418 0.26141136028380385 0.9654201097872354 114 110 102 0.27
562 0.10066815549647153 0.11295599856936278 1.0445994984161455 164 156 132 0.64
563 0.06257932490099126 0.1633085971564978 1.0169523561518434 156 151 139 0.15
564 0.1020213998139045 0.27691099772895567 0.9764729025993785 117 112 93 0.35
565 0.10177845492281178 0.27668935759212204 0.9753816938765897 120 114 93 0.47
566 -0.03308258333018393 0.2729804966705231 0.9495591811243655 143 142 127 0.18
567 -0.0005715881435554062 0.2752559945135687 0.9575390774097489 137 130 114 0.34
568 -0.0005732095942742393 0.27526017564577193 0.9576966109384422 141 133 115 0.35
569 0.0012119096834635151 0.30540864877772983 0.9445116283287135 126 120 108 0.79
570 -0.06794196876987868 0.08516903674936034 1.022216824924861 160 156 153 0.28
571 -0.02007135553420695 0.11520054754014535 1.0188088580543966 150 156 160 0.53
572 -0.08778647109750319 0.18310736278597387 0.9836548070749579 110 93 63 0.27
573 -0.04338117950048211 0.24129395522912167 0.9628226129486076 41 40 36 0.39
574 -0.09032570757366606 0.28594036234642234 0.9425198774357317 108 101 87 0.16
575 0.05653939944543718 0.2896051774162938 0.9662548213606847 72 70 57 0.14
576 0.1289351421939409 0.29882822665316144 0.9723078141811604 119 114 96 0.2
577 0.04242498075514296 0.3062247605521038 0.9511772864150428 33 31 32 0.44
578 0.025652895850483977 0.1893693636769793 0.9979815826870835 192 186 168 0.32
579 0.019318549983580395 0.19461336145008412 0.9983256998098552 54 51 43 0.23
580 0.019334946115082484 0.19461828853597402 0.9977365049934765 44 42 41 0.19
581 0.0962701268786208 0.2726196228625206 0.9756594664256395 167 164 150 0.22
582 -0.06190769568160975 0.2930311190534681 0.9354431208097381 112 107 96 0.27
583 0.048069026850545 0.29990686454810955 0.9592449138468458 125 123 120 0.32
584 0.1097325402368937 0.3188342912963135 0.959170804069364 88 87 77 0.17
585 -0.04026847798115474 0.1940408920695005 0.9838503013403659 191 187 174 0.63
586 -0.0981258874330132 0.30063659139912524 0.9376068136281922 28 30 30 0.39
587 0.044808372325849305 0.30394851445109755 0.9545306823894454 19 19 17 0.48
588 0.04480311268474935 0.3039589993221592 0.95449720111482 22 22 22 0.4
589 0.05757767908187047 0.30335107747868173 0.9563438788662738 40 27 26 0.41
590 -0.08047361926865716 0.2499200090648654 0.9620994945303162 78 73 84 0.16
591 -0.06706652430493346 0.2711979657829236 0.9425604386100284 172 166 150 0.24
592 -0.04067150916032346 0.1218083753216289 1.01163231265184 127 122 110 0.26
593 0.02861182536684766 0.1936793359953368 0.9965062793135024 171 173 161 0.28
594 0.13511030121535234 0.2683358841231734 0.9830860640831127 158 156 147 0.15
595 -0.1040156544285906 0.26341912571118165 0.9456710116545608 97 95 87 0.11
596 0.10625822713413655 0.32288227604719255 0.9565876720981621 139 133 114 0.35
597 0.15977475726505316 0.34918410641022224 0.9605067560588931 51 52 51 0.34
598 -0.045973767087105905 0.12731678565952775 1.0075534844080085 178 171 157 0.19
599 -0.036848448409885534 0.23716185772779574 0.9637503938006323 97 92 81 0.25
600 -0.016693713946362272 0.2924120843317132 0.9509361555051137 124 114 99 0.19
601 0.06808139296251597 0.2975446486814731 0.9599867426174673 95 93 76 0.3
602 -0.038069847089354986 0.27913923232388294 0.9465295139652014 162 157 145 0.21
603 -0.10288722033266855 0.3207341863602283 0.9252876464062738 114 115 106 0.18
604 0.03182509792117931 0.2778019004881247 0.962412085881031 120 112 98 0.43
605 0.051071908273492846 0.30617007999761087 0.9530682654299673 51 50 55 0.53
606 0.03534469341250451 0.30833729022743017 0.9477451392413521 134 134 129 0.62
607 0.12357024469975868 0.13331671979393783 1.038739092582433 168 162 146 0.25
608 0.339112338739091 0.13340388593446104 1.0877472298067608 73 72 55 0.25
609 0.16143805459394603 0.19658047665822873 1.0246644965930443 174 175 169 0.24
610 0.09579424896035603 0.25759396632642584 0.9812588860424848 180 179 174 0.3
611 0.14584262677123416 0.2661118264101195 0.9851788557575951 92 84 84 0.19
612 0.03205780790600568 0.3150170919093344 0.9428758004403468 49 48 41 0.31
613 0.037859166575115864 0.315605416007035 0.9450987068072059 36 34 25 0.21
614 0.11941785631286983 0.29459248515428965 0.9734106722260343 147 140 120 0.2
615 0.0259500699514576 0.24511136157244479 0.9757685157527624 177 180 169 0.41
616 0.0019530333128307 0.2543582166176937 0.9630682516562884 141 142 138 0.23
617 0.06793125009853367 0.27597950152708106 0.9694879297766181 149 147 132 0.39
618 0.09762432597829254 0.1653323174569237 1.0243926987264391 197 193 178 0.5
619 0.03984712846403363 0.0920651395232921 1.0399893406773801 137 135 130 0.15
620 0.0018062327715730323 0.09804832289430607 1.0288715951375715 119 111 102 0.18
621 0.03527010594426305 0.10438372721294079 1.0334495782305415 132 131 123 0.12
622 0.08801281444001376 0.10835387643225802 1.0444674868786734 176 165 152 0.2
623 -0.015978803134211503 0.109621636406329 1.0223394270611539 179 176 168 0.3
624 0.06953801908078965 0.1118918961807171 1.038786396393807 177 162 145 0.04
625 0.07136490444635746 0.1127810902610002 1.0385576125670264 142 129 115 0.09
626 -0.02267896344730625 0.1168499920630155 1.017393065348237 122 120 113 0.11
627 0.06507173173505004 0.12032984343747122 1.0334605141771245 156 153 134 0.18
628 0.023400761115387737 0.1532849351051942 1.0117792100771816 175 168 159 0.26
629 0.1659864091603156 0.1579734041352545 1.0397130053945909 141 136 123 0.13
630 0.20223839903939264 0.15949462728462555 1.047378934022472 152 142 127 0.09
631 0.02121043119647056 0.18402333224528164 1.0020462673976467 167 163 141 0.27
632 0.018950478845580643 0.18470383312454947 0.9993226762456117 128 106 75 0.19
633 0.04902041544291621 0.18656278515353347 1.003931101222519 134 99 62 0.33
634 0.021005439560658846 0.18965839454332306 0.9978645531886888 154 155 142 0.06
635 -0.05893151316104428 0.18947714188300518 0.9823549962690766 137 140 139 0.23
636 0.07144566193553649 0.19234259281543312 1.0087217900264573 82 82 88 0.24
637 0.12340915872614407 0.1960112057451657 1.0171589345690333 107 106 107 0.32
638 -0.05282635821558834 0.24595529016356413 0.9610259188935246 42 42 44 0.17
639 0.008768205767582235 0.24925127124309834 0.9749798739794476 47 51 56 0.12
640 0.1889078382346331 0.26181998256261524 1.0019181401051374 69 52 38 0.14
641 0.2386956848023608 0.26805524935795977 1.006357308760664 134 131 133 0.36
642 0.17555416126440848 0.2740415558570398 0.9903602370904874 125 123 113 0.17
643 0.07243472065574647 0.10006837006404125 1.0438298993054222 153 152 146 0.06
644 0.030337763717424783 0.10311663405887565 1.0332390793698654 135 133 123 0.21
645 0.09070951649307728 0.10451167945133465 1.0440874761314647 160 159 153 0.44
646 -0.017818012065641393 0.12831465703679218 1.0116870246729217 200 194 179 0.33
647 0.24196314244259015 0.12906338122422384 1.0678903236191188 77 76 66 0.3
648 -0.07603344648572524 0.18435995989960538 0.9792505014177357 134 135 134 0.23
649 -0.05749321223614867 0.24381055206129287 0.9599351522616394 149 151 152 0.18
650 -0.03135319229590918 0.252385581704721 0.9561640169808666 138 134 121 0.27
651 0.10405521044777838 0.2563842331873425 0.9799732954639194 159 158 149 0.12
652 0.09405634793335357 0.11945323674257312 1.0396980379020644 176 174 171 0.22
653 -0.10940630018687707 0.12235415042973044 1.0058448258082548 148 140 127 0.13
654 0.1475547407746143 0.13249274952363121 1.0462899656371996 97 87 78 0.27
655 0.0687194712715927 0.18486635566184303 1.0102275442765036 168 168 164 0.37
656 -0.04774962585627131 0.24474357665111213 0.9635812798799533 130 128 131 0.11
657 -0.11762196674301219 0.2593860918744469 0.942148370798512 44 41 32 0.26
658 0.04300555165041946 0.10143928067006636 1.0363388125720228 161 152 132 0.46
659 -0.04082209462657406 0.11769374531878321 1.0076673633233766 139 131 120 0.15
660 -0.011304571084599811 0.22726414554994528 0.9807613306013765 70 62 60 0.16
661 -0.010377970138251539 0.2310493005670992 0.9776738809081785 75 70 61 0.27
662 0.036434690620831156 0.24649720045460982 0.9742784096576093 147 143 130 0.28
663 0.1543642575404338 0.13532712257433735 1.0458055299962765 162 159 142 0.43
664 -0.07882967893757824 0.12457478021247104 1.00315963116129 100 91 77 0.33
665 0.1236873854783647 0.1333164176667951 1.038972334669493 151 147 133 0.23
666 0.05839564582733044 0.15994009807931947 1.014949406618986 188 187 166 0.25
667 -0.13009719809707548 0.24957576906573314 0.9522554462982062 152 131 97 0.49
668 -0.025177973965493546 0.25344384363508354 0.9627384811518682 131 110 70 0.18
669 -0.09482070529121604 0.1829239655684616 0.9807788574445038 96 82 50 0.05
670 0.18714835067189686 0.19830799422137224 1.0320095047634799 105 110 112 0.11
671 0.1924994209492637 0.26174789717275826 1.0025420927305897 158 140 89 0.3
672 0.21574242159808737 0.3084630365974783 0.9855312227679126 46 29 25 0.52
673 0.2138786055346495 0.31117324108077266 0.9843567939576088 63 62 56 0.12
674 -0.006460854360590312 0.24322429346079563 0.9682702165745347 147 145 137 0.4
675 0.26511041456503615 0.30154331665340733 1.0034844645271968 53 54 44 0.41
676 0.19791378871586776 0.3095432560898993 0.9890701099597791 22 22 16 0.3
677 -0.03458703387458631 0.2383333627485011 0.9553689459984956 70 71 80 0.4
678 0.03757969943511751 0.2804309340705044 0.9626929219041468 124 120 103 0.35
679 0.1388953319192455 0.2584982513046364 0.9857444018382289 103 110 98 0.18
680 0.0679872493230569 0.27600224705036963 0.9697090784608631 145 137 124 0.44
681 0.12114580538247707 0.3087914372005379 0.9655937026643097 34 41 38 0.61
682 0.0534393919353796 0.11143428023862226 1.0346885057266293 156 157 148 0.24
683 -0.10052608268703916 0.12728206275239595 1.0039477581036802 178 178 176 0.36
684 0.023198956860869934 0.26325716867985965 0.9663277862186961 46 46 37 0.31
685 0.0844151269272197 0.10237164906773401 1.044058639581644 112 112 106 0.22
686 0.07192170866090712 0.11018402462664767 1.0387834389359767 176 177 168 0.13
687 0.11278294262995307 0.1178186923232679 1.0437206785755981 130 130 120 0.23
688 0.11984621986202872 0.12500242343300408 1.0434676957854125 180 178 169 0.48
689 -0.005396654058046006 0.12878771411446865 1.0148344240107503 177 176 172 0.33
690 0.09343753137492106 0.15550349619331014 1.0253631234042824 178 169 154 0.33
691 0.06125773726438374 0.17370285414230355 1.011479086349374 166 166 156 0.27
692 0.06954353657825606 0.2808077121623565 0.9669473142557439 154 150 134 0.08
693 -0.10184382056742007 0.29829111237209394 0.9379818072636933 144 143 132 1.12
694 0.10371769282366299 0.30947579438861345 0.9614409378090726 146 144 126 0.22
695 0.06710819267826278 0.3238411770377022 0.9486026082778786 133 127 115 0.31
696 -0.09015594877047946 0.2858648359668922 0.942095816082587 85 81 66 0.16
697 0.06784367432225977 0.2907222803861522 0.9627110192930551 101 96 83 0.21
698 -0.008186227343538362 0.10807268531403488 1.023254646568173 138 132 120 0.27
699 0.0862113416274769 0.3079775611000143 0.9576722765845139 67 79 75 0.41
700 0.2619684289173151 0.13736569899736006 1.0701891184254941 88 85 69 0.16
701 0.30654113832160707 0.14443306538343456 1.075932641801099 82 77 65 0.19
702 -0.0734199394109467 0.18163137143288127 0.9802912222416799 134 134 133 0.22
703 0.021430758305725384 0.2449448681370605 0.9784483879974791 60 60 64 0.14
704 -0.039510642154077354 0.1044644492631222 1.0181492272387676 152 153 146 0.19
705 -0.11292077521077146 0.16667854461212983 0.9878328574680046 137 138 131 0.13
706 0.06864267720708832 0.19977139796163723 1.0028494759958657 154 165 154 0.15
707 0.24244681842657842 0.23062352309770287 1.02827398262375 138 123 96 0.23
708 0.27300629062507403 0.2946715668857205 1.004789381135684 118 116 110 0.32
709 -0.06201825507191976 0.28485324191614686 0.9390331044629044 107 101 85 0.42
710 -0.09209406006350934 0.18339835723154607 0.9864802745162597 89 79 61 0.15
711 0.02544815576418071 0.19674764513574367 0.9955291926513805 182 178 168 0.23
712 0.06290057059896187 0.29897757860804164 0.9593056678113514 134 129 111 0.45
713 -0.08448742709988835 0.1848581399306905 0.9850528283194798 152 135 96 0.62
714 0.011631339140185933 0.19499611223664706 0.9947009173152842 29 31 29 0.47
715 0.07861832071577243 0.1189304612418383 1.03795242320988 151 150 129 0.2
716 0.07861832071577243 0.1189304612418383 1.03795242320988 151 150 129 0.2
717 0.16447784471003482 0.15150319698126483 1.0425946016410752 177 153 94 0.15
718 0.057843437386930686 0.19106310523500367 1.0039141458371252 140 158 160 0.16
719 0.16761362455175402 0.15946326777742115 1.0397625286115333 202 205 191 0.16
720 0.12064526575586465 0.18885717622908796 1.0168414207666234 220 193 145 0.4
721 0.08480106196683913 0.2510232988690925 0.9853449407443273 177 165 135 0.27
722 0.08964891316042597 0.2524525855544609 0.9841155608756447 114 91 63 0.22
723 0.07269144848275993 0.2580578565939901 0.9744840690354262 129 134 140 0.15
724 0.231917468160289 0.21844812267467534 1.0300658505025067 190 187 145 0.09
725 0.060521721881095954 0.26910924749371473 0.9704206014388983 147 147 141 0.34
726 0.09245979297455036 0.2611994819127627 0.9790336721737428 46 47 62 0.29
727 0.2072784462681176 0.2741055321376483 0.9974259520229403 153 150 145 0.09
728 0.22455972021962015 0.30044640627574243 0.9969706943522351 89 62 57 0.26
729 0.05962209745184399 0.11313854708362013 1.0355508958691706 182 166 144 0.22
730 -0.05641999844170216 0.18361223795730722 0.9849018859056556 146 118 86 0.17
731 0.08372641476769051 0.1293050414682484 1.0327994832289629 156 155 148 0.36
732 0.12932788526275238 0.11950487135821224 1.0433756288226028 140 125 114 0.21
733 0.05497530877579034 0.15504666432929018 1.0194033840593377 151 149 140 0.33
734 0.09143349728621236 0.15177923330133458 1.0266772228151917 129 118 106 0.09
735 0.016867957390469812 0.18541602447070687 0.9989736057138303 195 175 151 0.3
736 0.016706134410728327 0.19221263657426998 0.9976086754545389 99 101 107 0.22
737 0.12680719755901823 0.15320904064318205 1.0337320112027453 99 82 66 0.05
738 0.15929795534929697 0.14250272867032507 1.0459743486713944 74 53 36 0.29
739 0.037346275804342986 0.1889046150746588 1.0016891333608 114 99 74 0.17
740 0.047117985260117456 0.19208213155000406 1.0018936864875994 70 61 65 0.22
741 0.027776127013865216 0.2007048701278935 0.9950307676841542 164 172 153 0.11
742 0.2048707870089662 0.14523685077445692 1.0521371774153536 130 98 57 0.28
743 0.11890562527753441 0.18908354678251812 1.0164206945526582 151 124 81 0.25
744 0.024098675119902234 0.22496123293081832 0.985780388758842 123 106 80 0.19
745 0.11956918080381584 0.19185993667153692 1.0157575814151194 192 169 115 0.07
746 0.060029382293907675 0.2172963942017206 0.9943502065450042 192 182 128 0.05
747 0.036095584616629706 0.2518862223442958 0.9698318986926808 113 119 117 0.25
748 0.09177877994652713 0.24739185324699214 0.9896983636287681 52 48 54 0.13
749 0.027667126142733388 0.26630980524142134 0.9631885384740585 68 61 50 0.07
750 0.05622724472030497 0.2589923004702164 0.9783525872476658 126 127 133 0.04
751 0.05622724472030497 0.2589923004702164 0.9783525872476658 126 127 133 0.04
752 0.03376943629045017 0.2698246101135693 0.965062425618986 94 86 70 0.13
753 0.09964416392672544 0.25018795016551587 0.98008088646366 134 133 139 0.17
754 0.0855276825693126 0.25631291295948216 0.982886597193136 132 115 82 0.19
755 0.03388133780183397 0.27327685864662404 0.9631947007795464 110 108 92 0.15
756 0.03578394694931441 0.2857107561124874 0.9587827163956998 170 174 156 0.33
757 0.17387992494809726 0.27248335670748114 0.9902050475642732 166 167 158 0.32
758 0.09719626506626529 0.3007864210097868 0.9636129191709354 169 175 157 0.13
759 0.16556355828101987 0.29313203461029996 0.9824159923903315 128 126 120 0.32
760 0.20426502242249445 0.2874431011540617 0.9934307620696279 168 163 148 0.23
761 0.22735569363980215 0.29854768434489454 0.9993583089415456 121 103 100 0.23
762 0.2274554950525545 0.2985938168714216 0.9995335372731354 110 87 85 0.29
763 0.2163079686634164 0.3060408119936789 0.9865870202327552 137 112 110 0.2
764 0.07165087450687681 0.12220095720268129 1.0349485311358948 181 178 161 0.43
765 0.07699272862551493 0.12706986531993825 1.033208732242482 178 176 166 0.18
766 0.07696963516552457 0.1270216533538418 1.0335228407591686 196 194 185 0.28
767 0.0969154857016132 0.1495272662851447 1.0273136904495608 182 162 109 0.08
768 0.131525113339185 0.14191834014653693 1.0361477115123627 197 175 122 0.06
769 0.131858917554781 0.15102669673617836 1.0336252993839206 206 182 124 0.21
770 0.16259599861321808 0.15520743103758333 1.0416288255716801 93 76 59 0.12
771 0.09527593608180539 0.20239522539216298 1.005836669185859 205 211 198 0.32
772 0.026205527705251853 0.22992942007019612 0.9828364405975974 193 183 133 0.13
773 0.21929797098708065 0.19323175471749027 1.0375519627880392 182 147 96 0.19
774 0.01941405967159975 0.26130756762650337 0.9687587581384295 106 100 100 0.25
775 0.07052601319214015 0.2508385986324223 0.9774669593399135 110 106 102 0.19
776 0.054454175109271225 0.2580452529570874 0.9794985784988176 41 34 44 0.24
777 0.06104631830495889 0.2661010962397495 0.9721327510912481 150 144 132 0.19
778 0.23815774208019025 0.2506023401669582 1.0144199803737994 89 80 84 0.2
779 0.10601978869961401 0.2877213875204519 0.9702391099473272 137 139 122 0.35
780 0.2395699434956254 0.2563473002493193 1.0116555985461864 140 140 144 0.1
781 0.16429348934337268 0.29354387641811486 0.9847796804907046 128 124 117 0.21
782 0.2574089718591162 0.2724049457949627 1.0159733478216044 69 56 59 0.3
783 0.2186421800546559 0.31584987131924175 0.9835151966476026 63 25 18 0.24
784 0.25769354001877126 0.3163227907540283 0.9927379357464065 92 95 99 0.37
785 0.137509733207639 0.13692154617412222 1.0403469985658076 93 75 69 0.1
786 0.021066510513215068 0.24754768194092525 0.9759613245969092 108 106 116 0.12
787 0.031021795807357085 0.24715804236554623 0.9691536182123528 145 150 148 0.09
788 0.031150276079632895 0.24725049098213153 0.9699274680647126 145 147 143 0.17
789 0.025985788145779728 0.2692179844641164 0.9635655460026357 156 155 129 0.14
790 0.09685032479410582 0.26406362217281976 0.9769517390297121 87 79 77 0.13
791 0.20644977152676625 0.33235698104903777 0.9750208784486162 130 88 71 0.31
792 0.05471316121283906 0.1962617567665482 1.005887915400809 37 27 36 0.27
793 0.07262823664066703 0.19706609048354562 1.00678684586963 27 23 30 0.21
794 -0.010666293262026835 0.2357092086779922 0.9714499656634431 82 68 64 0.33
795 0.02579407030956112 0.25545443687798997 0.9704497714664305 160 172 165 0.13
796 0.02302084524510497 0.3107912560677284 0.943777946366491 56 48 52 0.3
797 0.2140862643442206 0.2749067700424916 0.9979597938305045 21 16 19 0.29
798 0.10607302972962794 0.30537515043756747 0.9669366140035824 139 143 128 0.42
799 0.0032636970589906274 0.2432912477550975 0.9683877029156875 166 168 166 0.28
800 0.013747522544759765 0.29900163344529296 0.9548168977242677 128 138 137 0.43
801 0.19430525350873856 0.25035055781905097 1.01197943501246 46 38 46 0.29
802 0.20782342452200406 0.2597178843797368 1.0022863610170778 140 143 141 0.28
803 0.17206898920649688 0.2791516685719459 0.9887064583422686 155 164 147 0.23
804 0.2052122044019662 0.2813130805509619 0.9949559814203764 105 98 89 0.45
805 0.2052122044019662 0.2813130805509619 0.9949559814203764 105 98 89 0.45
806 0.04307157219900988 0.1191895041195373 1.029240182643258 146 139 119 0.27
807 0.0290575441340338 0.15198310510691115 1.0133466618010987 136 126 106 0.06
808 0.09570274648793532 0.15454670591629852 1.025466488263328 146 138 124 0.25
809 0.1282406397899935 0.15482415773353822 1.0320034490914487 168 160 145 0.09
810 -0.0030881295914344086 0.15858475649161377 1.0051315053685865 161 163 155 0.15
811 0.09130784919036414 0.18001540788069453 1.0164522950044597 191 193 188 0.18
812 0.09761727173700722 0.2033980664497078 1.006110870991256 159 164 164 0.28
813 0.022761835377412793 0.249203188441657 0.9751368785382111 50 52 59 0.14
814 0.01575082091733388 0.24934702381107965 0.9751477137814883 37 39 44 0.09
815 0.01225613168811405 0.251768250081307 0.9733415222097818 50 51 55 0.06
816 0.019254550833808455 0.2518453838238405 0.9746297816969557 41 45 50 0.08
817 0.013947469757140963 0.25283297498778945 0.9720994370010718 134 137 143 0.16
818 0.09068165137906103 0.2630735473481225 0.979240503540766 111 110 104 0.23
819 -0.103875370115852 0.27483751111928634 0.9415279923971994 157 151 135 0.04
820 0.14613166324811036 0.12070947726141115 1.0464420780667418 67 64 53 0.31
821 0.06263885413959346 0.12152352328188763 1.03278538230654 195 195 191 0.25
822 0.02067414682130352 0.12270530213805124 1.022456307744107 158 159 152 0.14
823 0.07336644193434287 0.12917743181974684 1.0304043006941797 147 144 134 0.23
824 0.06813671626574885 0.13160497968683604 1.0287703883120443 179 180 171 0.12
825 0.08005635803986615 0.13157662172463327 1.0316931209890685 187 183 173 0.48
826 0.0007346183637668314 0.19950383504602304 0.989495521349101 181 183 187 0.06
827 0.010401599258608256 0.24695164157042532 0.9734101878991533 126 127 139 0.11
828 -0.01714357875484496 0.2620935719710414 0.9620899276846375 94 92 78 0.21
829 -0.03829269046511505 0.2861304527349355 0.9437881222194251 192 184 170 0.35
830 -0.10488674399581072 0.3176773641631309 0.92560862689361 164 159 146 0.26
831 -0.039267676216840505 0.10467148626823654 1.0185850723189105 192 183 170 0.25
832 0.020573402735687703 0.21210167142375566 0.9914387653119665 67 64 64 0.19
833 0.02096804166019118 0.2286734580256288 0.986286620674024 48 48 49 0.13
834 -0.09467051154845531 0.2604217707261611 0.9506080838117202 90 90 82 0.16
835 0.06389855918913752 0.1953491404952273 1.003057674186233 146 144 138 0.38
836 -0.0028839378944756277 0.20652470269733816 0.9931549666607707 205 191 153 0.15
837 0.01818986944381007 0.10643942644296071 1.0289081987698059 107 101 92 0.21
838 -0.022303670486598696 0.1285024055836628 1.0117905955196003 182 185 185 0.14
839 0.029155287021366084 0.1519316882299061 1.0138116251898406 152 147 132 0.2
840 0.027364515264017397 0.15332734972154533 1.0125859471621006 166 158 137 0.09
841 0.16630618377195233 0.13596042871761732 1.0491467772367769 149 144 132 0.22
842 0.16700492606945538 0.14581480362984936 1.0435338577264812 106 87 57 0.19
843 0.02682727386800789 0.1727683819706786 1.0057814310055946 157 155 141 0.31
844 0.016867957390471245 0.1854160244707128 0.9989736057137718 195 175 151 0.3
845 0.03464701279558089 0.29815472459542136 0.9539306406658382 123 118 101 0.12
846 0.136940835263623 0.306730193855187 0.9681474064848249 161 163 152 0.21
847 -0.014738308161386398 0.1046004843514019 1.023742191134065 180 171 163 0.16
848 0.23907203432798377 0.13619724245306758 1.0659474221590977 98 92 83 0.13
849 0.14008746095698624 0.2684398781050586 0.9834720852359444 171 169 158 0.22
850 0.0992364954781209 0.2827898527195536 0.9714843487848956 108 105 82 0.35
851 0.23227595062655085 0.29613151827945405 1.0011647539599502 85 88 80 0.39
852 0.17432322593886865 0.2948662904302124 0.9818905490549369 162 158 145 0.14
853 0.17506281521017555 0.3011233798813425 0.9796671882643991 167 165 152 0.15
854 0.14232671705273203 0.3016125891638787 0.9706117326291668 140 138 124 0.17
855 0.1365745465707497 0.3102030294738696 0.9668078246393598 164 164 152 0.32
856 0.14526162962723324 0.31910490676999775 0.9642735593007487 153 156 148 0.24
857 -0.01585861103452571 0.09815950424486594 1.0235376289576157 185 182 170 0.64
858 0.060877094569669644 0.09311864654397833 1.0442320934841387 128 126 117 0.3
859 0.08078234647224296 0.19406236585368014 1.0095646632272983 155 159 157 0.26
860 0.013663357755117374 0.2608265402433565 0.9661304505541444 125 126 118 0.3
861 0.0338220270554099 0.28711925424136875 0.9578353148359395 103 103 98 0.14
862 0.008047184073793748 0.11897261344450241 1.0219430891009555 165 163 153 0.23
863 0.09315913849400691 0.26555176322867496 0.9792895956026766 49 47 38 0.14
864 -0.03576097170929268 0.28261055059311974 0.9474899399980714 150 142 119 0.4
865 0.05063964850986851 0.28891584410469034 0.9642781191739478 64 62 48 0.26
866 0.004004934368626753 0.3036671150096945 0.9469455270972917 144 139 119 0.2
867 -0.004743730165043943 0.30615762631594795 0.9384463458981678 153 143 131 0.2
868 0.0688030737552739 0.09202383239136375 1.0456059376406277 164 159 153 0.25
869 0.09648701961130123 0.27945855935444325 0.9728492453327124 159 156 146 0.31
870 0.02325086898662784 0.28281861500551553 0.9623102176473171 41 37 33 0.23
871 0.12755955275310285 0.2850201931822098 0.9762266090688199 62 67 66 0.4
872 0.019133723559196448 0.3069958375017741 0.9537523468392141 51 53 52 0.23
873 -0.011895708806774732 0.2109159860131526 0.9868461544726651 60 52 47 0.2
874 0.2007168687513965 0.2777047966323278 0.9965306573334022 163 163 157 0.6
875 0.23584298651162522 0.19161340723630013 1.043993818617846 149 152 148 0.27
876 0.03484544855278922 0.3079211547860151 0.9463373761728756 138 133 124 0.31
877 0.06877921254490482 0.30960812019841716 0.9523129668644743 111 113 98 0.36
878 0.0329255247432427 0.25232302242866994 0.9732406563098625 139 136 129 1.05
879 0.08455456967737587 0.27820529848575787 0.9781764383147555 43 44 43 0.32
