# 3D point list with one line of data per point:
#   POINT3D_ID, X, Y, Z, R, G, B, ERROR, TRACK[] as (IMAGE_ID, POINT2D_IDX)
# Number of points: 708, mean track length: 6.43
0 -0.023652895078193525 -0.2669971235098225 0.7011788160187578 101 95 91 0.31
1 -0.004943085762446358 -0.2513314943231006 0.7104650488423381 71 69 65 0.25
2 0.09519734319600957 -0.07522377592894652 0.6474987641421922 112 111 104 0.16
3 0.011432098107465802 -0.044157040056756316 0.6358112057209538 74 76 74 0.17
4 0.32201683788150737 -0.04340046798836578 0.6654368220414775 54 51 46 0.24
5 -0.14164420241642656 -0.03304171077661074 0.6649612466569556 130 128 123 0.18
6 -0.05087712789395889 -0.006606789294746521 0.6614509277784165 86 79 70 0.68
7 -0.07817684147228689 0.040428456682347826 0.6383970381486546 128 125 120 0.3
8 0.31584557510363687 0.044139194812041545 0.641532839089675 91 85 76 0.39
9 -0.03342861379328747 0.04046100669942057 0.596936708393956 107 102 94 0.34
10 0.09835534748965664 0.04460033477979249 0.5981200272195323 134 132 133 0.32
11 -0.03350155570324978 0.044511014487103734 0.5950224776614069 113 109 102 0.23
12 -0.03350155570324978 0.044511014487103734 0.5950224776614069 113 109 102 0.23
13 0.096083449948032 0.05813631278121513 0.5946582280942198 72 69 60 0.22
14 -0.17683179615244518 0.06775597986180049 0.623620269093017 77 77 82 0.29
15 -0.13027898222050033 0.06814219044545872 0.6252795898157426 53 49 40 0.13
16 -0.12128861188227491 0.07580291750397912 0.616786692549774 128 125 119 0.29
17 -0.037562019752434485 0.07355508433857255 0.584916395225698 36 32 23 0.08
18 -0.03752130734185321 0.07352317207773204 0.5850783808750526 41 36 25 0.14
19 0.08010313890362113 0.07854599336664318 0.5892857994551861 68 66 69 0.3
20 -0.13266072300632192 0.08692667269190868 0.6199593128661819 100 98 94 0.28
21 -0.028215447782885733 0.0854525755032305 0.5796663753374981 24 22 16 0.22
22 -0.08188717246443661 0.09300540716085728 0.6178720781695017 122 118 113 0.32
23 -0.03581390870959209 0.0897118102690234 0.5845414974834166 61 58 50 0.13
24 -0.011630784002259146 0.09616455205387157 0.5816890785919668 40 34 25 0.18
25 0.0758179275149545 0.1020355513397422 0.5841366181560641 103 98 91 0.09
26 0.08077360562478296 0.10480926503800408 0.579002387318567 127 121 112 0.21
27 0.09001468980363904 0.12052740399766657 0.5781630566114626 117 113 113 0.12
28 -0.02208639470865615 0.1270499407528901 0.5692679117575786 55 52 46 0.24
29 0.2083416050675051 0.143012814116469 0.6055842070602535 79 79 79 0.24
30 0.2111782024502423 0.1423367532567426 0.568629516543934 38 38 37 0.45
31 0.06288083269242789 0.14191660862754055 0.5695852591403253 112 109 111 0.19
32 0.10404691188664238 0.14278626626218072 0.5690186774798881 52 51 56 0.23
33 0.03849907661440741 -0.2658925741226036 0.7079417893732113 43 42 40 0.91
34 0.031232654260103507 -0.23717056998370786 0.7034650785493025 125 124 122 0.16
35 0.4551144665451955 -0.22494107308906303 0.8737180381595302 107 108 110 0.3
36 -0.27545632063655356 -0.17397179570760687 0.8081082462188605 18 21 23 0.34
37 0.06702152159545617 -0.1324350366439892 0.6728132386370134 91 86 78 0.32
38 0.19165858973738278 -0.038434204589860646 0.6711009984553781 39 38 35 0.16
39 0.19234365352197338 -0.03849980532305068 0.6731029124620141 39 36 33 0.41
40 0.26985529717924656 -0.03547821577471501 0.6666523665047879 119 116 112 0.3
41 0.07842867252512715 -0.024875874524408564 0.6293926329933008 123 119 114 0.29
42 -0.32993258569741507 -0.024981447010136788 0.6606398584946073 89 89 88 0.66
43 0.21957391488275183 -0.005099968431301701 0.6508915690519742 45 45 41 0.13
44 0.09611408560554303 -0.0011784506359467323 0.6153854353414301 63 59 49 0.11
45 -0.030495648006320906 -0.002006888909040217 0.6087169689369964 165 163 161 0.19
46 0.0943301696402845 0.005173851421344475 0.612524586663906 101 95 87 0.16
47 0.030920992487609225 0.02627466472818598 0.6048959217974781 56 52 41 0.25
48 0.09841832921986908 0.0405212924199946 0.599682462693581 132 130 127 0.28
49 -0.12820892286440697 0.05614606808617016 0.6293570843181807 109 114 114 0.25
50 -0.05438147821048178 0.07295702176389206 0.623327428886701 62 58 49 0.29
51 0.022110649517194884 0.07719321377808488 0.5875348290324768 133 130 125 0.11
52 0.07795766608746148 0.08019972500722544 0.5899309955554091 133 132 132 0.17
53 0.007313680817845573 0.08274844688463832 0.5893837059728905 112 107 96 0.29
54 -0.03123144194209342 0.08612949905387149 0.5812232493315247 28 24 19 0.13
55 -0.03510073928592378 0.08642282130638997 0.5822828341179709 29 27 21 0.21
56 -0.06172466766637355 0.09324600469338865 0.6184242353857258 140 135 128 0.08
57 0.07990954905191237 0.09211833466995398 0.5852027024915785 59 54 54 0.17
58 -0.022810715732587947 0.09348831016720893 0.5840631670576478 58 51 32 0.17
59 0.24877551218279334 0.10681542506749818 0.6182063739857978 92 90 84 0.15
60 0.09768209777176103 0.10408352640148741 0.5838653157278479 113 102 89 0.24
61 0.24665797833757952 0.13929651970418347 0.6101413633780187 79 79 76 0.2
62 -0.007609956612690964 0.12971953569318692 0.5722131392244604 136 133 132 0.12
63 -0.016161058574765803 0.13322321613661717 0.5702600031521801 127 125 118 0.22
64 0.09261959502182725 0.13910362687695416 0.5709169803014561 127 125 128 0.14
65 0.022904910714355624 0.1405841325759789 0.568572883911198 56 53 45 0.27
66 0.013647096672621154 0.14355259905374326 0.567110081283266 57 56 51 0.1
67 0.00511417657938795 0.14796387082530793 0.565726543737363 51 48 44 0.12
68 -0.002984921206062514 0.15392882790683776 0.5631534001366618 63 60 54 0.16
69 -0.009101232789323488 0.16143731888289387 0.5610137437986834 46 44 40 0.12
70 0.0325498124283996 -0.2651744438765638 0.7051865923461593 62 56 48 0.35
71 0.0136946852595529 -0.2543373670104023 0.7130049378569357 53 52 52 0.35
72 0.013856667405575623 -0.23015940389342462 0.7079604124376855 102 101 99 0.21
73 0.013924666046451633 -0.23022890007587038 0.7079864727751356 91 89 89 0.29
74 0.06470384720233363 -0.15269663137988304 0.6759368581019382 110 108 101 0.28
75 0.057961796778838136 -0.05074833626216107 0.6395332315151729 77 78 75 0.31
76 0.013027204173204932 -0.047719402055823486 0.6367448614633824 136 138 131 0.16
77 0.32373420075655135 -0.036829705993575795 0.6616363828112318 43 42 46 0.36
78 0.4159365443230978 -0.02864300167165214 0.6534202044237767 104 99 91 0.29
79 -0.027859770750555297 -0.027817835453263096 0.6205722063232824 128 126 123 0.2
80 0.1942347331614058 -0.0277272371463164 0.6676449251923021 48 48 44 0.26
81 0.31850511547600335 0.025578312327890602 0.6410982637723167 134 132 127 0.32
82 -0.029209500004338727 0.021704453361588157 0.6048482424516275 116 116 105 0.24
83 -0.009198815703356886 0.023390046472076514 0.6094608333987711 124 120 112 0.23
84 0.3205222571364773 0.0289323364961578 0.6400156196332812 83 82 76 0.25
85 -0.1565033135259779 0.037916170003189725 0.6375251554675585 83 76 69 0.3
86 0.2101107761938391 0.049257439197720417 0.6362610055464727 49 48 40 0.29
87 0.32323521914028175 0.05116970526612655 0.6293685964818501 105 102 99 0.22
88 0.09876507161168008 0.05596315341034997 0.5938590032628862 134 130 121 0.14
89 -0.12741693577851723 0.07175687797307825 0.6226741467681881 116 112 100 0.25
90 0.28342269312193763 0.08557631165354615 0.6258000160841165 81 76 67 0.33
91 -0.0008455386655508298 0.07941046070190652 0.5883028166038538 41 38 33 0.44
92 -0.038990300518401 0.0799400122145592 0.5853449654622499 36 38 32 0.23
93 -0.1308680284222681 0.08933961435624409 0.6161036806653315 40 35 29 0.29
94 0.03261837729396114 0.11507325117418062 0.568176380018823 119 113 106 0.23
95 -0.004101472042482174 0.1190881757974284 0.5760314286368482 149 148 140 0.33
96 -0.03586094949460476 0.15340255083056506 0.561426730658861 148 145 142 0.28
97 -0.0830783535016934 0.15359004421611092 0.5631798720897125 115 116 111 0.44
98 0.18585457937860855 0.1610045019709836 0.5653710201011104 74 72 73 0.39
99 0.1308373941994407 0.16077054877413083 0.563923394215208 65 66 64 0.22
100 0.06226444076194883 -0.25480330744836865 0.714698847992459 44 43 38 0.24
101 0.41418023798169357 -0.12253340302071514 0.6940848569683512 95 96 97 0.14
102 -0.02234776511183371 -0.07928286639446035 0.6418754695689354 159 158 152 0.71
103 0.4043995764587056 -0.05239885411380332 0.6630837289682869 53 53 50 0.22
104 0.41118584269978947 -0.05122986316473688 0.6525970640549678 113 116 111 0.13
105 0.4023140976780853 -0.047263072396632286 0.6640989230612583 113 114 108 0.3
106 0.4193153337130281 -0.044430285914167894 0.6459851625433295 49 48 43 0.21
107 0.3910063879835723 -0.04488019683381733 0.6710039405705794 110 111 112 0.33
108 0.39758365827873243 -0.044917642752260185 0.6694824056003875 112 108 101 0.35
109 -0.1602037838034855 -0.04842219695718431 0.6677357369983514 123 122 117 0.38
110 0.31219755831117685 -0.04474131016664216 0.66827530890813 134 134 132 0.15
111 0.40852413252707687 -0.0010272305338910007 0.6489280421554727 50 45 35 0.33
112 0.20824892215821922 0.029757279578589042 0.6500948631349656 94 93 88 0.39
113 -0.028685152035056616 0.031123726637628663 0.6003155709939778 74 72 66 0.28
114 -0.0031240913903433257 0.05753884014696315 0.5971268880796065 110 111 112 0.37
115 0.20401279917951096 0.06969451585970253 0.6281807567892411 95 94 88 0.35
116 -0.029997131080282225 0.07433343593568008 0.5850176113410385 154 148 144 0.51
117 -0.028627147824361602 0.07836698502543774 0.58201667212918 45 44 37 0.25
118 0.013135394577131318 0.08050567864595627 0.5911260585066469 51 50 41 0.4
119 -0.023663357198236482 0.08016289362728563 0.5824122797176168 131 131 130 0.36
120 -0.08485881351217069 0.09041254341121419 0.6190187626388655 50 47 36 0.27
121 0.25055678883105176 0.10097610448227173 0.6171181480646334 51 48 43 0.26
122 0.028491485797733352 0.09691476293207096 0.5776167853556595 118 114 99 0.3
123 0.17395423728034776 0.1272402202406274 0.6147687699027352 105 101 98 0.22
124 0.04458755640802428 0.13589819381553203 0.5700811303465876 61 59 49 0.4
125 0.0445999140020354 0.1360940051878184 0.5703681722310061 59 58 47 0.38
126 0.1391444925044133 0.15668357989010143 0.5637889589168299 108 113 112 0.31
127 0.14664012192291045 0.15711316076618503 0.5653190183963435 135 143 140 0.39
128 0.1467927322956005 0.15990543862703055 0.563394592818937 63 67 68 0.4
129 0.10776350579396739 0.16274517581163553 0.5603133794119998 125 128 124 0.36
130 0.4237241705544968 -0.1181339888565016 0.6806798303158957 103 103 94 0.42
131 0.4262464503199771 -0.10581814765339963 0.6765783295201919 122 119 110 0.45
132 -0.19261928172359213 -0.05299148239555243 0.6698008075856343 147 142 138 0.23
133 -0.13250340712693057 -0.04218279946223829 0.6672652259190558 64 62 61 0.06
134 -0.1324990022306799 -0.04218341755696358 0.6672008079207826 77 73 68 0.07
135 -0.10583144150873086 -0.04139369156214165 0.6661742390747143 67 65 62 0.43
136 0.4123903367818008 -0.033628694457993095 0.6528737718274209 78 76 63 0.35
137 -0.21835772084228972 -0.03441667289764507 0.6668468486203015 50 53 52 0.15
138 0.3770270891176444 -0.02896130420528022 0.6667690806971439 47 46 41 0.2
139 0.2695788324260004 -0.029327544905953577 0.6676618413312498 58 52 45 0.25
140 0.4107190206358792 -0.022519494091749703 0.6542482884912445 107 104 87 0.35
141 0.08260297922240259 -0.009387200183097941 0.622207864894803 40 39 32 0.21
142 -0.09927471780274592 -0.006362133027430064 0.6589970752753989 126 121 116 0.39
143 0.2873819417827314 0.013179003833478219 0.6481864254190077 141 142 146 0.19
144 0.3185114595864704 0.01665911101657413 0.6442785162583938 131 131 124 0.2
145 -0.028206687551009337 0.0163748835102568 0.6058487630014657 49 45 40 0.13
146 -0.08030086502301322 0.026598991235926087 0.6451867489995932 142 135 128 0.39
147 0.09477075649632008 0.03459839059029839 0.6054515929600823 78 74 67 0.31
148 0.08274350889468006 0.0345760850160337 0.6071635765534924 69 68 58 0.37
149 -0.15938849647414327 0.033924682010283064 0.6381276437956398 124 128 123 0.28
150 -0.07966528578494678 0.035041744495652 0.6393932033862276 161 155 148 0.48
151 -0.0748759499197256 0.04654474281224676 0.6353248072360038 106 105 106 0.54
152 -0.07496557499004883 0.046753624586761564 0.6359560372851053 112 112 116 0.54
153 0.037588453390680725 0.05287524758436037 0.5913174767367286 26 28 20 0.22
154 0.0023118387014270875 0.05477972072925961 0.5992965612208165 40 35 31 0.08
155 -0.16583255125174678 0.06465045998273222 0.6265766212798926 37 37 39 0.47
156 0.1780519007544685 0.07065137495340208 0.6297842491982732 51 56 49 0.44
157 -0.17167315066356506 0.07065735314911847 0.6255689342730346 147 149 150 0.24
158 -0.07514146062149225 0.12551022820634708 0.6057900579717496 36 32 24 0.21
159 0.21149827862715717 0.12955610357088612 0.6056197788928582 56 55 48 0.4
160 0.029187836048320544 0.13006402781019416 0.5728749879196857 90 87 83 0.19
161 -0.004878206861107533 0.1315456848584725 0.5720130272144591 144 143 137 0.33
162 0.052316287235056505 0.13222627920981486 0.5757312457599285 111 112 110 0.25
163 0.061357042149283336 0.13614988506359021 0.5721035003462498 57 56 46 0.38
164 -0.010071685316731067 0.13517738725709297 0.5693942408178196 55 52 43 0.43
165 0.017911746690990597 0.13985966003722855 0.5708850970086405 105 103 92 0.27
166 0.05088455100001457 0.14098210906661532 0.5709312482925477 117 113 98 0.47
167 0.058755981596758926 0.14077649713630053 0.5708641038890311 116 113 103 0.2
168 -0.03484525241621111 0.13909770995769294 0.5666410925219185 46 48 44 0.27
169 0.00032395708820968846 0.14048193133014134 0.5702063777706219 113 109 93 0.23
170 0.0509674145798407 0.16847817812364016 0.5643335969436437 32 30 23 0.32
171 -0.035814607665908216 0.1671577950756705 0.5552778378692504 65 60 53 0.27
172 -0.035814607665908216 0.1671577950756705 0.5552778378692504 65 60 53 0.27
173 0.41175796748625776 -0.04508953453120361 0.6512512307323259 66 66 60 0.35
174 0.4074469569764123 -0.042639218185018944 0.660748746830147 58 58 51 0.3
175 0.29424588573779803 -0.03963309229417322 0.6695359293175592 74 73 68 0.46
176 0.40155993726547556 -0.011441653370307897 0.6568825297121983 24 22 26 0.21
177 0.40118749823364175 -0.011417267858694105 0.656343305265094 37 35 33 0.32
178 0.40527997922539577 0.008783843950144381 0.644242073446869 109 114 114 0.26
179 0.07831288629494798 0.025107441980125295 0.6107719541229087 124 123 114 0.26
180 -0.01747578330636219 0.09184059753497255 0.5853934870590503 111 106 92 0.35
181 -0.009423996603120023 0.11576349830195701 0.5761898588856873 42 38 30 0.32
182 0.08172699937368388 0.11705118759637914 0.5766532372352831 45 43 33 0.23
183 0.20930790818039022 0.1366204656513992 0.6104739395248657 91 92 90 0.62
184 0.059874156121013294 0.1316296843758729 0.5741418422064106 112 112 107 0.3
185 0.0622949159183459 0.18908690730492958 0.5519910425166848 89 90 82 0.37
186 0.4506581757665784 -0.20692554793972467 0.8757574042132317 220 226 233 1.23
187 -0.19429370855535297 -0.036099044596355906 0.657771382735273 172 174 180 0.33
188 0.38570481242264576 -0.026187960781356354 0.6648512860481819 98 96 87 0.27
189 0.376907689734515 -0.017350620776242554 0.6614440596386375 31 30 27 0.4
190 -0.16754028017577755 0.012484565652723207 0.649121336876728 26 23 21 0.11
191 0.02557524936561064 0.05467520807220648 0.5927903896434111 48 47 43 0.48
192 0.053990617082723076 0.12621761593130745 0.5783906663729561 16 19 19 0.26
193 0.07103334840520502 0.1438752985546465 0.5680651015523099 84 82 76 0.28
194 -0.002374941434127086 -0.1956946931222945 0.6951698503922507 127 130 134 0.43
195 0.0985115339076835 0.16891033407429237 0.5604687540164042 133 134 140 0.7
196 0.08107354929230329 -0.06258179386120621 0.6400588759264594 152 150 144 0.4
197 -0.006862657794853226 0.12649990254822896 0.5750336498654794 118 117 106 0.51
198 -0.1370415151121599 0.07838477110778985 0.6213412508675292 104 99 84 0.5
199 0.06297653553537455 -0.22837489164854213 0.7079383756648135 59 58 58 0.59
200 0.06297653553537455 -0.22837489164854213 0.7079383756648135 59 58 58 0.59
201 0.01212963807943945 -0.08104422418520003 0.6533258406132979 50 51 49 1.45
202 0.01212963807943945 -0.08104422418520003 0.6533258406132979 50 51 49 1.45
203 0.09222203014760579 -0.27924769182317427 0.7100817503074478 67 71 68 0.13
204 0.08713960606537687 -0.2765197749988752 0.7142655837361768 67 64 56 0.31
205 0.09309864267289525 -0.258449480337996 0.7098660508084258 112 106 91 0.41
206 0.45245463706482497 -0.2184688403386589 0.8450767137813063 135 131 125 0.55
207 -0.008397077931335265 -0.1306166454503104 0.6656074454903332 134 132 122 0.37
208 -0.25157745957592326 -0.03339356713649679 0.6642370120616164 112 108 99 0.35
209 0.07744767506302379 -0.04248942207416019 0.6370364964087003 103 100 89 0.34
210 0.41046919990830033 -0.07417125984206598 0.6759798275534546 122 122 115 0.25
211 0.07736806930735526 -0.03018333644517717 0.6315996552415161 114 113 106 0.21
212 0.07734822977573735 -0.030280891807970993 0.6316842087001606 112 112 104 0.27
213 0.41878435879101517 -0.015556611407618236 0.6348827996613425 121 120 109 0.25
214 0.2073179526101922 0.04060342922246201 0.6463112734712647 100 102 96 0.3
215 0.09449786988696149 0.08127308082723496 0.5865244836247784 47 45 34 0.31
216 0.17255246897499335 0.10102098838596285 0.6237245224456365 75 73 66 0.39
217 0.028546053421826523 0.11382618150923028 0.5714294675938159 42 41 31 0.45
218 0.21062761361633592 0.1216391802275427 0.6068346183947236 117 119 115 0.27
219 0.08149604917230466 -0.6982580952422768 0.9042553200928066 116 124 130 0.38
220 0.020858331471673725 -0.6258274565950624 0.8745164918038257 68 68 59 0.25
221 0.026625909792417243 -0.21197789060893327 0.7010847311970595 121 114 101 0.35
222 0.06944324227763102 -0.13589436662473028 0.6718457151082029 56 55 44 0.41
223 0.4116396648044806 -0.07275815861579271 0.6843039050999288 35 36 32 0.22
224 0.4105259874230435 -0.06970563016166738 0.663871198523217 125 126 118 0.23
225 -0.03585313918165537 0.023162902057732138 0.6077811234261211 112 110 102 0.19
226 0.030930931743343774 0.018097377615793213 0.6089051982423764 30 32 26 0.1
227 0.08884788780115664 0.026790518397271004 0.6087181102573206 98 97 89 0.28
228 0.09453055994360675 0.03465966029407511 0.6052194056349867 74 70 61 0.27
229 0.07090077869341059 0.05580374029724718 0.599425205342102 50 48 40 0.21
230 0.2586943851438569 0.06016630633915205 0.633672201590565 122 119 107 0.22
231 0.27703013067252813 0.05910373147711754 0.6336115043706873 116 116 111 0.24
232 0.0903699619947662 0.0710791172501055 0.5928800883779313 57 52 40 0.23
233 -0.027567720376108978 0.09460783007133702 0.5832472762713601 51 49 39 0.26
234 -0.018651081681223626 0.13707775411249368 0.567846962842182 79 77 71 0.36
235 0.0015200018400046288 0.15108535994344682 0.562951061017046 106 103 92 0.36
236 0.1551502063922826 0.1597831567451211 0.5613103588213865 67 67 59 0.23
237 -0.007125752482478238 -0.25766619519486594 0.7111817571364011 132 130 120 0.35
238 0.08154765045523409 -0.25676697860077935 0.7121210434112386 127 122 113 0.46
239 -0.03849271256520059 0.12472408830826744 0.6017027079308375 41 40 28 0.24
240 0.07157077924079998 0.13005771199940422 0.5733964503206445 55 55 48 0.29
241 0.0218975097683526 -0.2532355233673342 0.7124182185658192 116 107 90 0.47
242 -0.03284465071518175 -0.20377257891310357 0.8403105615888806 56 57 56 0.43
243 0.0684101847608356 0.15587231096834042 0.5620918204948174 71 70 59 0.34
244 0.4171293642530492 -0.2204949957326945 0.7344478274363843 72 75 74 0.6
245 -0.13771624496187887 -0.0221519725051552 0.6612429162050899 38 36 28 0.3
246 0.013453813090275272 -0.031288206945024315 0.6314867071458816 53 48 38 0.29
247 0.4003882514231223 -0.049025018662041106 0.6687746177758103 103 102 93 0.33
248 0.40262324878105277 0.0014952744962710193 0.6510470770092521 38 37 31 0.26
249 0.10165298444636925 0.09149607363397598 0.5862903181633512 58 56 45 0.39
250 0.4455523325907617 -0.2062566699065578 0.7208599914247025 75 78 74 0.49
251 -0.03739856755694301 -0.2152038561478414 0.8380611113359293 53 53 50 0.71
252 0.418077868830865 -0.096098766754901 0.6882697001081437 123 125 119 0.6
253 0.022723016901037184 -0.6359688557977454 0.8735669373836427 131 129 122 0.69
254 0.017159713281362617 -0.6305692781402227 0.87546762758688 148 150 145 0.18
255 0.030756589699005233 -0.2828137928725182 0.7074685052476296 146 144 139 0.25
256 -0.008334906772310975 -0.23614271615267055 0.7052475330881698 123 119 108 0.43
257 0.42976779957015865 -0.2680163300799283 0.7580229516182384 208 210 209 0.24
258 0.07377020475065582 -0.19755322029491668 0.6957738082791107 113 112 103 0.39
259 0.4107054655233646 -0.06459462532913288 0.6614129535471996 71 69 63 0.32
260 0.06271495586373378 -0.035247502479191554 0.6335551650904563 49 49 43 0.19
261 0.19490097944875695 -0.023840040613005375 0.6632673344829688 119 117 112 0.11
262 0.4040065487176567 -0.008446330446780453 0.6509210381565133 129 130 119 0.16
263 0.32092007187899796 0.011329903634906633 0.6438150828099205 100 101 92 0.53
264 0.08212460734016604 0.028294608629040385 0.609232574792878 58 56 44 0.2
265 0.31503079694215613 0.040434239885199154 0.6462829346116532 87 87 76 0.24
266 0.09137387124963699 0.04794052403593988 0.6015902000010498 60 60 54 0.32
267 0.2520719154211026 0.049663858139058326 0.6375669892189262 57 54 40 0.18
268 0.09251241157189219 0.0683492350815887 0.5902536680730247 117 110 89 0.39
269 0.28123185469934153 0.10978956114855136 0.615503672617252 94 93 85 0.33
270 0.08186581832458226 -0.7129746371342441 0.9101011603257158 119 133 145 0.35
271 0.07389505407735865 -0.22400054472301165 0.7069623247160565 92 95 90 0.24
272 0.41635318027814067 -0.06532129935243781 0.6559778037631516 101 102 93 0.23
273 0.27617744495090146 -0.029576504754353004 0.6656709285467848 91 90 80 0.29
274 0.4354727803394989 -0.04245934356759978 0.6456533474749344 94 96 88 0.53
275 0.3991720355174821 0.014356077045313541 0.6451712271750449 48 48 42 0.25
276 0.014608630780415974 0.0617121789418119 0.5964427018032962 107 104 89 0.28
277 0.20804554129140873 0.06981220313119746 0.6246926931551399 62 60 50 0.4
278 -0.16666215875260187 0.08973131790710231 0.6179919053731322 43 43 33 0.28
279 0.09035340457962149 0.07734357087164491 0.5911177145380314 55 53 45 0.34
280 0.06156077999516771 0.13626624390217285 0.5720121916863551 55 54 45 0.32
281 0.18124644685714617 0.15700747133209778 0.565467636285924 115 113 105 0.43
282 0.019848754763604416 -0.6099100903986552 0.8740147018524271 32 34 33 0.26
283 0.31762456913251724 0.05816879266601445 0.6309171818551665 87 85 78 0.27
284 -0.022847248334350374 0.08665415949821773 0.5846921053255515 32 31 23 0.53
285 0.25285298045306276 0.10661779648102325 0.614786095300703 140 143 141 0.23
286 0.140276145026497 0.1641770390676847 0.5592199975417733 107 109 101 0.33
287 0.06759160357270803 0.1905941769930904 0.5449339549297618 57 59 51 0.3
288 0.09360446980901722 0.05587525807805521 0.5980472998993749 70 67 58 0.22
289 0.09314969523283224 0.05592900297377368 0.5975822152335929 66 63 52 0.22
290 0.05598614724295251 0.17950456285740488 0.5606143188378969 35 37 29 0.33
291 0.061090494183565665 0.1798359874333508 0.553212341371235 78 77 66 0.34
292 0.3408998762094223 -0.03601695608793301 0.666664084942204 81 83 76 0.43
293 0.2159813859000922 0.011165344885783001 0.6490629826449779 149 149 143 0.35
294 0.08547919615598819 0.10036208399187618 0.5873793875067428 101 99 88 0.65
295 0.03736471732934685 0.10131283637535496 0.5835313754917805 96 91 76 0.63
296 0.02904223182846972 -0.4404457809423904 0.8009249556613148 126 126 123 0.3
297 -0.009028269199015096 -0.24731712007650916 0.7086746107207051 126 123 119 0.28
298 0.08339582280360139 -0.15681999278289913 0.6750903498749707 83 81 71 0.18
299 0.07688845242477102 -0.14108269931573955 0.6715524245377916 96 94 86 0.29
300 -0.03170848826269824 -0.07908175906653514 0.6428613322424742 111 112 108 0.21
301 0.2055747003232481 -0.044686695877641076 0.6725501147349403 104 105 101 0.4
302 0.21501447302346754 -0.04044988787404065 0.6638748558407332 121 124 124 0.22
303 0.40772342852561955 -0.04915622228657632 0.6594115989114021 92 98 91 0.28
304 0.322930259225046 -0.0400400658733706 0.6637374557478881 109 108 105 0.14
305 0.30154645527326784 -0.02825489043067955 0.6664839847025967 37 36 32 0.13
306 0.08537373430839605 0.0028853253041943847 0.6171873156878005 104 106 99 0.35
307 0.09814723400990288 0.0031129188429409862 0.6139681395825547 100 100 93 0.47
308 0.0892945659319256 0.004857874018852421 0.6153502134774452 59 58 49 0.16
309 0.33202230840389646 0.02942378915372672 0.6419472698682009 21 21 20 0.2
310 0.02208473870169123 0.05076990908661162 0.597200710701992 84 85 81 0.24
311 0.32167939981535304 0.04783887454929835 0.6324294685718266 51 51 50 0.29
312 0.020248812820213076 0.054683593022450745 0.5973171090417173 39 37 29 0.14
313 0.0878387387204042 0.08925709677723342 0.5875447611590181 85 86 81 0.23
314 0.03625720872507443 0.14242631390169663 0.5688250818662056 60 60 47 0.26
315 0.1918246749434742 0.15637055401716335 0.5620935428645507 94 94 90 0.19
316 0.1721795837618668 0.1571095232292944 0.5635002173260485 107 109 110 0.18
317 0.1068639317724816 0.16238189207912962 0.5591044452650532 115 125 122 0.21
318 0.13295458081888714 0.16450093940218388 0.5609665918089237 105 106 102 0.34
319 0.026015147482940995 -0.7685440330003632 0.966922128768181 119 124 124 2.01
320 0.08010812013040362 -0.6812242949887437 0.8983157661591098 93 99 102 0.39
321 0.0907127874978654 -0.29054464861748175 0.7122936937242965 51 56 57 0.31
322 0.07363798441402129 -0.19181636058589493 0.6941465589643078 107 105 99 0.22
323 -0.014878380650507627 -0.1576388879709877 0.6747047367847397 49 52 53 0.2
324 0.44871791698278335 -0.17444274910359836 0.7873719222613356 200 208 216 0.39
325 0.061610856540311565 -0.13040078126898066 0.6719528869758542 19 22 21 0.2
326 -0.028021297253292412 -0.07662814196430218 0.639602855394542 35 37 36 0.4
327 -0.2330463333715125 -0.04826490733647854 0.6658621770529933 118 115 112 0.23
328 -0.016676606516356742 -0.06099441442622185 0.6343267551300733 70 73 72 0.53
329 -0.015025954669453166 -0.05202847717298822 0.6371538556050466 43 44 44 0.21
330 0.08250190438934549 -0.043923878448566184 0.6361742580758717 111 108 102 0.24
331 -0.1317454470883468 -0.008742684555721462 0.6618267371661961 96 93 85 0.27
332 0.3993205478248895 -0.04202918885215611 0.6654312141444727 42 41 37 0.52
333 0.2685509170018185 -0.028992186539635426 0.666807436444269 59 56 48 0.2
334 0.08193891489648708 0.010944662477990459 0.6144932515010134 52 53 42 0.28
335 0.08263800699409439 0.02083956518614162 0.6116177185487874 53 53 48 0.27
336 0.0887989465929724 0.036258375287802874 0.6065687661477405 90 90 80 0.37
337 0.08912168034293806 0.03621582294968623 0.6070466894034301 91 92 84 0.42
338 -0.04570167732195322 0.08625893948003753 0.6219169410716627 82 83 79 0.05
339 0.2949229420193836 0.1022587546688141 0.6202336941632506 16 23 22 0.29
340 -0.05700484566254679 0.15345012050736112 0.5634427951459184 86 87 87 0.41
341 0.1201403941385505 0.1627661526232424 0.5578893103696161 88 90 91 0.32
342 0.015834729953376484 -0.7475341163983563 0.9307532845297578 26 31 36 0.75
343 0.07620681133041184 -0.7468596052214593 0.9276180380720053 85 93 104 0.62
344 0.03250618646576952 -0.7015524346026579 0.9019686733248279 111 117 123 0.4
345 0.01195240211504446 -0.4705477119484162 0.8125129558265848 63 63 59 0.35
346 0.10330705017189176 -0.3723588969508564 0.7437872414717092 41 49 56 0.19
347 0.0009674088211332586 -0.24372622460707807 0.708327178872936 123 121 114 0.55
348 0.026905877207887195 -0.2231716300407625 0.7054061950291709 123 112 103 0.1
349 -0.006685165487191451 -0.1570473699828199 0.6739744491890018 58 60 61 0.13
350 -0.00851878673085654 -0.15011758373833906 0.6724614219627622 115 118 118 0.4
351 0.07868501505562764 -0.12637417795514883 0.6746761033418934 60 63 62 0.18
352 0.42145036932758206 -0.15623877599119051 0.689753918300938 119 125 126 0.72
353 0.06849748981938282 -0.07189714365188542 0.6513888254405508 13 13 11 0.61
354 -0.06393534713800963 -0.04682899096298511 0.6691299472108552 110 112 104 0.4
355 -0.0365840383911268 -0.05192714756690404 0.633902503837287 59 61 57 0.54
356 0.0608614220813001 -0.042406235176237116 0.6370819173183453 64 64 57 0.19
357 0.2593992674104084 -0.02603963843028194 0.664406150327975 111 112 109 0.44
358 0.36914168502522915 -0.027112990958183515 0.6661879901384302 81 81 82 0.33
359 0.2521472868535114 0.009248543478564545 0.6497719620562216 125 126 128 0.2
360 0.4020197259870005 0.00743592205570597 0.6499389131083462 39 38 32 0.46
361 0.09429793738376821 0.019994036307459453 0.6111454837981849 43 44 40 0.21
362 0.0015283974596144163 0.05449243914536993 0.5970728615410018 30 31 30 0.21
363 -0.05680075081613424 0.06583093343523136 0.6282112782615543 30 30 25 0.24
364 0.16954802642736974 0.059270327824670385 0.6343938670346126 84 84 80 0.14
365 -0.038332796334423075 0.10024551868458222 0.6100698870489032 38 38 31 0.33
366 -0.004488304382931907 0.12101815929784623 0.5752863030410715 110 111 111 0.48
367 0.06866285405030488 0.12760931415520202 0.5837510590495876 11 14 14 0.18
368 0.008591194960164325 0.14141303270588151 0.5691624385269989 106 104 94 0.24
369 0.06978474327893901 -0.2526345705180384 0.7135333245239613 116 116 109 0.34
370 0.06954734843532098 -0.2527023372893021 0.7135917284932151 124 122 110 0.24
371 0.02196279991355631 -0.19810960142864595 0.699476151261669 31 31 27 0.16
372 0.4523910668478567 -0.22388974150303298 0.8656395455571242 101 102 97 0.67
373 0.00717955552433406 -0.06125721691997855 0.645858429439976 15 19 19 0.21
374 0.08103110872857527 -0.056194848958864244 0.6394215465684703 124 119 110 0.4
375 0.4189954234255837 -0.04622865474212798 0.6493403677597013 54 54 47 0.42
376 0.18134607979769682 0.044873003316255954 0.6435476670032186 98 101 101 0.17
377 0.09127404449134072 0.09395538314709176 0.5876789863977168 101 97 77 0.39
378 0.005310636183606395 0.1256545609319868 0.5788059264740344 18 21 21 0.5
379 -0.02982427258989432 0.1428851265581939 0.5657903540218947 103 103 98 0.26
380 0.05631086159107169 0.19316622068390785 0.5547428633209637 32 35 30 0.34
381 0.010254833702359918 -0.6342632851559326 0.8867632138593141 128 134 136 0.48
382 0.43425657880292384 -0.26493974935599773 0.7551488243626404 108 111 112 0.38
383 0.43429649762301004 -0.26498036652553775 0.7551778016927354 103 107 106 0.35
384 0.4525572310631714 -0.2350686072659058 0.8387156336424709 73 81 87 0.25
385 -0.22593495413614162 -0.033487791058445564 0.6670378175457927 105 108 107 0.29
386 -0.11306653297343212 -0.03665698935615842 0.6646712332060191 101 103 102 0.41
387 -0.14786171779509083 -0.02865381050862327 0.6609139580492054 114 116 120 0.38
388 0.06013118241570886 -0.018125281272373655 0.6289202079388897 92 93 90 0.19
389 -0.05682642580975055 0.15934513116470414 0.5618563847429131 33 35 35 0.28
390 0.023838853160290066 -0.6923479073976483 0.8971056979486738 53 58 64 0.48
391 0.004011050779998972 -0.584402747079573 0.8729317850767201 125 132 138 0.21
392 0.4361705100425911 -0.23581869529777813 0.7199615969119504 221 227 231 0.66
393 -0.30810555631996445 -0.03338856101915263 0.6652830405209401 103 106 104 0.53
394 0.1554676129517198 -0.03611029136673374 0.6595764180574892 56 59 57 0.31
395 0.40369431844439413 -0.036849553446073345 0.6662295997019557 44 44 39 0.43
396 -0.046501800683351725 0.16513060533386814 0.558440669022399 69 71 71 0.53
397 0.002156446193582566 -0.24960579548438758 0.7115420928336433 109 110 107 0.28
398 0.4409044368261708 -0.19200837680199853 0.788345229358201 198 210 226 0.29
399 0.4436717073016505 -0.19263228860388926 0.7916779867807995 201 212 226 0.42
400 0.08002180477965536 0.0012409977974036823 0.6200166413790051 108 103 87 0.56
401 0.3246917695451005 0.014248901610275788 0.6479498787724166 100 101 94 0.48
402 -0.03557037633581897 -0.5549364300482446 0.9030659946651808 101 100 99 0.85
403 -0.014341793287280743 -0.5921055950745728 0.8846971353216005 55 61 66 0.53
404 0.013738554997840565 -0.12451748947388291 0.6652333701649396 76 71 64 0.55
405 -0.015655809743656338 -0.06460324061104089 0.6447026231548698 119 122 122 0.35
406 0.06511093558067199 0.12010550914197782 0.5852744477528368 23 25 20 1.35
407 0.45157222369345884 -0.17691112191139005 0.6947575300046459 215 226 234 0.69
408 0.4358127216319572 -0.20904026101425047 0.7337639684806205 55 58 57 0.46
409 0.017519172177126657 -0.251291645737675 0.7119041533473852 126 121 114 0.32
410 -0.039578138781914754 -0.1553946790109903 0.6757339865704326 175 178 176 0.24
411 -0.03941821167262763 -0.15546714376837292 0.6757217629408137 156 153 148 0.16
412 0.41540883801465583 -0.11341959200966803 0.6891416972834599 87 82 73 0.27
413 0.4312891364960385 -0.10858493619749102 0.6766130051245478 55 55 49 0.22
414 0.3151198375963778 0.08209888692099358 0.6248106233933692 67 63 52 0.34
415 0.10086786984724544 0.10143034612092444 0.5852121527689216 109 106 98 0.19
416 0.058370275406609794 0.14787121332021677 0.5672963110272693 128 129 119 0.37
417 0.020498837930891616 -0.7596396022154853 0.9318439299428494 40 43 45 0.82
418 0.07976043040269529 -0.7433476613845149 0.9254146621330657 221 232 241 0.44
419 0.08186826732560953 -0.7131408145893989 0.9101438810006435 108 121 128 0.33
420 0.0007131705695320047 -0.26013673029150397 0.7121108070773473 83 78 72 0.3
421 -0.07867284938947364 -0.18882316016644948 0.8345820788569434 74 78 78 0.45
422 0.3327072501973261 -0.20053357497510382 0.8461455501466048 151 157 153 0.28
423 -0.07520037504875679 -0.037719358482191934 0.6664385736952612 120 118 110 0.32
424 0.18579880160715656 -0.029370043423678018 0.6671832198749291 103 102 98 0.4
425 0.20932750096082153 0.02916900513780133 0.6425683541344928 59 60 58 0.08
426 0.09185049443870705 0.1172593760948884 0.5786384115460094 117 112 100 0.41
427 0.027516273064495056 -0.1992399619207145 0.6961306524946684 138 129 114 0.36
428 -0.15035605889008782 -0.008204219081035477 0.6591790609716373 128 128 125 0.41
429 0.42879121458420627 -0.26271046830937805 0.7548763493369973 96 96 100 0.21
430 0.4274391303701343 -0.2623304512517871 0.753301555848685 100 104 109 0.08
431 0.024866948920467487 -0.177721731596761 0.688124571730859 128 124 112 0.27
432 -0.032285979006688025 -0.15712633233122297 0.669107604733605 158 158 156 0.19
433 0.0689364988054274 -0.05048017506687084 0.6402152980281274 86 82 70 0.46
434 0.43249286958189004 -0.10247893696587237 0.6753049534702477 72 73 67 0.3
435 0.43241831253271173 -0.10246236732723402 0.675231329756363 68 70 67 0.33
436 0.07727262709328284 -0.035721755008786445 0.635311687460823 94 89 78 0.28
437 0.40689066864911594 -0.07101895993149397 0.6685292441347646 88 91 89 0.23
438 0.08849912217838735 0.040819629530297614 0.6047733256699803 100 99 88 0.38
439 0.09895410589225484 0.05592576851585734 0.5940771636657061 128 122 110 0.21
440 0.07796445241551953 0.08013244010395644 0.5899090186515681 122 122 119 0.14
441 -0.008995909128550717 -0.24748581862938193 0.7088577323809943 127 121 110 0.4
442 0.07392267364578368 -0.20900989420852725 0.7011872946165087 129 134 131 0.38
443 0.0734513240359786 -0.18052496908562787 0.6902151719699278 114 112 105 0.17
444 0.4071734823715214 -0.03606031905565886 0.659407486664455 81 82 73 0.36
445 0.3282307744950915 0.07387849299920292 0.623291374893857 96 97 89 0.33
446 0.021682908630088735 -0.2799910331489638 0.71484146909355 159 152 140 0.43
447 0.02577124506992634 -0.2693285548601731 0.7102794010171042 65 63 64 0.48
448 0.08070492161440694 -0.20708252554875686 0.6944105630969761 158 159 155 0.05
449 0.21482996200680718 -0.031076037335751393 0.6604340310724824 93 96 92 0.4
450 0.372378819670341 -0.0397230709649968 0.670205561479298 60 56 50 0.13
451 0.027247595498692097 -0.28017804218174064 0.7115278205126192 77 74 69 0.54
452 0.4099154206620587 -0.11246880839697032 0.6969620056421408 40 42 36 0.46
453 0.0958408409749395 -0.05047049654827461 0.6347589916696753 69 72 69 0.11
454 0.28225385264532804 -0.03891498409952936 0.6704972326670536 64 66 59 0.24
455 0.0221030060234068 -0.27374692546206375 0.7142022134858869 133 131 118 0.37
456 0.06364410948793489 -0.030484874981140563 0.6323988098250968 52 55 43 0.21
457 0.29787844696927257 -0.0823687844712316 0.7127806147222934 42 47 48 0.53
458 0.014930529157339804 -0.23002595523618374 0.7087198014344285 54 49 44 0.33
459 0.10318672093453621 -0.48514012344998947 0.8035191936853259 170 178 188 0.2
460 0.39143649720795637 -0.002764591245073079 0.6569352049521654 48 45 37 0.14
461 0.2822821505335904 0.0929186632775613 0.6219751409763108 73 72 66 0.36
462 0.08110067891737902 -0.05646960558681714 0.6398451095167043 131 133 132 0.31
463 -0.07989087373923141 0.04031228430699543 0.639091031611516 97 93 89 0.33
464 -0.12397800842847158 0.05594233045702374 0.6272098289886271 71 66 59 0.26
465 0.05403978070098784 0.13634529251347235 0.5714532183799184 69 69 64 0.19
466 0.07699785639721032 0.12319842237483253 0.5747003013302547 110 106 95 0.34
467 -0.030475947326393964 0.13529571262602375 0.5707172077639314 108 108 108 0.31
468 0.07040289947809383 0.14370727251391052 0.5668649320125624 49 49 50 0.26
469 0.06880117189086776 0.17256402823145256 0.5522429487938991 54 52 49 0.35
470 0.05066797833120626 0.14643142161311892 0.5659242029638941 110 103 93 0.54
471 0.44600408481985404 -0.1325210772203984 0.698656691891876 53 52 45 0.96
472 -0.03781194523645774 0.0602221721763955 0.592451804364106 118 119 108 0.3
473 -0.18041238055620973 -0.03686328580020747 0.6675602898120496 118 116 111 0.34
474 -0.14672350711694837 0.06521617349128309 0.6277835578642817 49 50 45 0.15
475 -0.003669147297541567 0.059947082857473785 0.5968489791147743 109 107 97 0.2
476 -0.3543366237653009 -0.17988393086610474 0.8088997793881034 76 80 81 0.23
477 -0.04955454472388654 0.03960473652465067 0.6462899990932978 23 30 30 0.1
478 -0.022381979005702764 0.12983077954002417 0.5702572413258982 78 74 65 0.37
479 -0.023445282508418618 0.14187306478140943 0.5652529942732504 71 70 65 0.28
480 -0.037996468007002016 0.10568601059896784 0.608485897864993 42 43 35 0.34
481 -0.057484225123222925 -0.02082649686874546 0.6614711274883556 31 31 24 0.54
482 0.21466004498459823 0.04039069074651647 0.6377146145576927 108 113 113 0.33
483 0.21646028627416378 0.08484268616712688 0.6220774718387923 120 117 110 0.31
484 0.1935196128053203 0.06122376762985126 0.6334528869664185 56 47 36 0.1
485 0.18621675748553454 0.06575815198387337 0.6331298090681348 131 127 115 0.25
486 0.20727133917980692 0.1277352560046047 0.6133391818842009 93 86 80 0.36
487 0.10078911241027222 0.15947894123141032 0.5658317748709493 139 134 124 0.4
488 0.03540759579808616 0.1290310531287002 0.5722490891811914 42 38 32 0.18
489 0.0755866795290594 0.09470522342174172 0.5861487532684654 112 107 104 0.3
490 0.07828388599955799 -0.0068905342818324005 0.6222484559356479 119 122 120 0.44
491 -0.07528767144006118 0.03795587741522347 0.6387320214592711 75 75 77 0.22
492 0.0966309415924889 0.09449916722599674 0.5868156489681374 51 44 32 0.24
493 -0.33757181683585397 -0.04499055312253597 0.6634867831390058 85 79 72 0.45
494 -0.07589319681627146 0.12135531742978868 0.6096719685786014 116 123 124 0.22
495 -0.028024884721705678 -0.021950080375092083 0.6174184704644845 132 137 143 0.22
496 -0.02366133961338162 0.0802192993749303 0.5823297916089762 128 129 130 0.36
497 -0.07914910174973078 -0.04726521813595607 0.6676064476819216 129 131 134 0.51
498 0.16042858523259765 0.16199907033131708 0.5595806482484161 111 114 116 0.25
499 -0.06824441156895873 -0.040950187706618055 0.6664944562883409 70 67 62 0.25
500 -0.14943551327745 -0.04226873878045052 0.6647873177087336 72 71 72 0.14
501 -0.07571599615311161 0.03772721583116427 0.6414155946175194 96 91 86 0.54
502 -0.07718639361998864 -0.02913373148659946 0.6586737205551699 95 99 102 0.9
503 -0.07913941425006223 0.0774716786566475 0.6134909084088126 106 99 77 0.96
504 0.0010454030179877546 0.13237399219967894 0.5714936870349895 113 108 105 0.49
505 -0.011249117201920431 0.13216842638250192 0.5711321752024464 116 113 109 0.22
506 -0.09398496307112139 0.0655155153079261 0.6268973880364491 33 28 22 0.33
507 0.1274337744566626 0.15763483365245096 0.5660105419623785 97 97 93 0.41
508 0.012152319683055714 0.1362159707923973 0.5723329203483088 56 57 48 0.37
509 0.14994782185584354 0.16653112908649853 0.561078760579608 103 104 102 0.93
510 0.19711690440133425 0.11520235247718698 0.6153696625244983 10 12 10 0.3
511 0.037824539877240944 -0.9614992594816627 1.050194189429646 123 124 121 0.91
512 0.037824539877240944 -0.9614992594816627 1.050194189429646 123 124 121 0.91
513 0.03792567775531952 0.10100506940600154 0.5816816178169325 91 86 69 0.24
514 0.08417219278710679 -0.6820375126220962 0.8959248047633437 181 198 211 0.33
515 0.03067158954901691 -0.2827392616871987 0.7072418581671538 138 137 131 0.24
516 0.38939885822023906 0.015640102378952168 0.6548664214938451 85 86 73 0.17
517 0.454541402607655 -0.18451644072249745 0.8088870283247774 210 214 214 0.57
518 0.45142739848289676 -0.19667426107115765 0.8344389504608688 101 101 95 0.54
519 0.07985186870778217 -0.25353745318712173 0.7113792582798266 144 140 133 0.41
520 -0.03846718978237323 -0.23369028149077947 0.7030958608518905 103 100 93 0.28
521 -0.03942091039288577 -0.21071210084901262 0.849358909401077 81 77 72 0.38
522 0.4359944863943467 -0.2701489240660151 0.7525025139776774 216 223 227 0.31
523 -0.00476292902953522 -0.203286725143433 0.6921754977338377 106 105 101 0.28
524 0.07357804719239835 -0.18521613584413124 0.6918235615728359 93 92 83 0.19
525 0.40256752917977867 -0.060369485297755175 0.6701305374808675 122 120 113 0.2
526 0.4021719261964987 -0.0518064355456597 0.6663253385108743 105 101 94 0.22
527 -0.009112150326526153 -0.13814872119995467 0.6681144126703462 125 122 112 0.4
528 0.025316605050754868 -0.0629562418105199 0.6465633774142334 96 94 81 0.42
529 -0.0973402088095254 -0.015181610635286525 0.6627066081411072 88 86 80 0.06
530 0.09805421928158226 -0.014099649188362581 0.6192833364772724 115 110 104 0.08
531 0.09542664680568501 -0.01046887042844262 0.6191748497913144 30 29 26 0.15
532 0.1769924416465564 0.06290919451240791 0.6330233013047893 62 61 53 0.22
533 0.17690649743526274 0.0629230058776604 0.6329207491797415 65 64 55 0.23
534 -0.14711685328521099 0.09045698270654304 0.6175596758480625 33 32 27 0.16
535 0.020090939037642187 -0.6106315021391622 0.8751434304848568 42 43 49 0.23
536 0.41417052416162664 -0.07631138520390972 0.6942484935324595 97 108 112 0.25
537 -0.12398536335849661 -0.029249476912391756 0.6648390040909188 75 72 66 0.34
538 0.24557315888227743 0.08761252091402884 0.6277098908002097 75 75 72 0.14
539 0.15240232935541392 0.12148999983617337 0.6106985501044895 11 14 13 0.29
540 0.021307417486084328 -0.17891547050365375 0.6916849102097621 48 50 46 0.72
541 -0.05673440269307792 -0.013882120928921519 0.6628944965939041 77 75 68 0.18
542 -0.037289776955733926 0.01805527258466573 0.6096223637234891 41 41 36 0.25
543 0.06464765764089112 0.06271646414137831 0.5982939064995095 110 111 107 0.41
544 -0.036724880575692086 0.11777806358117263 0.6057744596665537 37 39 40 0.24
545 -0.029845721907215118 0.14284837875879547 0.5658343335209488 119 120 115 0.23
546 0.018893671691966343 0.12718153174046273 0.5807415507386902 11 17 13 0.42
547 0.321528152055458 0.04001252399089781 0.637274673194917 93 93 92 0.07
548 0.002301762475939264 0.1754530003588945 0.5607197775793816 30 32 29 0.48
549 0.21416008002977183 0.0115348030067776 0.6469951755012697 128 131 131 0.4
550 0.025805440860808136 -0.45731107688071426 0.807007530816265 59 55 46 0.29
551 -0.03579900256726378 -0.07161516698270917 0.6420483934364543 126 123 119 0.14
552 -0.05018248391906613 -0.03526138758684434 0.6697011137461025 110 111 110 0.28
553 0.01337342960197604 -0.040537479235552336 0.6349086581901134 42 39 33 0.28
554 0.32142318806862136 -0.03230995458399628 0.6611476168354986 111 107 100 0.2
555 -0.032269169803162766 -0.15716929853792014 0.6690476482232189 156 155 148 0.2
556 0.420964800407418 -0.12569416634057928 0.6846447571686091 75 72 66 0.23
557 0.1748253580414497 -0.03315518208732022 0.6693552293428978 49 48 36 0.33
558 0.4209424998645967 -0.04162912121742515 0.642497384857666 91 87 78 0.27
559 0.030982354830128563 -0.011721418403021735 0.6173174619143653 35 33 31 0.15
560 0.4082331265509732 -0.035954737933089 0.6604213782763343 69 74 68 0.14
561 0.2846468457011161 0.10000521243785211 0.6177154372120992 24 23 24 0.12
562 0.01823765413919237 -0.15231582030223292 0.6746536334898129 134 127 112 0.34
563 0.2110828222489253 -0.03500053440823949 0.6668090067388839 104 108 108 0.28
564 0.41415323184518005 -0.056978570988340256 0.6511686739160802 61 59 49 0.24
565 0.4192495813134831 -0.03684947291785583 0.6452678718544695 48 46 40 0.24
566 0.41937974053259863 -0.03687402660328266 0.6454773114157003 55 55 45 0.18
567 0.3193152104843598 0.0011449299341472054 0.6521818049120617 47 48 42 0.32
568 0.41057313546266266 -0.005989848123007271 0.6420844721840954 93 96 85 0.19
569 -0.13803348530411164 -0.039974086241938524 0.6681119533504534 59 58 49 0.2
570 0.03089949372240344 -1.021510078359935 1.060983838770013 66 66 63 0.9
571 0.03089949372240344 -1.021510078359935 1.060983838770013 66 66 63 0.9
572 -0.004921312829148048 -0.6430487594551658 0.8946438161813873 62 60 62 0.48
573 0.023786581688518403 -0.4371842434363402 0.800253389179237 63 62 60 0.12
574 0.3605666590812522 0.0465422854989597 0.6374893746138837 124 124 126 0.31
575 0.0028011476716240293 0.06968542112229767 0.5904704887480977 86 83 79 0.31
576 0.3215577265714903 -0.1202931977739972 0.7584847104391628 39 48 57 0.15
577 -0.043112378435564834 0.16153180841636589 0.56035947053674 84 97 94 0.12
578 0.4337233076680181 -0.27375697882937705 0.7580888855007136 99 96 102 0.16
579 0.4337233076680181 -0.27375697882937705 0.7580888855007136 99 96 102 0.16
580 -0.03295590866369286 0.08696885719646157 0.5826844978520496 38 37 28 0.55
581 0.17688426006152216 0.15427244172449373 0.5651838186738909 92 95 95 0.37
582 0.02484425963951152 0.15828458250950156 0.5615022791318756 45 43 35 0.56
583 -0.05631000357727185 -0.04661726099171716 0.6707824621920747 109 109 111 0.14
584 0.07619489287511441 0.05218659865291198 0.60071917269523 88 89 88 0.36
585 0.24822244256840842 0.08064508127250294 0.6272613784018234 61 66 56 0.24
586 0.2066221547543787 0.13926200922640286 0.6098966399039242 76 78 82 0.34
587 0.06859960598021446 0.17303103831753447 0.5512440312229517 36 47 41 0.17
588 0.21392119172971538 0.14173978568913528 0.6035763397274408 131 129 126 0.98
589 0.03371975431428196 -0.46808880451913076 0.786958312452864 101 99 100 0.37
590 0.4291961681820567 -0.2587500265688679 0.7406737792779016 241 245 242 0.89
591 0.32717826912535103 -0.2046452726304951 0.8465588011575524 67 71 71 0.23
592 0.21288408123834196 -0.03926660069962113 0.6670920933899647 60 58 50 0.16
593 -0.03956771679961317 -0.34796141893113913 0.7451987575525669 82 79 72 0.19
594 0.09595758073654669 -0.10442079724071279 0.658011237450593 110 112 107 0.2
595 0.07934913738400373 -0.05439886703004104 0.6382825509763694 145 145 140 0.43
596 0.043866711975622794 0.0014738035426686822 0.6101966359087871 66 63 56 0.06
597 -0.03550438305832403 0.04160421773940578 0.5976639486896879 54 48 38 0.35
598 0.0986257942634292 0.04060895554801404 0.5999691085037436 118 117 111 0.12
599 0.027454210145931694 -0.02224931916761338 0.6218088238785404 72 71 64 0.32
600 0.42244331458755036 -0.09334814243849289 0.673899371915714 115 119 111 0.35
601 0.030799026464236552 0.022912441576154165 0.6068527263774484 110 108 99 0.06
602 0.07817651672620664 0.028401592916560376 0.6088918096138448 149 144 129 0.58
603 -0.012442573585061152 0.04947223796004604 0.5971037420071917 40 38 29 0.21
604 0.0961338646540102 0.05493979152465512 0.5958241457935407 44 42 35 0.18
605 0.028505407126609743 0.12206331685244629 0.572980924167415 26 25 19 0.09
606 0.05514196203403132 0.15740375711526503 0.5619028160149226 117 118 108 0.32
607 -0.02990508114532794 0.06800691144096954 0.5867658093974453 120 117 108 0.31
608 -0.040832740844013976 0.0732326292887883 0.5926877205133484 105 108 105 0.26
609 0.02862872123850305 0.1257674215614329 0.5743642713469009 84 83 70 0.4
610 -0.02361340386920224 0.1343658428874038 0.5680929365808592 61 59 54 0.39
611 0.10314226034363577 0.1593649695744725 0.5615242243770835 57 55 46 0.24
612 -0.10254772289448935 -0.04735098375771575 0.6678921006393749 119 117 112 0.33
613 -0.07463420919108993 0.030684779355966564 0.6428606781056211 31 27 21 0.52
614 0.30238602599825576 -0.018042795922584808 0.6614813080909042 27 24 16 0.25
615 0.03268480578385256 0.13964371109656257 0.5696318473842849 96 96 91 0.06
616 -0.05036467041246876 0.14953400521646018 0.5659033434215862 104 104 98 0.38
617 -0.07956255845278826 0.1511075878627036 0.5644084582987349 58 63 55 0.21
618 0.058306474891282066 0.15210480075543076 0.5658237470014522 118 119 108 0.33
619 0.02857809088112116 0.024449262575491137 0.6095375247874532 94 92 82 0.13
620 -0.07496444189463446 0.09673729806645151 0.6169978380430697 36 35 28 0.16
621 -0.05025597515031675 0.1536970833316241 0.5633062542147818 114 112 105 0.22
622 -0.08809871051277485 -0.0005799521331928997 0.6573970050567552 20 17 13 0.56
623 -0.00430269909877805 0.06665986076281458 0.5950069381630388 125 118 107 0.37
624 -0.008584547987203263 0.1412592077313619 0.569911640355695 114 110 99 0.29
625 0.07559827986759074 -0.25249026118686996 0.7132867788200276 86 83 72 0.77
626 0.41131470442394175 -0.0544273790561255 0.6587066903342929 48 56 52 0.15
627 0.4116655993360403 -0.05443554152270935 0.6591026315509985 39 44 36 0.16
628 0.41587484531179736 -0.025257779094112295 0.6451729834729947 100 103 90 0.08
629 0.0871068970333705 0.015856869755271102 0.6141195685290967 83 81 71 0.23
630 0.42849981271091764 -0.23221499764976136 0.7397170438378998 141 137 126 0.43
631 0.4278048101006514 -0.04833600101476317 0.6429032957280981 54 61 56 0.27
632 -0.14183634546668167 0.07092241011812486 0.6260547484973388 110 106 94 0.37
633 0.32536523604436035 0.06283006852062512 0.6281175278991604 95 96 83 0.4
634 0.42153345335541664 -0.01826301202914453 0.6332981777361524 115 117 103 0.28
635 0.34731138938798284 -0.02546953732884986 0.6629530324594377 113 110 104 0.74
636 -0.026254222583440127 0.1719549605133424 0.5510705492400674 58 56 50 0.61
637 0.1779869133594457 0.13840815081795738 0.6097021872157188 100 101 99 0.62
638 0.1974379259214638 0.13578031580242497 0.6115496091425078 24 24 22 0.48
639 0.024808251506289257 0.15818961743972706 0.5610882564275217 49 45 36 0.47
640 0.11709996894497986 -0.25219078582288257 0.7113073836587355 229 244 243 0.41
641 0.439168600065476 -0.22237523519004868 0.7129729904728592 111 125 127 0.16
642 -0.03577859682700545 -0.08033284046167279 0.6450189929230025 17 19 18 0.31
643 -0.06862345887109085 -0.04107477290737837 0.6658446263124351 68 67 64 0.23
644 -0.022373332164531117 0.12971192465380857 0.5702517858543742 70 66 57 0.21
645 0.079108966422982 0.1581268630174292 0.5601601542494856 108 116 108 0.41
646 -0.19629472182718424 0.0702106139632132 0.6192423861358226 110 112 108 0.42
647 -0.006137236727539748 -0.6564881544113778 0.8898369056563855 145 146 141 0.23
648 0.024850794269672676 -0.6234420815593135 0.8694687845903842 81 82 74 0.77
649 -0.12110454181744541 -0.035947886678814114 0.6650209635441596 65 63 53 0.29
650 -0.12110454181744541 -0.035947886678814114 0.6650209635441596 65 63 53 0.29
651 0.3595014248147547 0.025941312879198545 0.6442174917412101 118 121 114 0.11
652 0.4089740536616353 -0.08362852218919732 0.6828787653489633 110 117 119 0.13
653 -0.07670987766915774 -0.02901988044303527 0.6573977972869495 92 93 87 0.53
654 -0.11645878198585957 0.10668479589658768 0.6079438537757966 118 116 107 0.55
655 0.08654000155023776 -0.2616726027333313 0.7130371431703925 86 79 69 0.75
656 0.1001119488041966 -0.2271696234302028 0.696535732979214 157 152 139 0.23
657 0.4316090553064028 -0.18808029037401766 0.7116324623078566 158 160 148 0.5
658 0.38965461948065516 -0.003432598236038467 0.6623639824733076 75 72 63 0.31
659 0.20365865837712344 0.06185673961966362 0.63437166418464 116 113 105 0.1
660 -0.15708790326766486 0.06493592619769871 0.6263745076205481 53 51 46 0.27
661 0.32495522974263336 0.06289638544561614 0.6276753392010074 106 101 90 0.27
662 -0.16799003936422585 -0.029603488419698027 0.6630876444301993 165 165 158 0.33
663 0.28179771697607836 0.029476714390897857 0.6506726037242758 86 82 78 0.3
664 0.08242938057203146 0.17004607972001756 0.555642813398995 113 111 102 0.25
665 0.2079680402358533 0.06557567717808628 0.6307344181606213 49 50 44 0.21
666 0.18589616132006592 0.06598947918434932 0.6327789025977211 102 107 96 0.15
667 -0.12078065865902864 -0.03070939908017632 0.6656345815043346 75 74 69 0.41
668 0.031530347930458384 -0.052530273421101246 0.632818426757178 82 83 76 0.16
669 0.017490019928200623 -0.7643082231636579 0.9282338206063101 50 47 41 0.38
670 0.0027990584292506148 -0.6023433956674323 0.8728281230702524 150 150 142 0.33
671 0.024744206920571433 -0.4281749506403449 0.7955490530496959 62 57 48 0.63
672 0.028744903451225802 -0.2388177889333258 0.7063048083023062 101 95 85 0.21
673 -0.2886446438661459 -0.03630653089663258 0.6689264341048562 102 101 93 0.78
674 -0.032832287257097824 0.02361496693976796 0.6054323388680689 91 83 73 0.38
675 -0.03295002084751768 0.04061665233699106 0.5975792445538464 98 92 84 0.23
676 -0.06112285326441829 0.07347338626539059 0.6259101351908569 116 111 99 0.31
677 -0.17974021407554241 0.08290922375737785 0.620121700628542 116 110 101 0.49
678 -0.03324635390726112 0.08961175254066815 0.5824477860192209 35 32 23 0.14
679 -0.21403861575790112 -0.037616823073634356 0.6673220741045036 121 119 112 0.44
680 0.4214250715739381 -0.11577317682845709 0.6843192315779285 73 77 72 0.23
681 0.03445756920203723 -0.03919746078205769 0.62642070432962 136 130 119 0.27
682 -0.24326200928916214 0.04524312137535295 0.6358195051738378 123 121 114 0.4
683 0.21120147051016075 0.1472747059312114 0.5969450631581869 108 107 105 0.31
684 0.45442308550134053 -0.20294193645983477 0.8739949258385095 247 243 242 0.73
685 0.2852266658240918 0.008311692987911882 0.6510196414483622 124 123 115 0.15
686 0.016633763275549388 0.0828891255740799 0.5893364849601697 102 100 89 0.12
687 0.3245814391835005 -0.17140332500279942 0.8143163270605238 40 40 36 0.33
688 0.06416669221820814 -0.15669356045388888 0.6764684075746966 95 92 87 0.53
689 0.09424494555072833 0.06118385249184662 0.5938102857688943 117 118 112 0.45
690 -0.12790234880353446 0.08676781190059947 0.6170999509481314 103 108 106 0.11
691 -0.0492477588450741 0.14451300128916508 0.5689684261735299 98 103 101 0.17
692 -0.07134943320240568 -0.04676717552375953 0.6693468622619552 120 126 120 0.27
693 0.41081736286039705 -0.11782872669587857 0.6948284532164261 61 63 60 0.34
694 0.24851179925160097 0.023285878830494423 0.6533282987062938 96 98 93 0.11
695 0.29193178342176557 0.0585630926307845 0.6338692327532469 106 110 96 0.14
696 -0.09697622756570719 0.14392217211894867 0.5673141046038285 96 96 94 0.39
697 0.013614387726636945 -0.14912165820417225 0.6752529251328696 80 80 75 0.19
698 -0.21500570908346536 -0.03724067378583631 0.6629985698010527 137 136 121 1.13
699 -0.025288740195265173 0.1259966045000154 0.5737615938512916 154 141 121 0.39
700 0.0556225749691584 -0.26046338768218286 0.7136832143656682 100 88 69 0.4
701 0.02900304641116019 0.0025297039810142827 0.611048831474518 132 132 118 0.19
702 0.21560889208261785 -0.0470575315762502 0.6659643350701044 115 120 115 0.3
703 -0.17960830263401717 -0.042337866112996364 0.6678384942118215 48 45 37 0.15
704 0.08819817704227591 0.04077551800164862 0.60457647712259 100 103 93 0.21
705 0.061296422923649764 0.05553997852032416 0.5999678791160078 28 32 23 0.17
706 -0.034684027089855164 -0.030144954375364286 0.6247373496739101 78 78 73 0.18
707 0.19434623878525256 0.06267980071189626 0.633404054300585 59 62 61 0.22
