# Image list with two lines of data per image:
#   IMAGE_ID, QW, QX, QY, QZ, TX, TY, TZ, CAMERA_ID, NAME
#   POINTS2D[] as (X, Y, POINT3D_ID)
# Number of images: 167, mean observations per image: 784.174
388 0.9795048621334932 0.017207510323880373 0.19071403666641829 -0.06246834706519211 -0.07144361972595104 0.044647490686774614 -0.08229176738741897 388 image_000388.jpg

133 0.7291348659993796 -0.11665411933351919 0.02179902570980904 0.6740021943924125 -0.025753850898417894 0.031097650141115825 -0.09264111703648589 133 image_000133.jpg

134 0.7326736330965649 -0.10492972115712876 0.020589449364006265 0.6721273302762014 -0.02593334039164446 0.03316660209943184 -0.0949192783801775 134 image_000134.jpg

136 0.7383588954751458 -0.10524561294779113 0.019615812883119123 0.665856345976186 -0.02161665825960324 0.03671655437536551 -0.10186914368973755 136 image_000136.jpg

10 0.9938106265803343 0.042699255835891486 0.09131322520289308 -0.046680845865378476 0.04445311408140955 0.03801985670141009 0.33693069376759804 10 image_000010.jpg

15 0.9936686910213549 0.010189258698426365 0.09598828098514803 -0.05748884968518814 0.003988850553336261 0.025971556141984323 -0.08761178440950891 15 image_000015.jpg

273 0.9875453284745149 -0.08119708478888171 0.12046621626703777 -0.06040816604427533 -0.03702096831141016 -0.2981870894759153 -0.6742651162102201 273 image_000273.jpg

279 0.9896545757678545 0.054167893529298385 0.10629796867713402 -0.07968939596338465 -0.0008150757429826686 0.05918721949375258 -0.050198692409085865 279 image_000279.jpg

410 0.6798122969522302 0.045323140144602 -0.06971777101490764 -0.7286566982809305 0.022797618577097348 -0.17764828763103996 -0.14942693805465107 410 image_000410.jpg

27 0.999035993397522 -0.02809654234115657 0.03371157438257891 -0.001093395743043081 0.14527490121334205 0.01998988004171534 -0.1637761423680337 27 image_000027.jpg

29 0.9793241256563487 -0.14085105201083076 0.1205643455467024 -0.0809288249754019 -0.05470350474041605 -0.43413813117513367 -0.7092621396032914 29 image_000029.jpg

157 0.9997986391040927 0.0012483435907005163 -0.004257896562680695 -0.01957000847015788 -0.05113783684703898 0.023081029076294744 -0.06458060441659154 157 image_000157.jpg

31 0.9896934314057874 -0.013081900859198275 0.12604445782914958 -0.06669756083962597 -0.03238189085415115 -0.0035274406648655374 -0.17387196580878223 31 image_000031.jpg

180 0.9990082364364532 0.02846575791215663 0.0037487009322252885 -0.03403236822793847 0.02192411832491253 0.04920463044277708 -0.08516725275228568 180 image_000180.jpg

181 0.9886688145631336 -0.07967428247808621 0.09338148576600638 -0.08640534647705093 -0.09390940220756397 -0.24080454887469077 -0.5716330882311668 181 image_000181.jpg

183 0.9722180286078207 -0.1445765161393491 -0.16778401353394493 0.07575126063548575 0.8347737956774492 -0.23605174427062722 -0.42966439321152516 183 image_000183.jpg

446 0.9715588190187157 -0.17318407736820887 0.07138516622508079 0.14486163958963563 0.0687812308973523 -0.33868562430017646 -0.5463286698671758 446 image_000446.jpg

453 0.9937884641527909 0.011031860274883423 0.0871664121554487 -0.06829937177420196 -0.11997691110589942 0.0019667715722958504 -0.19694600055146802 453 image_000453.jpg

199 0.9776050099803414 -0.16854943471280492 0.07264394087177284 -0.10296787110444 0.03877912511004375 -0.428240741051702 -0.6288387081048861 199 image_000199.jpg

459 0.9857248883897496 -0.061609763742846074 0.10556732518903046 -0.11578525645107349 -0.25686100227932523 -0.1615629168378533 -0.49737052423072015 459 image_000459.jpg

332 0.9962784043020977 0.030385016070757193 0.05380261780588863 -0.06009460450690518 0.001616322070834857 0.03369041465506327 -0.0710347495337942 332 image_000332.jpg

206 0.9787470506953947 -0.059190537784305434 0.17434409034202666 -0.09030411271460889 -0.20149594775111962 -0.07308204524757586 -0.142463058146986 206 image_000206.jpg

207 0.9987748064730988 -0.018490023440292942 -0.04590024744451468 -0.0004192210116854979 0.5071520275175373 -0.04562005422259894 -0.25332269596981566 207 image_000207.jpg

462 0.9790165492184403 -0.15524697746103086 0.11959173884812464 -0.05588180590585627 -0.04149306418941742 -0.38081661376957676 -0.6024109162795992 462 image_000462.jpg

209 0.985702497898609 -0.07065652353622667 0.12229476590110336 -0.09188157709487443 0.08315505333229825 -0.07447413113938632 -0.25241212103180277 209 image_000209.jpg

82 0.9920342002116408 -0.03645520102692595 -0.11945513607502622 0.016420515466979348 0.2858621682908593 -0.189252815834081 -0.5564271033250004 82 image_000082.jpg

464 0.9770381167708218 -0.012604761223122244 0.19743202323075618 -0.07910904433610856 -0.24599394237511296 -0.06722835134223952 -0.3384660130673497 464 image_000464.jpg

79 0.9842906322036642 -0.08377572332449217 0.11856900873667138 -0.10047370595247727 -0.0007638039903340721 -0.284869012580943 -0.5850821612268601 79 image_000079.jpg

466 0.9965511861293607 0.0038800798687010475 0.07749342836109645 -0.029418687786432873 0.07493215741136797 -0.032122718943754375 -0.28287567258378216 466 image_000466.jpg

88 0.9999934305681188 0.0029096707719884446 -0.0021221129283395712 -0.0004164230005347058 0.17904248013819493 0.010582187270298592 -0.17413413581257794 88 image_000088.jpg

344 0.9980350485833355 -0.00511596722783304 0.0072347156347376375 -0.06202842858998214 -0.020797417438531012 -0.012250026606160744 -0.19527893547643105 344 image_000344.jpg

101 0.955620105452664 0.06265913705206348 0.04835884260935027 -0.2837700886258858 -0.12647047204341033 0.044756206742727685 -0.323806068287545 101 image_000101.jpg

233 0.7665426949582105 -0.19712876113734243 0.09298163098078564 0.6040753249456576 0.19744344839853395 -0.30520846057002177 -0.5082509045340186 233 image_000233.jpg

235 0.6753671157853893 -0.007482455037739529 0.11112169346048968 -0.729023530822403 -0.28593745820449357 -0.09630134114905897 -0.6979448759495209 235 image_000235.jpg

108 0.9833910481308853 -0.11753164047612022 0.11621625702211659 -0.07498098156637943 -0.0472219050852964 -0.3509712341527619 -0.6404319424283498 108 image_000108.jpg

368 0.9868813273980501 -0.12734990393779183 0.08626938915963628 -0.049039220512426325 0.05399176304651357 -0.3470657952637903 -0.7867502397349597 368 image_000368.jpg

116 0.7352279763409094 -0.07816931613129748 0.08361965442919418 0.6680847109381075 -0.025623090199555512 -0.09174331249706458 -0.13782937429345707 116 image_000116.jpg

505 0.9963851171028776 0.016253031676521253 0.05784335297181638 -0.06005561100922232 -0.007289714901521438 0.03049347225716335 -0.0835114878549635 505 image_000505.jpg

253 0.9893677897361647 0.03830616605843601 0.12292759407456967 -0.06762273698691594 -0.05481444563678988 0.01441064662132935 -0.27921442478683384 253 image_000253.jpg

155 0.6520649760099644 0.05246533081602819 0.08566266369525576 -0.7514789656309194 -0.19953122105050872 -0.0497517040991034 -0.7137487195542295 155 image_000155.jpg

289 0.9381127651380988 -0.18274119761882265 0.24621032724997316 -0.16102972618902747 -0.2341044322601349 -0.4635708808322857 -0.6176420231295755 289 image_000289.jpg

398 0.9920763628053418 0.02307141839896507 0.10605819159658914 -0.06327603219166461 0.11955189105665386 0.005239615725410865 -0.17170205142265071 398 image_000398.jpg

156 0.9980009157467253 0.023537873039111146 0.05482701003126427 -0.020836130558088424 0.04312101215462699 0.04364182937462317 -0.1025058091593995 156 image_000156.jpg

416 0.9757114819645977 -0.08883686557209576 0.17340923773769573 -0.10012166005823041 -0.1926194042581405 -0.2609751575189291 -0.5750686001088327 416 image_000416.jpg

290 0.9839829522501201 0.019014246106720027 0.155736666402934 -0.08462921333631045 0.010585101528799573 0.03807037445527273 -0.10329961887968225 290 image_000290.jpg

169 0.9992383286903798 0.002869937753602999 0.02058683641138778 -0.033025901657555846 0.13569023039625472 -0.0013449347752184323 -0.1720233136814642 169 image_000169.jpg

300 0.9932832468772572 -0.05517845993780186 -0.10150521213141918 0.0063573504363903105 0.4807643130354446 -0.03491281142481513 -0.23868733751258725 300 image_000300.jpg

489 0.9963949341941428 0.0289451054954784 0.06228237187481695 -0.049801863838928026 -0.003279775401831297 0.039483564228859694 -0.055727272189928165 489 image_000489.jpg

495 0.9963885428533206 -0.0005748964387135926 0.01911456416527283 -0.08272952984242918 0.07017283181379726 0.004608396097614684 -0.1312101217080276 495 image_000495.jpg

158 0.9778674759281346 -0.03332428992800797 0.18426934241131487 -0.09332474892673051 -0.1587980594671901 0.008750631461159796 -0.16874051866357612 158 image_000158.jpg

171 0.9874052855993846 -0.056188847076051054 0.14194850363002323 -0.041523993320113646 0.08844102986299694 -0.019323068097653946 -0.19773045420439458 171 image_000171.jpg

59 0.9924836124654056 -0.07567521840146262 0.07847504618107022 -0.055598610353860656 0.08167099568439486 -0.3113082853695711 -0.47066270730163384 59 image_000059.jpg

475 0.6637709113969463 -0.05204216812125272 0.126383718158899 -0.7353413861837402 -0.37816859010663695 -0.13787941458392783 -0.6538243809637351 475 image_000475.jpg

357 0.9924438390761319 -0.07145404284964423 0.08188496994271081 -0.05695963089385393 0.07675519324191593 -0.3065076257249931 -0.474193457668582 357 image_000357.jpg

385 0.989195445253723 0.02974690065581331 0.12753891273257104 -0.06588864647786394 -0.009668113323476371 0.053084853602327835 -0.06943798755576369 385 image_000385.jpg

139 0.9889255043797194 -0.11415858952488862 0.07791196579542217 -0.05407285093732196 0.043360412891395236 -0.3206210943835781 -0.6365330644052398 139 image_000139.jpg

458 0.9994906836955172 -0.0055413345834734095 0.02001155302135545 -0.024232500554960925 0.16547342841134868 0.000431842998711433 -0.1869113456060474 458 image_000458.jpg

395 0.6470416548724413 0.17822737207716036 0.08952629070112794 -0.7359056667740453 0.011670691460580886 0.20018987284516376 -0.1904903713178746 395 image_000395.jpg

226 0.9853155525056969 0.05885695490034052 0.14766124603148426 -0.06233200686064175 0.02121288983851268 0.05292593017096996 -0.08977890746169301 226 image_000226.jpg

54 0.994845956643107 -0.016383993742050865 0.08866553271545383 -0.04638459210190928 -0.012625745087519987 0.029769913812858765 -0.015064025813594775 54 image_000054.jpg

304 0.9937581583820472 -0.07339426641715088 0.06483668606448999 -0.053424956182939125 0.017808449821689235 -0.36082881496144986 -0.7933084293182213 304 image_000304.jpg

104 0.9899255528683177 0.0478652986911199 0.12219109755829372 -0.05315685235414921 0.05034653981164286 0.0068258917663721955 0.35294947615056227 104 image_000104.jpg

73 0.9974073975741072 0.025064283753954607 -0.02896769103720036 -0.06091907738735063 -0.006894312248811622 0.02259934755215277 -0.020884197290239888 73 image_000073.jpg

127 0.9653487451014866 -0.2567801826685484 0.04649353142756237 0.0020259943711359706 0.2136724534377768 -0.6797687208630325 -0.6954168136411989 127 image_000127.jpg

238 0.6944191444086445 0.012372320886542415 -0.055128756136700256 -0.7173491470682407 0.010671202331546042 -0.3880139143087759 -0.2643695064522537 238 image_000238.jpg

172 0.9872889984793679 0.06477878467408696 0.12974752937130143 -0.06503632586900658 0.09340102172569181 -0.004106564737034163 -0.35639961075096577 172 image_000172.jpg

231 0.9926629183215505 -0.054810046927784475 0.0931403749444069 -0.054231576854478256 0.06097510218918307 -0.2657669148139214 0.5592713198758004 231 image_000231.jpg

239 0.9860460661942486 -0.0236159155989161 -0.16465824177719798 0.006566121921595163 0.5609162509504594 -0.01871062042777808 -0.1484777112817411 239 image_000239.jpg

349 0.991983742306964 -0.0773862604219987 0.08289395927188749 -0.055751219774949616 0.059008391415335926 -0.04123085035472142 -0.20979043095759733 349 image_000349.jpg

28 0.9981684792524523 0.015774800539793334 0.007938625521825515 -0.05786040726198982 0.018766508813597788 0.02545076579328783 -0.11680263040784443 28 image_000028.jpg

470 0.8752355676562109 0.05238571304341901 0.0018564404406450333 -0.4808481651348444 0.08337860881412236 -0.11811339357004046 -0.17701742589945957 470 image_000470.jpg

234 0.5775966682313964 0.12403790337804298 0.20979425691137707 -0.7790912007567057 -0.3029957776127369 0.3788740938486055 -0.7700072658587584 234 image_000234.jpg

515 0.9848744435223947 -0.06862013809854865 0.13498898595928982 -0.08421154905622386 -0.08117056327199576 -0.3159473441388203 -0.4557049624757284 515 image_000515.jpg

355 0.8242706770300757 -0.09317583236950884 0.5013066955093906 -0.24614569427998173 -1.130381300719717 0.10016927875995957 0.10229843743553702 355 image_000355.jpg

118 0.9339241895124477 -0.012728407053371745 0.3141349377942758 -0.17012595744101838 -0.6978182322946711 -0.037389989604279694 -0.3320436008672804 118 image_000118.jpg

119 0.9431708690301427 -0.02789743584601844 0.2980272442830249 -0.14432674550831862 -0.6803608890123863 -0.09614068104094331 -0.3361260541008583 119 image_000119.jpg

270 0.9896037507733685 -0.038515741383104485 0.10334743090587284 -0.09230528698199435 -0.23444709586923398 -0.09909483440141215 -0.4076541188069644 270 image_000270.jpg

64 0.9994205091806561 -0.02917396945867618 -0.012892400128381004 -0.011887342687534806 0.19237668234985172 -0.0011865191269086195 -0.18736584871183962 64 image_000064.jpg

412 0.9992143856324679 -0.013875837739596143 -0.03650520445377432 -0.006741254267756932 0.3962939960265375 -0.016462527965905145 -0.31998228451647426 412 image_000412.jpg

162 0.9835451629331508 -0.0178842002956392 0.14401676765596505 -0.10760219472701049 -0.4365746898865529 -0.10955147834202303 -0.46608048709431976 162 image_000162.jpg

507 0.8648840971094119 -0.05893366784834662 0.4539693219706061 -0.2059470270654818 -1.045077432110006 0.035046724758034956 0.013803953879261976 507 image_000507.jpg

502 0.9857436360178339 -0.018684294935653347 0.12785671244413416 -0.10776389560341623 -0.4215904334080097 -0.11238404832262577 -0.46118860627847785 502 image_000502.jpg

503 0.9621442551296154 -0.1122928488908372 0.20770304703571688 -0.13611828246179394 -0.36120703894691303 -0.36705973500556344 -0.5712658801765566 503 image_000503.jpg

517 0.9928338779836045 -0.03523180764605075 0.08785447602872326 -0.07294660535522642 0.15180758810751938 -0.05539467636308407 -0.44669273751946365 517 image_000517.jpg

292 0.9956119647216114 -0.003037076615441756 0.07052537910508545 -0.06143095081562296 0.0058685989418263175 0.03356332606166441 -0.20201879075721443 292 image_000292.jpg

182 0.9989662173953968 0.007995105406919376 -0.041736106025824345 -0.016145541819380965 0.02579186270313472 0.0009007048288753113 -0.17501912698565372 182 image_000182.jpg

282 0.9576405569933685 -0.13019100940672024 0.20523849342852207 -0.15444104317475754 -0.02383503190067754 -0.18580182609872586 -0.3632167040310431 282 image_000282.jpg

51 0.9926066891645428 0.011577572286668086 -0.11380249114072613 0.04058227293297284 0.29850792056690556 0.03289075581725576 -0.16121264721954717 51 image_000051.jpg

44 0.9828283975638329 -0.13841216508144388 0.10907551397200507 -0.05470785966851775 -0.027324023787613255 -0.4877864065564841 -0.658118118333076 44 image_000044.jpg

373 0.9713122532243738 -0.15286070448223335 0.14570723432319801 -0.10934128063094105 -0.20720546861205177 -0.3350102267886856 -0.09855834836500735 373 image_000373.jpg

403 0.9954908857902733 -0.07452598633219654 0.03224003993787812 -0.04903418041537425 0.192993372588202 -0.03691185057555969 -0.21738214795548355 403 image_000403.jpg

9 0.9999775105911076 0.001858251352985892 -0.006438003112290011 0.00028034444242273736 0.015130584774352331 0.037803999564153166 -0.12193154712185346 9 image_000009.jpg

236 0.6705755450823065 0.06572377859470624 -0.007940108731197599 -0.7388813804300893 0.010806391796579006 -0.25250762732201204 -0.25292826837119986 236 image_000236.jpg

237 0.6815736968419365 0.031028220548037222 -0.01718008871749754 -0.7308894938592735 -9.49112744465068e-05 -0.31149540744464504 -0.26491779842773144 237 image_000237.jpg

98 0.8595216658094778 -0.120655325483798 0.43404289008329183 -0.2413950342445963 -1.0693249377476288 -0.03662635463136729 -0.15470502478008208 98 image_000098.jpg

413 0.9993974518146261 0.002789217738166289 -0.0006403128987781047 -0.03459120908370824 0.30155252903852225 -0.0224763959828456 -0.2400444355427666 413 image_000413.jpg

167 0.9886696679063168 -0.07114861051653892 0.10532347500925446 -0.07985694856315295 -0.00879215419384033 -0.07057216402706187 0.6162684929302868 167 image_000167.jpg

2 0.8493942803116747 -0.07973385690129153 0.47382540836649134 -0.21831477573537986 -1.0717760067252122 0.013658884743712268 0.26204841424456404 2 image_000002.jpg

417 0.8533297539831525 -0.033282378638523825 0.479156065885095 -0.20280554528286676 -1.0812483953522272 0.05179652121146801 0.009647700841105389 417 image_000417.jpg

299 0.8527547185045127 -0.11810532063518428 0.44950127955349645 -0.23834662903596657 -1.0915288055575227 -0.04070256914013218 -0.10652175878460812 299 image_000299.jpg

371 0.893360197367451 -0.11943182205302534 0.39388310244181024 -0.1802766942626529 -0.860535654450427 -0.27075616307816475 -0.4529966019887717 371 image_000371.jpg

252 0.9847397186664181 0.10246504485620486 0.13311596158943279 -0.0454833322782909 -0.013472096274929176 0.05483959529623951 -0.11953492954093817 252 image_000252.jpg

195 0.8977601290653799 -0.04880664303410265 0.4027005448292691 -0.1716884578653409 -0.934167636695207 -0.0570526554981788 -0.1933494599569634 195 image_000195.jpg

522 0.7220486407258108 -0.018228420669201505 0.6414375715121776 -0.25859488834126165 -1.6471697283576752 0.3455417806947076 0.6556882805154232 522 image_000522.jpg

337 0.8022246402803225 -0.1351848390502187 0.5187273153589161 -0.26283581561763864 -1.2087760147117765 -0.058271631916826744 -0.05508822188900764 337 image_000337.jpg

213 0.8518824472272539 -0.028170742874324146 0.4226221677478796 -0.3080474128591198 -0.989780641158922 0.23269100239642712 -0.022031555345733866 213 image_000213.jpg

24 0.9826883013321123 -0.027459976992990853 0.14637552238782994 -0.11019916739806948 -0.267250306711347 -0.04629712778901446 -0.3178105396395394 24 image_000024.jpg

436 0.8798945050281723 -0.08065329330420203 0.41507406929528395 -0.21678151796312412 -1.0376984593291496 0.025660142330450365 -0.10599725772182578 436 image_000436.jpg

103 0.84559085680797 -0.09551722294743636 0.4655676225234315 -0.24310358365701482 -1.1221038878931247 -0.04048568276445587 -0.18478092405162183 103 image_000103.jpg

137 0.7265634189077302 0.01643671929273712 -0.043100160396629644 0.6855493026694055 0.07099330757842313 0.4935744450702297 -0.3499448264234944 137 image_000137.jpg

33 0.999278744087085 -0.025410305307320233 -0.02821099037892388 0.0006744094555360487 0.39792886840201186 -0.019693837871126694 -0.26865442585148225 33 image_000033.jpg

23 0.8943738802856792 -0.0743390535343336 0.3880083348915844 -0.20980612111664732 -1.0364793291874026 0.007405737301427965 -0.16295551399424385 23 image_000023.jpg

196 0.8730326597310923 -0.26601431278630966 0.31012550136685935 -0.2662189498389866 -0.7649279447333349 -0.5688625819740981 -0.5235292593347073 196 image_000196.jpg

492 0.8331349153029939 -0.25358060257361065 0.38710040367218873 -0.30288012109594337 -1.0427847940446469 -0.3113923012749679 -0.3160145056209803 492 image_000492.jpg

178 0.9357320566563202 -0.02346339315578719 0.3157571799628201 -0.15541040399197997 -0.7342511536837146 -0.03613081465823467 0.10704767704722154 178 image_000178.jpg

364 0.8681703050232206 -0.260888752038012 0.3459089121514222 -0.2420008447091206 -0.8507996854594504 -0.46778964920171584 -0.41399672359529893 364 image_000364.jpg

198 0.8624349984709627 -0.2634418285360377 0.3194416806257259 -0.2911379141513953 -0.7996793919063502 -0.5311346872750129 -0.5103712577314384 198 image_000198.jpg

197 0.8633644748174656 -0.2685173330887014 0.3149194969583863 -0.2886623525676326 -0.7921438849674245 -0.5440650119316784 -0.5084874914263804 197 image_000197.jpg

524 0.8159562335793872 -0.07558294615729262 0.5144776854644999 -0.2526170141818386 -1.187669571918444 0.15197787134118124 0.10443750892287162 524 image_000524.jpg

414 0.9835865731472643 -0.10808414704078864 0.1337103656291555 -0.054743224880120914 0.11096643837351695 -0.16386549762139913 -0.3790289503462172 414 image_000414.jpg

377 0.8018767240959593 -0.2911373829761017 0.4115822855056938 -0.32067548683761354 -1.1079476665483905 -0.48066842654148445 -0.3311343163798675 377 image_000377.jpg

248 0.8527464369670443 -0.1557029536008889 0.42572325982482184 -0.2594991469134196 -1.0363799779381946 -0.2492436211941773 -0.4197611222033937 248 image_000248.jpg

455 0.863050300831249 -0.11441648110143092 0.4392883978908937 -0.22153727162340758 -1.0261411033655579 -0.19672752333626406 -0.15574244656043668 455 image_000455.jpg

193 0.877110993141161 -0.12675792558981747 0.4121758571783939 -0.21147055184976474 -1.00116970951884 -0.041631277687348624 -0.10395164111387922 193 image_000193.jpg

93 0.6577579310454011 -0.14087702113255177 0.6344760200623436 -0.3807208090642811 -1.485344402858826 0.3515665959113344 0.32595475645378236 93 image_000093.jpg

472 0.8176356227139662 -0.28155391478032843 0.3932386249929834 -0.3123504004343531 -1.0594845606367969 -0.3567715167374673 -0.2875138946782542 472 image_000472.jpg

306 0.8294855850209921 -0.2665191428817699 0.37805143827247284 -0.3130468158983678 -1.020523992795766 -0.4137052137043039 -0.3852298297845542 306 image_000306.jpg

376 0.8003919183205228 -0.2928009938236252 0.4084101220261257 -0.3268662152327296 -1.0956003573063555 -0.4791319482512364 -0.3390759463373715 376 image_000376.jpg

4 0.6483326288928456 -0.029831866814649544 0.7065353306866172 -0.28210403390407784 -1.6731227747404473 0.4523025592516959 0.9689481332335671 4 image_000004.jpg

452 0.706311050120185 -0.012731740893450897 0.6242036543752788 -0.33366511791276915 -1.6023796753378154 0.5351889904577898 0.45729636693216075 452 image_000452.jpg

338 -0.29972963061654745 -0.2548656128052963 -0.5461602966353232 0.7395367856559761 -0.11541794966719372 1.3458390106164613 0.021997058485606333 338 image_000338.jpg

380 0.8242123524469191 -0.06343545566846057 0.5255367328019254 -0.2011493909139918 -1.2475009867692965 -0.16999844290802793 -0.32131384478680514 380 image_000380.jpg

21 0.8363264819408761 -0.15430406252207293 0.45071978653867967 -0.2712931143788636 -1.0961112489842129 -0.18278517154164312 -0.24375941155962613 21 image_000021.jpg

378 0.8062184693474858 -0.32547442803355847 0.3764673036135845 -0.31992276798130304 -1.0684225637025988 -0.5556712194634982 -0.16650032629066894 378 image_000378.jpg

516 0.6567859625496285 -0.09945858518932348 0.6819787333286297 -0.3060150250834173 -1.4403260761240073 0.2901563855435095 0.8845520593539733 516 image_000516.jpg

418 0.7394470846913065 -0.1140687418007048 0.5807881989057392 -0.32076688587362745 -1.337749224147981 0.17512483433352383 0.09394575469072294 418 image_000418.jpg

316 0.7010860582381861 -0.16032029607244333 0.6350977935713708 -0.2818271565227991 -1.2824467389172027 0.18352698317008626 0.41964306435192195 316 image_000316.jpg

70 0.6053968805039205 -0.20194589517401176 0.6317948846010673 -0.439940646170744 -1.4753459704786502 0.34344073595721025 0.28403067388516645 70 image_000070.jpg

419 0.6128144999461991 -0.1559695006694858 0.6605898172046659 -0.40466405098987096 -1.4294506716350517 0.3448580711554735 0.339491604929488 419 image_000419.jpg

441 0.6212531846862752 -0.1711165926148336 0.6329056706729917 -0.42917827241381773 -1.4932763451898425 0.3915407988283961 0.2895441983527698 441 image_000441.jpg

317 -0.10710533519053489 -0.48372742899304877 -0.5878520726848054 0.6395045591080231 0.6489691402673747 1.4398113853237635 0.9308994066968803 317 image_000317.jpg

295 0.5595034922840127 -0.08686282820288836 0.7453928066336819 -0.3518526522495763 -1.4280815815640504 0.6324825268568738 1.0653947166902848 295 image_000295.jpg

442 0.6409457273306491 -0.2156835513309254 0.5931280674349875 -0.436884779449168 -1.5502631855296476 0.2865260506325155 0.18846952140779924 442 image_000442.jpg

379 0.8073454913748274 -0.15937369120055558 0.5038630748143875 -0.2625171864615758 -1.2563855285287204 -0.24152375296315146 -0.09167227195306127 379 image_000379.jpg

42 0.8495713789434448 -0.20562428158900975 0.3962459971457022 -0.28095591908506556 -1.0227070019633937 -0.3459646901918979 -0.6030720270359281 42 image_000042.jpg

402 0.10193482078499318 -0.0711663302691106 0.9918837640184798 0.02666918789960077 -0.30977609054737054 -0.3471458917303347 2.083423124708222 402 image_000402.jpg

468 0.9830524341030245 -0.15681655006000392 0.07719957415732161 -0.05528749436140975 0.07104128661868257 -0.14424253041377477 -0.2386415465606184 468 image_000468.jpg

