# Image list with two lines of data per image:
#   IMAGE_ID, QW, QX, QY, QZ, TX, TY, TZ, CAMERA_ID, NAME
#   POINTS2D[] as (X, Y, POINT3D_ID)
# Number of images: 529, mean observations per image: 6.457
32 0.9817666610435754 -0.030049217209251692 -0.18072422191948453 0.0506952590498612 0.3811154579282925 -0.115984314022649 -0.5021353463252443 32 image_000032.jpg

449 0.9849707449965331 -0.016882184800557583 -0.17015676815239072 0.024378530310801443 0.22270710358313556 -0.07528673110129984 -0.34714874417617625 449 image_000449.jpg

72 0.9966164306174138 -0.017309054611600566 -0.080275609875086 -0.0034508882563485757 0.24453623803081098 -0.10139088887918156 -0.44169781681694353 72 image_000072.jpg

258 0.9942331409489199 -0.012071246595614135 -0.1047992028091083 0.01928400110544908 0.235558108905415 -0.0930064206252471 -0.45889262512923074 258 image_000258.jpg

216 0.9844233055524021 -0.014657219475054334 -0.1733749283656222 0.025239976647200797 0.2837863063866508 -0.10526476799408918 -0.49502929811782415 216 image_000216.jpg

132 0.9809167907654485 -0.04960906007652815 -0.18220693837925694 0.04627992094184138 0.6085661809671827 -0.17263103224337892 -0.6361416050395571 132 image_000132.jpg

37 0.9973250554507906 -0.07054490062266493 -0.018618559737096793 -0.004415004350368754 0.09727867749618166 -0.19006849086946576 -0.573497158925678 37 image_000037.jpg

46 0.9616282445758896 -0.0470982179402022 -0.26779724886452827 0.03657177116005346 0.5327067371963847 -0.16595238190087452 -0.49867663103825993 46 image_000046.jpg

152 0.9805680926893589 -0.01624101016567199 -0.18805972213752942 0.05344147473110145 0.34424758549377826 -0.08357912250995514 -0.41723234671535026 152 image_000152.jpg

95 0.9972477982020664 -0.07194145613321934 -0.01750510276236986 -0.0038502668693462115 -0.00177172794237768 -0.14089355574308698 -0.4408584738275152 95 image_000095.jpg

94 0.9936251617398096 -0.022888976205364623 -0.1103825627635747 0.000908467485951889 0.17024138773202196 -0.08756119013879027 -0.39239418020910455 94 image_000094.jpg

123 0.9972949625289635 0.010897655647584726 -0.07260209609108195 -0.003596649150586661 0.05981182913611906 -0.034604974087150873 -0.21465893427192811 123 image_000123.jpg

287 0.9918620177689618 -0.04790276124234171 -0.11399349478233778 0.03034039462386869 0.18195510038647572 -0.1586992116229229 -0.5642484283568449 287 image_000287.jpg

17 0.9953837755624995 -0.004707363651166572 -0.09557428148600304 0.007385073056926814 -0.049319564718794735 0.0009552385813547049 -0.022603486812664872 17 image_000017.jpg

264 0.9966984546134876 -0.061342690074907884 -0.04365274877190688 0.03039231433792425 0.15470150134669114 -0.2329961697828382 -0.7694450136918367 264 image_000264.jpg

47 -0.03956901938987439 0.18382571101099907 -0.038309301272116986 0.981414643024103 -0.344562779837961 0.1779003787842548 -0.6817852109997492 47 image_000047.jpg

190 0.9853198454835979 -0.04352143790172105 -0.16109089153269854 0.036061264524079706 0.3157351586608618 -0.16643533972526312 -0.6140997002044842 190 image_000190.jpg

191 0.9819755844519129 -0.05180162311583931 -0.17541116915349275 0.04765983253272954 0.3359643974916854 -0.17121588999853787 -0.6019905402197339 191 image_000191.jpg

106 0.9754504170081255 -0.011999052877832152 -0.21948241543523775 -0.01341568701766704 0.43728214447354824 -0.1599484409481883 -0.6228464950949991 106 image_000106.jpg

77 0.999729062093393 0.004303745040279484 -0.017094083042136804 0.015201145209529903 0.07821349754755708 -0.05019997539119544 -0.22740362569092118 77 image_000077.jpg

20 0.9958075712699562 0.014091154309444453 -0.09026402801563087 0.0045954739325027695 -0.05231181067441503 0.0030321474878198186 -0.003099790836783311 20 image_000020.jpg

154 0.9509427191384748 -0.010977451200407252 -0.30411878277988 0.055670700206941676 0.6559153516848144 -0.06800083963537251 -0.33287468307784945 154 image_000154.jpg

249 0.9854886106461699 -0.0007375087601284674 -0.16870394319041382 0.018725564859145467 0.3297614326167887 -0.10678546951885462 -0.5991502920424162 249 image_000249.jpg

250 0.9981303358656886 0.0008107807950310325 -0.060126571037554394 0.010952865785618708 0.008190274508879117 -0.1000595365639015 -0.6351755899193303 250 image_000250.jpg

39 0.9841562302056148 -0.03867227490231583 -0.1692840265904749 0.03583130705312524 0.2896279093838509 -0.11113994157655355 -0.41256850603569273 39 image_000039.jpg

89 0.9990634376352574 0.007581232160564654 -0.04218348924129944 0.005943654349754415 0.027055453577950105 -0.013333144985409055 -0.13829779804948544 89 image_000089.jpg

215 0.9820714175128988 -0.006830601555692471 -0.18621220371375974 0.028532181761998482 0.15316426999025756 -0.06109710284433537 -0.3386235378069837 215 image_000215.jpg

90 0.9998462929953471 0.0031167276555765905 0.0061958245142820275 -0.01610272091473902 -0.028872902166593443 -0.01476259107385745 -0.05004673639353749 90 image_000090.jpg

143 0.9944607613231862 0.026216674226807683 -0.10170564570499042 0.004054354489899714 -0.0495804600636058 0.02790623403983554 0.1660643385943756 143 image_000143.jpg

53 0.9894801848580331 0.04004312371635079 -0.13876466205578936 0.008359982001605535 0.003569706682065639 -0.018481728671820845 -0.13779540914013635 53 image_000053.jpg

225 0.9984299508706356 -0.034037802238195455 0.04325928696613875 -0.010377670602514637 -0.13223706666246202 -0.07165004360565 -0.28277036062866523 225 image_000225.jpg

3 0.9999998584389587 0.00012406527394933902 -0.00017820112019458056 -0.00047310282537865874 7.812864685315126e-05 0.00017432682272737647 3.240443604945865e-05 3 image_000003.jpg

105 0.9994852186453459 -0.027491763103346802 0.0018419799303349956 0.01643507588763291 -0.026698524855402177 -0.0967426959040067 -0.40504930351135454 105 image_000105.jpg

78 0.9741501806214052 -0.028763348638324557 -0.22264686368385808 0.02514934830517505 0.38025458186425043 -0.13922124366692662 -0.48979555309142747 78 image_000078.jpg

174 0.9993968575230284 0.023251088199710616 -0.02361029338254819 0.010385775965634426 0.006028541371963145 -0.0287637068405592 -0.19228912312342694 174 image_000174.jpg

176 0.98506290377743 -0.028036191915651255 -0.1643968795586494 0.042880157992565324 0.3229584566684668 -0.08910396342270148 -0.39937754912241635 176 image_000176.jpg

80 0.9943376207309339 0.026228347426947476 -0.1017644414969936 0.015772061032579665 0.29346671787514395 -0.09016334165149759 -0.7106904180283778 80 image_000080.jpg

19 0.9901702679530774 0.01677742170304705 -0.13798885080439643 0.015506180888265312 -0.04348313080048411 -0.0039430352837183675 0.037815288454766845 19 image_000019.jpg

