# Image list with two lines of data per image:
#   IMAGE_ID, QW, QX, QY, QZ, TX, TY, TZ, CAMERA_ID, NAME
#   POINTS2D[] as (X, Y, POINT3D_ID)
# Number of images: 144, mean observations per image: 733.743
386 0.9993493259038752 0.030363511964993064 0.01655550926189431 -0.010242021156813606 -0.10742758439444669 0.05454657955582612 0.3783594399275851 386 image_000386.jpg

420 0.9811325541439655 -0.07102133461470922 0.1668629894389024 -0.0670195800175182 -0.5565605261497435 -0.10199893304398686 -0.3503958149076686 420 image_000420.jpg

421 0.9985724238070182 -0.03043066046681795 0.04010338174865715 -0.017854739141327607 -0.13951339948017405 -0.09706530327979601 -0.3129545414431532 421 image_000421.jpg

485 0.9966367957904135 -0.01810729561078335 0.06995061107373549 -0.03865418009665302 -0.25462227169034973 0.03049864868342185 0.08803765459073612 485 image_000485.jpg

487 0.9990748532233416 -0.030689313762931675 0.02621812341802142 -0.014839414481189365 -0.22446503381716543 -0.08270448902835785 -0.31567355236088274 487 image_000487.jpg

425 0.9991663573251979 0.020554735542333873 0.02527704719645287 -0.024599906448163553 -0.09292415893408579 0.026821891823572364 0.19466751342571217 425 image_000425.jpg

506 0.9998361322074794 0.0016083025745976926 -0.017762053210768815 -0.003103789943658437 -0.06722114232940317 -0.032713186758216946 -0.09341445810769414 506 image_000506.jpg

343 0.9954771415501004 -0.029262287085992933 0.0885826036838539 -0.017946961927533457 -0.34116988434419804 -0.0723464132899739 -0.3540139509480047 343 image_000343.jpg

314 0.9999953105614625 -0.0019415755869146279 0.0021115047966423594 -0.0010709535752519712 -0.0078682019087155 0.01303397746922772 0.06544586051957722 314 image_000314.jpg

479 0.9988211879003641 -0.028596823054130277 -0.034175638751502785 -0.019247985846991108 0.058056709230424275 -0.09865034171842221 -0.31245561418686896 479 image_000479.jpg

264 0.9985838452854477 -0.04374974987200699 -0.02067050543420743 0.02211338207810902 0.10088156353757646 -0.20839786801589782 -0.6571318322831452 264 image_000264.jpg

266 0.9839075468572915 -0.15556648543850995 -0.08007306962469664 0.03623944090681051 0.35933992236664763 -0.5050620497944858 -0.8716339785300674 266 image_000266.jpg

404 0.6791677153194005 0.08525664114406759 -0.124985808569243 0.7182208073609074 0.1606828152400226 0.5705094229401264 -0.5478398283012786 404 image_000404.jpg

287 0.9951005374028116 -0.030546507304288026 -0.09087231178126283 0.02416733519380091 0.09386088271612938 -0.12798380745015317 -0.41970959385052825 287 image_000287.jpg

423 0.9936798810407368 0.025177182282542593 -0.10853137404487381 0.013687957458394002 -0.12703136617109995 0.026628247814080484 0.2181620164647031 423 image_000423.jpg

46 0.9681630434196792 -0.025806293136702543 -0.24750314686489808 0.027139291855050818 0.4468125666537584 -0.13944155933943175 -0.404382426585252 46 image_000046.jpg

189 0.9996693621247468 0.01527205973408952 0.012944419223346952 -0.01613599204452387 -0.17896855317793448 -0.03703795822879213 -0.23279314882518298 189 image_000189.jpg

71 0.9785442705657246 -0.0684530979603213 -0.19075892815811446 0.03709861659348657 0.5615240271579317 -0.25019984626160735 -0.6274710297602373 71 image_000071.jpg

340 0.9580089944673182 -0.107303580937007 -0.22302682146694358 0.14478866032305152 0.6374163064446516 -0.16072444353366255 -0.48780363170234586 340 image_000340.jpg

341 0.9813380747593423 -0.024682310191573412 -0.1851062043900952 0.04584842254958166 0.3650041650728646 -0.11293720605344952 -0.3566490205108978 341 image_000341.jpg

87 0.9872323555899258 -0.14594037931022427 -0.058297106848652656 0.025983211129850955 0.2771608384286677 -0.4996569211852131 -0.8977526062828202 87 image_000087.jpg

483 0.9919805710658629 -0.04902903174383136 -0.11631128870438484 -0.0065103771072655865 0.4333028756229371 -0.19227395378481565 -0.497702950152345 483 image_000483.jpg

375 0.9533762878550827 -0.05010623311746374 -0.28746943845562783 0.07696966697228051 0.693807569806477 -0.11307541545704944 -0.318353769433067 375 image_000375.jpg

382 0.9969620882524878 -0.0647301386883538 -0.043003355236124 0.005225967447561994 0.13533054140636058 -0.18150682089282177 -0.4813011496386623 382 image_000382.jpg

514 0.9981494851155153 0.029054434764352786 0.053067458095022106 -0.00610645359593104 -0.09791891806503931 -0.024124354589485263 -0.06244110894296259 514 image_000514.jpg

510 0.9920585316148977 -0.09389267424713699 -0.07454421843423548 0.038042063723629074 0.17329494016519195 -0.33600988768280277 -0.7806133359164616 510 image_000510.jpg

37 0.9985035902829151 -0.052921988270223465 0.0037077547702864776 -0.013269785540303706 0.049137842062695315 -0.1457161030523672 -0.41090393727221053 37 image_000037.jpg

47 -0.03573296972726119 0.160213448615329 -0.021014821561142916 0.986211515163313 -0.2553493586563832 0.16117543665493747 -0.578757595206908 47 image_000047.jpg

322 0.6966251470112245 -0.14958010070671543 0.09623160350397782 -0.6950386347789775 -0.43980498892335596 -0.09143321899846643 -0.6786937140494783 322 image_000322.jpg

330 0.9954799651485875 0.030093850784165068 -0.08946080322439551 0.010524596853886655 0.17765712714027082 -0.09338447926400639 -0.533510200464724 330 image_000330.jpg

460 0.9988989195019529 0.010538211438737713 -0.04569073601951088 0.001500577309997055 0.04319556935830674 -0.039304665609594676 -0.15990346469174085 460 image_000460.jpg

208 0.9996950431060341 -0.0015057766278566871 0.019310057844909693 -0.015319219601012419 -0.31842518266436926 0.016939955138226475 0.11406561722442313 208 image_000208.jpg

342 0.9978091705489841 -0.019452183082328416 -0.06142862810256624 0.014999924820762863 0.06340888882479878 -0.09475846891585715 -0.32131885776885977 342 image_000342.jpg

95 0.998589015807757 -0.051340236416569464 0.004262884322071375 -0.012883000720732101 -0.07126221412454752 -0.07389436794715294 -0.20324521404327703 95 image_000095.jpg

122 0.9987232207102695 0.01742485206141386 0.03146296057075599 -0.0354737283123253 -0.2798561297737546 -0.02944081623238798 -0.3699493480630414 122 image_000122.jpg

123 0.9982833015034284 0.02837451370787939 -0.050426064901409176 -0.009086451844334407 -0.028525749924299265 -0.003272177782117797 0.03183590958626386 123 image_000123.jpg

32 0.9865124027285551 -0.011983924158202097 -0.15710624901229975 0.044354202560549755 0.3002313730883032 -0.09060445059055341 -0.36929812789396493 32 image_000032.jpg

323 0.9952006059468892 -0.014493074803414063 -0.07419761097077959 -0.062132397796405545 0.27217935416912975 -0.2761080851741111 -0.9634658827393182 323 image_000323.jpg

457 0.9931225374300235 0.022293637385972218 -0.11390999725086225 0.015333948296903753 0.1584837500127681 -0.06419204899986637 -0.32729102575213526 457 image_000457.jpg

523 0.977187913019541 -0.0346474854755804 -0.206338933358038 -0.0364359242045466 0.20932260299533065 -0.09140943937231512 -0.14166471483334264 523 image_000523.jpg

461 0.9998021920395951 -0.013792137018672166 0.0007593744866420528 -0.014309594888856489 0.006777721226267685 0.016209236591657128 0.11181160602564033 461 image_000461.jpg

303 0.998929972947965 -0.04582975766264525 0.0011331853497224228 -0.006103530796458132 0.17433094141742791 -0.24517129420981573 -0.7585329903553953 303 image_000303.jpg

400 0.9984677786015613 0.052625627273841284 -0.013620697356423614 -0.010349146349716646 0.11741650951041877 0.004334543225372658 0.1694856549658654 400 image_000400.jpg

409 0.9931213549446396 0.022299130770000637 -0.11392080999866906 0.015322560401753024 0.15851049026522118 -0.06417507613755354 -0.32716177564874677 409 image_000409.jpg

354 0.9711286753080115 -0.05133645665030838 -0.2224525808479059 0.06919907526207988 0.5796372194299757 -0.1266274985241662 -0.3952792163160518 354 image_000354.jpg

329 0.9902617514860647 -0.017592252524532496 -0.1319993491228892 0.040599803076347425 0.3488504699769293 -0.09411461924148368 -0.37480773107027443 329 image_000329.jpg

434 0.9933459840913326 0.027951309438938508 -0.11088003841861804 0.0137148276634635 0.12015029199320058 -0.053067668481619035 -0.2734613454824181 434 image_000434.jpg

179 0.9563340128725891 -0.008021014399349342 -0.2815179801997917 0.07815718498936786 0.6553601133094942 -0.06788376029089481 -0.33667963270363754 179 image_000179.jpg

20 0.9972658324841829 0.03193301219610129 -0.06663762718341304 -0.000753325710263477 -0.18093933701411397 0.04098084017384519 0.31430185162034835 20 image_000020.jpg

154 0.9561835736659816 0.008359825150041474 -0.2881252812310773 0.05125333806755421 0.5958490631618021 -0.04531472786033067 -0.2057695318427164 154 image_000154.jpg

94 0.9964496068459449 -0.0035816402177649203 -0.08396735009478636 -0.004984996351495182 0.07773536450616657 -0.0466782782991238 -0.16404693215254687 94 image_000094.jpg

428 0.9936743017489068 -0.08182647757308377 -0.06692275793843487 0.037909883974470954 0.26359153403755 -0.33980517241325203 -1.0418573866001553 428 image_000428.jpg

520 0.9968511623907106 0.012709686530989035 -0.041697102210903614 0.06623877322078921 0.08829365484213966 -0.10810848251624094 -0.5508747576041146 520 image_000520.jpg

361 0.968850108293048 -0.07610740707492396 -0.2279427745858184 0.05982670398059473 0.5521594067146665 -0.21134698160117593 -0.5164114640704658 361 image_000361.jpg

372 0.9568728374987396 -0.008129213062470317 -0.28344128270598756 0.0631610422598135 0.5759389514786573 -0.062963533501556 -0.21094072280082188 372 image_000372.jpg

258 0.9965756540107018 0.005822005388762682 -0.08151524186508108 0.012583481987800177 0.16597531150886524 -0.06477655771508171 -0.28706453321559033 258 image_000258.jpg

152 0.9851479958712596 0.0012532672864048603 -0.16479287758888747 0.04821996596228792 0.2518953966524347 -0.060238631954986604 -0.2651124395040675 152 image_000152.jpg

311 0.9910375247749834 -0.06083057628139218 -0.11674770876773388 0.022676761403372353 0.18323698296783653 -0.13096772176363644 -0.3601379266404554 311 image_000311.jpg

449 0.9890753290522297 0.0008826000360808844 -0.14604287904811375 0.020017668381170407 0.112024704013099 -0.0428217416088981 -0.15316329700407783 449 image_000449.jpg

90 0.9990725151455818 0.0204421242051431 0.02874488881195522 -0.024697440287527257 -0.09149022657349977 0.026756475015061267 0.19629298552076385 90 image_000090.jpg

348 0.9560697273365063 0.03948026440763066 -0.2888095989747761 0.031000078975781074 0.615651054275935 -0.06358310018446148 -0.274661585983912 348 image_000348.jpg

521 0.9888944247827579 0.005213426274686913 -0.14641426063046073 0.024970201076456797 -0.07580799190595454 0.022945093304173353 0.07396537400111022 521 image_000521.jpg

25 0.9688125111329399 -0.07613923228881865 -0.22805699701258852 0.05995947670874447 0.5525153873866083 -0.2112632369501976 -0.5158860204224829 25 image_000025.jpg

176 0.9889591044803008 -0.011003825951902203 -0.14204214064631882 0.040778037448670236 0.24886332904549785 -0.05637925315900712 -0.215595873600062 176 image_000176.jpg

53 0.9914522510971961 0.05928669810334096 -0.11615645724220429 0.0038982699834275935 -0.13958485700445855 0.0005930231876876309 0.10104477592362537 53 image_000053.jpg

89 0.9994718355517258 0.02497942482271158 -0.020613550314132745 -0.002674105612667756 -0.050591480962581786 0.024661162693866152 0.12323270688607094 89 image_000089.jpg

132 0.9857390081434076 -0.03123235614596913 -0.16018409473446726 0.04103884466197646 0.5869670907633406 -0.14609842452601202 -0.5077615456059573 132 image_000132.jpg

309 0.9549672848427787 -0.015167456699323336 -0.2874857533920175 0.07182861272776828 0.6311013713241271 -0.04707009745004787 -0.2330979587333844 309 image_000309.jpg

325 0.9517058133236367 -0.046024123081416894 -0.2920703249907978 0.08266058302315069 0.7636536398252329 -0.0986277553038529 -0.3172189246243078 325 image_000325.jpg

422 0.9995628927483161 0.027755565480691583 0.003573013166864109 -0.00953321340153382 -0.08698892082885486 -0.02970317058981048 -0.31989038838805867 422 image_000422.jpg

191 0.9874119497402571 -0.03321886957024587 -0.14879912092957134 0.04210680418438557 0.2418943442331879 -0.14473716373594311 -0.47773529085853145 191 image_000191.jpg

293 0.9632232377916065 -0.04198587090823311 -0.2600093837682429 0.05322872357453616 0.5711888076069744 -0.07519681839049595 -0.21003988899393444 293 image_000293.jpg

106 0.9796989248326464 0.010155806497103886 -0.19887203255368402 -0.023169025903277966 0.3572306847433342 -0.13686010058480563 -0.533841088690313 106 image_000106.jpg

190 0.9901980476590814 -0.024755359140919406 -0.13399663704222847 0.030657761878275777 0.2247557883454407 -0.14042256325068436 -0.48722261871602557 190 image_000190.jpg

362 0.9806250474801267 -0.008268205749253677 -0.19413881805485356 0.02482477785879 0.33550542665200156 -0.11674865603529011 -0.5201692945412467 362 image_000362.jpg

39 0.9880653478495325 -0.020430743070647215 -0.1503485709209069 0.02654746272508239 0.20194806264170673 -0.07599487746812116 -0.2541786214999912 39 image_000039.jpg

72 0.9983505458914481 -0.0002906455560481321 -0.056518665768087555 -0.01008628224051954 0.1917214854452657 -0.0705969947963886 -0.2676369115527515 72 image_000072.jpg

216 0.9886477874441194 0.004031822605349601 -0.14886359165100987 0.01997324268006916 0.1846424327558856 -0.07977369017154866 -0.34248325567717175 216 image_000216.jpg

268 0.9788403258185993 0.05018975825572681 0.19584937582820336 -0.031553648036070574 -0.5728831378717818 -0.01998252615426787 -0.18232926789547846 268 image_000268.jpg

383 0.9983895170565845 0.05581647677070362 -0.010139187866796141 0.000300393209973312 -0.09824734173924647 -0.018639127422064434 -0.251370122669942 383 image_000383.jpg

52 0.7091278767612259 0.03297842875523844 0.03456453014428195 0.7034596215539659 -0.001077927795437036 -0.10521074777606275 0.062157335263315086 52 image_000052.jpg

126 0.9942300302939003 -0.04990038259495483 -0.09484892143517254 0.004502855405391841 0.15449364854122674 -0.21469672307776427 -0.6452126486134153 126 image_000126.jpg

249 0.9888503229161797 0.013849217930616454 -0.14747483240938794 0.015310044566649729 0.2505513057475678 -0.09562328138676694 -0.4738415515434745 249 image_000249.jpg

473 0.9755047240399624 -0.012120255755026782 -0.21589335630038892 0.04041889203569252 0.5370793662260556 -0.08314976496509419 -0.28471823225813464 473 image_000473.jpg

8 0.9910967564092129 -0.025002767969643576 0.12668312541272903 -0.032457282602787935 -0.42293669123298305 0.05927499450692121 0.2894588888745018 8 image_000008.jpg

61 0.9969740526499129 0.03526722813340924 -0.06912744347137363 -0.004512100250076523 -0.1540605703954784 0.004944478103143336 0.12967004507046728 61 image_000061.jpg

77 0.9996790830946238 0.023663111650049726 0.0074100377607035734 0.0051838622543993315 0.020969561762213942 -0.015737208805524226 -0.031101008165129354 77 image_000077.jpg

350 0.9911451573533769 0.0075241439023814236 0.12863869417485932 -0.03204288895826886 -0.42029194501612627 0.09898058426993303 0.6879844420534461 350 image_000350.jpg

143 0.9961351537134909 0.04151373636278705 -0.07721006669831597 0.005473567300315248 -0.18503957092534723 0.05996292202490547 0.5592379097821862 143 image_000143.jpg

318 0.6688575779511339 0.06467214605309456 0.12182897299440332 -0.7304824923842351 -0.16056601526203615 0.44038607194413754 -1.0173789134628235 318 image_000318.jpg

225 0.9971436338975392 -0.01537712287575184 0.07007631533443831 -0.023609942552719643 -0.21446119257252086 -0.005619455455933799 -0.43333896543540995 225 image_000225.jpg

115 0.9796388858302363 0.03496402087509921 -0.19769649258031355 -0.001131117858360375 0.025716033657259676 0.011134385814759003 0.19773537344886513 115 image_000115.jpg

497 0.9990186039289929 0.035207310522790906 0.02576470199660583 -0.007645379855780231 -0.033047572134561984 0.05001821597693431 0.3664417735965918 497 image_000497.jpg

513 0.993497849792085 -0.05042400185342297 -0.10096473363893102 0.015018367729326165 -0.24479275274286322 -0.014574404381963078 -0.02108921897558467 513 image_000513.jpg

4 0.9535648154082377 -0.08028848987396413 -0.27901968283700423 0.08009939551172289 0.8641994446711241 -0.2488469380848443 -0.5899418245047698 4 image_000004.jpg

174 0.9993241758492211 0.031426360113472385 -0.017982713987454456 0.006340833186925193 -0.03969071385170917 -0.021887875931838427 -0.2679077943596941 174 image_000174.jpg

320 0.9963786344770026 -0.07301525937656737 -0.04251581844932344 -0.009529407864222527 -4.0927078110073595e-05 -0.09318492829639238 -0.2119614782177211 320 image_000320.jpg

17 0.9973111449253224 0.013781592533154533 -0.07195583734748918 0.0017064261247846343 -0.18122863277028906 0.050986469390212646 0.2959053648816194 17 image_000017.jpg

215 0.9858051426387606 0.01008302556666407 -0.1658023531697843 0.02441577313995139 0.024615298856710478 -0.033893941483278144 -0.14181255986785196 215 image_000215.jpg

522 0.9181239625031626 -0.07198166170590196 -0.3779513994294715 0.09497248732905206 1.1195310944767596 -0.18108623864115403 -0.38874112025260327 522 image_000522.jpg

284 0.9974058818014243 0.04724966934914777 0.05349685327252346 -0.009330793458515998 -0.18943067386239945 -0.019432055334992846 -0.2678596322234615 284 image_000284.jpg

452 0.9155673587334747 -0.1407175881526673 -0.3722353365678867 0.05810179658302053 1.086040779286446 -0.3993937309131731 -0.4390254303575928 452 image_000452.jpg

319 0.7339539755752332 -0.14855453276704564 -0.015998654338131347 -0.6625610885034887 -0.39715634149532836 -0.4570495215949504 -0.9189217354131705 319 image_000319.jpg

295 0.9693180150724083 -0.15324978471375794 -0.17646038068953593 0.0761499819540044 0.7139779229737153 -0.4548957694558539 -0.7746966732349091 295 image_000295.jpg

3 0.9992094395111234 0.026938758459211187 0.02875112214597944 -0.005308482688640352 -0.07591884093115281 0.08554063349501852 1.405332642072133 3 image_000003.jpg

214 0.996985649721563 0.03615564801788551 -0.06861603245823428 0.0020520366785853152 -0.21737916268875526 -0.002629321967715325 0.011534630871978289 214 image_000214.jpg

302 0.9982860396469683 0.02776700645982065 0.034336085962711156 -0.03840570508048938 -0.06369682882224498 0.00397253731890394 -0.2703760502285111 302 image_000302.jpg

219 0.9852608625334858 0.02560745610711817 0.16622057663719894 -0.031241090007534125 -0.5037343799185301 -0.02778312184248754 -0.2970936115598184 219 image_000219.jpg

80 0.9952426525069068 0.04767471949492815 -0.0848983093265143 -0.003385454361083266 0.26580247556672854 -0.08873389556594596 -0.14900993570840662 80 image_000080.jpg

165 0.9733546612619324 0.009606086655012759 -0.2195863171539365 0.0653473862078027 -0.05609160135988154 0.0006664711603619634 0.26117232948965635 165 image_000165.jpg

153 0.9971136295672897 0.07501491751537735 -0.011711009014591139 -0.0001353626565438226 -0.12707581944724086 0.0022218530766340977 0.16942774942791047 153 image_000153.jpg

212 0.9997018314500081 0.003385464799416775 0.014211723616456055 -0.019565471142724555 -0.11207631610436396 0.007482299425919681 1.2089051759854574 212 image_000212.jpg

7 0.9888208373365466 -0.05928251079752343 0.13041234104127214 -0.04137091567234638 -0.43589834465822425 -0.07725784181012031 0.33173136333891173 7 image_000007.jpg

336 0.9896492189671531 -0.05608635652870808 -0.11773754845407657 0.05988840350337515 0.6410970204222819 -0.27308966002530227 -0.891696443283012 336 image_000336.jpg

317 0.71760246814969 -0.21137035789132852 0.01342048006102866 -0.6634674783676212 -0.5720757480779788 -0.5387565487318969 -0.9565025469459622 317 image_000317.jpg

451 0.995466385641925 -0.03074634679184561 0.08811441794709712 -0.018363098111203416 -0.30162355093005544 -0.05867166614934526 -1.1090366803671317 451 image_000451.jpg

19 0.9917537789713616 0.03667924407402137 -0.12265479719484071 0.0059052408286757235 -0.19763141551283714 0.0361222070426063 0.22596403539735163 19 image_000019.jpg

511 0.9873158968992133 -0.09727530254937006 -0.11657510870976566 0.046422741749509534 0.24584164000624956 -0.33558373759666604 -0.7629278376091838 511 image_000511.jpg

285 0.969077820199633 -0.01875771101095614 -0.2355078878880099 0.0712205547104602 0.8948622506476444 -0.14746068000250104 -0.8121474128910172 285 image_000285.jpg

516 0.9505648766777978 -0.1055501332713526 -0.2633280232683683 0.12626931670175107 1.0147369674653552 -0.3066422892506156 -0.6579659360692598 516 image_000516.jpg

265 0.9759200860801767 -0.1955124813131755 -0.07750689921838191 0.057857931841200236 0.3260212086403451 -0.5232455558652038 -0.7518506388370374 265 image_000265.jpg

220 0.904381568828678 -0.10529525438025375 -0.3840633964949641 0.15330429465843776 1.171838624080545 -0.21882553127911297 -0.5840186921281315 220 image_000220.jpg

