# Image list with two lines of data per image:
#   IMAGE_ID, QW, QX, QY, QZ, TX, TY, TZ, CAMERA_ID, NAME
#   POINTS2D[] as (X, Y, POINT3D_ID)
# Number of images: 148, mean observations per image: 717.804
160 0.9945619634969385 -0.10115311190218038 0.02147549501454113 -0.012383447876977675 -0.038912272832664734 -0.042096581933927305 -0.058742624253898465 160 image_000160.jpg

66 0.97206118624096 -0.23187462676369364 0.035595568406621404 -0.00801054375932571 -0.0684466713987201 -0.08085718774882951 -0.06350899141938036 66 image_000066.jpg

6 0.9988221422040374 -0.044080314348405474 0.017627241925707776 -0.010026881395957515 -0.011792256441140467 0.0026847382981518182 -0.054200215707048145 6 image_000006.jpg

200 0.9996763598447062 -0.021848069496665345 0.012924955380739843 -0.0016628250375709918 0.0057546634675727255 -0.01844651705746684 -0.03256638728771061 200 image_000200.jpg

170 0.9999193215001455 0.006361273338491118 0.006113125620857089 -0.009138685374076565 0.02666536919942331 0.009466530620677968 -0.0342802099750304 170 image_000170.jpg

186 0.9994274582507592 -0.033164936305161104 -0.005087481539775124 0.004354633100999517 0.031883111443826925 -0.04618032378265652 -0.0856781535743777 186 image_000186.jpg

185 0.9989822505858895 -0.042720684676922194 0.014254108244338622 -0.002494793362858843 -0.0033816190354030344 -0.04176570984049185 -0.08065238226422554 185 image_000185.jpg

34 0.9993099545287356 0.03578541802035675 -0.002646157995189994 -0.009592735687240133 0.02954750357020625 -0.0007367622105946441 -0.022780042544165265 34 image_000034.jpg

184 0.9998852821708376 -0.015092587052671098 0.0010876664253830564 0.0006738426467494181 -0.0018576176199472001 -0.03825695347001389 -0.08439167183106006 184 image_000184.jpg

201 0.9994429437267197 -0.02747628195007524 0.018469872041644443 0.0042093820570181005 0.006235249286017293 -0.018851148732339423 -0.031052022497192626 201 image_000201.jpg

232 0.7178003267534288 -0.03059234681410885 0.07207921760146192 0.6918319555587435 -0.01804510546764269 -0.12895700128868287 -0.010140565190026242 232 image_000232.jpg

412 0.9734465997808924 0.026791801338878395 0.21210542965101023 -0.08182420148166664 -0.5510944661627963 0.10618977558738672 0.15054318255066995 412 image_000412.jpg

183 0.9906727564625972 -0.11174918809199007 0.07293413487976592 -0.027572200138449087 -0.16243029241661677 -0.2174632211818585 -0.2803237953324904 183 image_000183.jpg

370 0.7071405411275197 -0.1160066256222942 0.08833283368300288 -0.6918757384513696 -0.330181567557544 -0.07530097923776277 -0.3843755296239394 370 image_000370.jpg

0 0.9999817478098731 -0.004162410738932466 0.003829055334512201 0.0021252990452319508 0.0050454374960557154 -0.0018685578149390167 0.32646737145755117 0 image_000000.jpg

91 0.9998216039185591 0.015080949406639996 0.010587967041206202 0.004148117430101366 0.008913759824165953 -0.04073340931936347 0.13297843323091932 91 image_000091.jpg

11 0.9998434955229001 -0.015284648390188083 0.008787407940220667 0.0014613894625770307 0.008199424154398213 0.005863331674713281 0.33134531390895916 11 image_000011.jpg

356 0.9987068820680126 0.004925595041827533 0.04994364005469534 -0.008119025759378878 -0.06820250023863351 0.010887967534777469 -0.018774162272591183 356 image_000356.jpg

192 0.991317606316962 -0.13039684899316667 0.016423299216665826 -0.004041724440684582 -0.019918206672251682 -0.21439800965863287 -0.2650064374442723 192 image_000192.jpg

239 0.9939248066214588 0.02248524307811168 0.0855504993339773 -0.06549055646456288 -0.46530838743693664 0.07975041086654898 0.047649995894539714 239 image_000239.jpg

300 0.9862536191983807 -0.01057546522845621 0.146116688550907 -0.07643206970291792 -0.5174079931766794 0.09935558034159926 0.10014214787666009 300 image_000300.jpg

137 0.7482681003941694 -0.11380538501437047 0.1502674681280168 0.6360525142195858 -0.06648095086186388 -0.3892742353710335 0.10388142167847333 137 image_000137.jpg

465 0.9927364323929565 -0.010232856757228015 0.11523599798797991 -0.03302002571951031 -0.23885260019709637 -0.03140163062148415 -0.05198297423939497 465 image_000465.jpg

381 0.9956129494053753 -0.073965806491153 0.05666254340402674 0.008559362774715905 -0.15066686516862313 -0.05407941267999373 0.11302566976322394 381 image_000381.jpg

307 0.9996255591145543 0.010265694757498816 0.025288195148674537 -0.001966282458001034 -0.16865669815457976 0.0008308838972351318 -0.053203979817914054 307 image_000307.jpg

385 0.9181002267282526 0.06935806336378131 0.3667892726090758 -0.13321823559150167 -0.7732573403294121 0.22604644364003953 0.7729072907711649 385 image_000385.jpg

466 0.9406526254044633 0.04319117328509343 0.3206237993050787 -0.10250626802119409 -0.7669536378181574 0.11083856449194643 0.3617919706105921 466 image_000466.jpg

144 0.9771879968447676 -0.007136673219364245 0.19796028885858266 -0.076579484176039 -0.446114047166448 0.0696819912304127 0.15364716381501442 144 image_000144.jpg

504 0.9992335028412694 -0.005206896990361699 0.03776068220429833 -0.008912425164544985 -0.05586966855679408 -0.02122086302186118 0.10574142695904076 504 image_000504.jpg

509 0.9994653618348536 -0.030986479902100694 -0.010420814619389226 -0.0004936466773854707 0.06079366892704973 -0.04064446928686308 0.15247669090676083 509 image_000509.jpg

450 0.9969348975773626 0.007927773197924329 0.07667846173856913 -0.013355682055867167 -0.1090052508813731 -0.01926538022396387 0.12903600318621297 450 image_000450.jpg

367 0.9793170620004437 -0.022970672015005147 0.18486328866534277 -0.07896840320368492 -0.3587470427473331 0.07119602193887078 0.15701549922459804 367 image_000367.jpg

238 0.6316886718023454 0.21709433422595464 0.09691640562678709 -0.7378663214425114 0.07931110901038756 0.5536265709183764 0.22760446205013013 238 image_000238.jpg

48 0.9968424193331956 -0.024117429861622772 -0.07300116431820919 0.01985901553462547 0.18772444884855605 -0.08238963679904783 -0.15208698066599352 48 image_000048.jpg

254 0.9923180450076222 -0.04136083163207376 0.11488448118235287 -0.019893068634380735 -0.21151214668749435 0.005132761617831437 -0.12952298732266193 254 image_000254.jpg

508 0.9811423488622689 0.02370091377724123 0.17712734144386635 -0.07364690780465334 -0.36641487464951666 0.06042463742997329 0.10288189233868575 508 image_000508.jpg

305 0.9983434124538343 0.03521006598444738 -0.03846581831128609 0.02431164850737327 0.03298080076477599 0.014204535101296805 -0.05944710653997679 305 image_000305.jpg

102 0.9901921990226549 -0.018658438271937066 0.13687271592349612 -0.020907935660198843 -0.2774748145519618 0.009161528822482414 0.12917761143420917 102 image_000102.jpg

374 0.9997861286344539 0.006607566348244361 0.01934218488813335 0.003150169938519474 -0.050333481012313344 -0.0036121084836691015 -0.3699068765543767 374 image_000374.jpg

86 0.9685246979569925 -0.02695488428479864 0.23650479904061336 -0.0727929988114012 -0.46667262447980656 -0.013001787434433058 0.23032223018415607 86 image_000086.jpg

33 0.9720166387196099 0.01324647001660875 0.22192229980558212 -0.07588592927884917 -0.5480124875647071 0.10074419394570054 0.23171064088471852 33 image_000033.jpg

271 0.9990202908631974 0.030147058442326204 -0.029319928349186758 0.013782340073651953 0.08290066371091294 0.013572937913504278 -0.18315707445901466 271 image_000271.jpg

235 0.5728018266930801 0.1877133196196086 0.24560126806692628 -0.7591718782495643 -0.05390647474207843 0.7403433679887991 -0.12294283462948902 235 image_000235.jpg

1 0.9991056596108162 0.039513356789454834 0.010171904751110312 -0.01109562905221113 0.00699799863943143 0.01198597117473274 0.34103934076804243 1 image_000001.jpg

207 0.9755119625270605 0.024095956316654253 0.20465677025118484 -0.07688557501928606 -0.43828180750042045 0.07040145499851498 0.19757155861023729 207 image_000207.jpg

491 0.9987571199696166 0.04758407739304287 0.014054193745550222 -0.004738582302239578 -0.03401309064154267 -0.04089388223087887 0.3937618459435504 491 image_000491.jpg

177 0.9987490491673566 0.04776449510374066 0.014011539119751974 -0.0047495217142083535 -0.034391747640458346 -0.04057332778986631 0.3937886573059893 177 image_000177.jpg

475 0.558111109964294 0.1472513485501339 0.2568856374747073 -0.775137935150582 -0.08632815902725248 0.7191507411432967 -0.11448317184546736 475 image_000475.jpg

500 0.9851935169390726 -0.17029634738697805 0.011130140180341608 0.016401662464448737 0.053457793189025896 -0.05878172630085832 -0.43394718963281975 500 image_000500.jpg

117 0.9681662663448733 -0.2488819238151497 -0.01737929824859034 0.020244249107503606 0.09973560951734517 -0.4262335210951432 -0.32132893262714746 117 image_000117.jpg

240 0.9629374273225477 0.012951922810664943 -0.2545874391421582 0.08814184230840612 1.7262071340772248e+72 1.315493602294104e+71 5.50902615485324e+71 240 image_000240.jpg

312 0.9606832892610043 -0.05872438079627349 -0.24514784834000472 0.11636831261651703 1.5555246937511952e+72 5.817067835585523e+71 1.0177879635379482e+72 312 image_000312.jpg

187 0.9805358343403454 0.007373479923621527 -0.17556698722679487 0.08758624000779991 1.5656384165005988e+72 2.338917837751021e+71 4.462328124883404e+71 187 image_000187.jpg

480 0.970591054658268 0.015285123804652455 -0.22089034496729804 0.09448185732162663 1.431782046292413e+72 2.1338200362024724e+71 4.9254233628050625e+71 480 image_000480.jpg

68 0.9562132995687741 -0.058952952403919165 -0.2595164606753503 0.12178622248853932 1.5345386727530354e+72 3.781658890447121e+71 6.662417550708436e+71 68 image_000068.jpg

324 0.9528640897216797 -0.06384862583668911 -0.2666548650022373 0.1298789714157377 1.5935039782566955e+72 5.403794469144501e+71 8.735000884185451e+71 324 image_000324.jpg

389 0.9534455100741569 -0.022873349693433874 -0.26722974250543147 0.13786490287196174 1.4781578108107878e+72 2.068524323051007e+71 2.9923758490401403e+71 389 image_000389.jpg

202 0.6745370445849522 0.13691622429210792 -0.22739982914096163 0.6888708024755986 1.8475218823391602e+71 1.773802630845531e+72 4.583108288438604e+71 202 image_000202.jpg

430 0.7246533585022511 -0.14605500203590166 -0.27317013025886316 -0.6155676070589815 3.1997597533775176e+71 -1.5212091739419574e+72 1.4281940590188743e+72 430 image_000430.jpg

149 0.9385075733920544 0.04328601922558465 -0.3050376983562078 0.1558263586759207 1.5406424095903742e+72 5.005661427737381e+71 1.1147937675171704e+72 149 image_000149.jpg

138 0.6012086019195071 0.1807855710945276 -0.1859627737323273 0.7558324148390528 -5.041910026803813e+71 1.617167385236638e+72 1.156643709524634e+72 138 image_000138.jpg

107 0.951302462221777 0.018161503912217297 -0.2809483939011305 0.12554592834306805 1.7192405719818032e+72 3.984603823344811e+71 8.822419532979243e+71 107 image_000107.jpg

35 0.9563257124020943 -0.008121085458481104 -0.2696154775951099 0.11261739346932961 1.6205463147162078e+72 4.801879598631869e+71 2.2063004427485108e+72 35 image_000035.jpg

390 0.9608732349624739 -0.06031131283847331 -0.24669759622716822 0.11056883558542543 1.4872865858351276e+72 -1.2761121589130319e+69 7.304056724374772e+71 390 image_000390.jpg

308 0.9542053598164595 -0.033487058741793765 -0.2712158965149563 0.12170736406307882 1.7454506569654237e+72 1.365594997231215e+71 3.7035623585962647e+71 308 image_000308.jpg

519 0.9606507597652202 0.06166706267472738 -0.24363513225388797 0.11827602444170077 1.5934625361018715e+72 4.518145696082977e+71 1.2739364895832785e+72 519 image_000519.jpg

445 0.9423884417240015 0.013053907191439996 -0.3083662687618341 0.12901109133217234 1.7444087846060948e+72 2.9816230177790707e+71 8.717237070254372e+71 445 image_000445.jpg

270 0.9385039381788768 -0.003339115850207292 -0.32493301156266846 0.1166951037405731 1.1924780257900696e+72 3.7997807285439935e+71 8.605856397868146e+71 270 image_000270.jpg

230 0.9784208705999486 0.10554968599764823 -0.16980164028270595 0.052146616325447495 1.379173167124995e+72 1.386592011939225e+71 7.520380564638063e+71 230 image_000230.jpg

65 0.9736125676587233 -0.15774020570214226 -0.1618950928446714 0.03140965511627563 2.0525223837040384e+72 3.359336036971381e+71 7.117646803070875e+71 65 image_000065.jpg

150 0.9002029249424053 -0.031618808816619166 -0.38629752768201414 0.19851740915553048 1.8554743618781555e+72 5.192881057361782e+71 8.37094901464604e+71 150 image_000150.jpg

243 0.965628516481432 0.08757353355712201 -0.23153146708036004 0.0792818983173762 1.5521587998741757e+72 3.6520407965591674e+71 1.1862541210659595e+72 243 image_000243.jpg

162 0.9526977250647775 0.020307713009770603 -0.2892808321559777 0.09094638049108246 7.83791915065012e+71 2.0498645975552645e+71 6.351569757691097e+71 162 image_000162.jpg

49 0.9914820416474216 -0.002436746157290087 -0.12268956234934321 0.04364275431608377 1.116455989382404e+72 2.3567185883787143e+71 2.060254339234009e+72 49 image_000049.jpg

140 0.9684072623936035 -0.010544703228868435 -0.22904308641348042 0.09805847279354343 1.433777224946237e+72 2.0874807034002127e+71 1.1411989512457675e+72 140 image_000140.jpg

242 0.9542886458849364 0.042373562225608084 -0.2763810533485764 0.1055991157796094 1.7228207815018055e+72 4.69070739411621e+71 1.3101184715542192e+72 242 image_000242.jpg

129 0.9351497701344581 0.005464559606517584 -0.326079565020197 0.1383371460607024 1.815589109199459e+72 3.3666437209324003e+71 8.958133450264124e+71 129 image_000129.jpg

283 0.9378739060223034 -0.0020250636971694217 -0.32225156661647697 0.12861713783708112 1.7591245650622743e+72 7.93374191013037e+70 8.797157200649168e+71 283 image_000283.jpg

97 0.9609964164315248 -0.05366871690741025 -0.23602024614569883 0.13379090420546155 1.902475277204977e+72 -1.905849680199661e+70 -1.2093483747788348e+71 97 image_000097.jpg

352 0.9967874397079423 0.061909742284910654 -0.04033489698333916 0.03090412938892427 2.1654006423306897e+72 2.4260915401380015e+71 4.761169086754202e+71 352 image_000352.jpg

467 0.9161875471676869 -0.004678777932628392 -0.3609569285865749 0.17403612480002206 1.95530075451603e+72 4.297188476083602e+71 7.845242251883361e+71 467 image_000467.jpg

69 0.9100678025101909 -0.02092647691141832 -0.3706148177133332 0.18434569069544784 2.0210518917351237e+72 3.03967708165896e+71 6.383031759108915e+71 69 image_000069.jpg

392 0.893745344636058 0.016467706158255588 -0.4007363319091798 0.20089414267203407 2.1403951098912003e+72 6.129923843333971e+71 7.657899036185764e+71 392 image_000392.jpg

120 0.9330350321443315 -0.057650498855855443 -0.32459144526973777 0.1440918070244585 1.91592189494572e+72 -3.8052655138633176e+70 1.3954238659944732e+71 120 image_000120.jpg

267 0.9160820574707425 -0.10040252510046699 -0.3520150563048617 0.16370215184942447 2.143987419405105e+72 1.9109029057270817e+71 5.132099083694805e+71 267 image_000267.jpg

488 0.7362522053861347 -0.001124977353458128 -0.6074048485424336 0.29831319319687494 2.679463900695735e+72 1.3464664177925937e+72 2.4073761849859008e+72 488 image_000488.jpg

328 0.7228321466191855 0.0042559401732168555 -0.6283605421745897 0.2875040560344485 2.6582427294545235e+72 1.1564912777084793e+72 2.3903152153926768e+72 328 image_000328.jpg

525 0.9220346300897514 -0.0686653093341739 -0.3574219466665698 0.13185894806828366 2.2556860464512587e+72 2.598011727526112e+71 5.831844360958565e+71 525 image_000525.jpg

203 0.913929538672929 -0.20045419401603123 -0.2699684001892881 0.2273059131301853 1.807416361770906e+72 -1.9670976328918758e+71 -3.073171089790645e+71 203 image_000203.jpg

204 0.9144828581909065 -0.2019918345001664 -0.2642274921253412 0.23044354005639495 1.804458636668518e+72 -1.946585635944942e+71 -3.266355945415807e+71 204 image_000204.jpg

391 0.7873866777762948 -0.08398674049217632 -0.5000526520957942 0.3505934805611756 2.9909374286797586e+72 1.1107340361635992e+72 8.900400065406976e+71 391 image_000391.jpg

148 0.8726669274688059 -0.08746456478659975 -0.4043095518347426 0.2594921120323861 2.359213908138255e+72 1.9398844109303332e+71 3.139042908908636e+70 148 image_000148.jpg

405 0.8139853019034781 -0.011730191030281313 -0.5327584510866512 0.23121152622372534 3.1339330860325153e+72 4.531215851500376e+71 1.0643379017249301e+72 405 image_000405.jpg

282 0.9688941234296637 -0.09349519452183291 -0.21080874833368896 0.08979144915793644 2.2356922273530955e+72 1.9695233985421352e+71 3.5651409345723085e+71 282 image_000282.jpg

57 0.8811346208362777 -0.03211430765544177 -0.41390271793647937 0.22639564003050663 2.2078177237121554e+72 7.186995661884709e+71 1.0792005938859436e+72 57 image_000057.jpg

124 0.8161481576150668 0.08856028760274758 -0.5448404786055692 0.1709038143193176 2.8063839623761736e+72 1.5815847487225402e+72 6.568268475117642e+72 124 image_000124.jpg

38 0.8987014393949064 0.013025355635639288 -0.3902472737678619 0.19968258056601296 2.1599096552719307e+72 5.932605210843405e+71 7.119774697567904e+71 38 image_000038.jpg

346 0.6650910481963435 -0.009448015634295594 -0.6686365455962295 0.3324000784217514 3.1445737624695138e+72 1.4878054991536276e+72 2.6109951049213076e+72 346 image_000346.jpg

13 0.8918625669337613 0.013066692571788212 -0.4134093515542639 0.1830386282092215 2.145449275816608e+72 5.094515461693713e+71 1.4588623699313383e+72 13 image_000013.jpg

16 0.9235973051494661 -0.019619611734374293 -0.3486078578314227 0.15828975809761395 1.8980076579778654e+72 1.2429309723699316e+71 7.560746452018044e+71 16 image_000016.jpg

444 0.8503702057839287 -0.030970552420404193 -0.46319691384517847 0.24770940170809563 2.5254606143267772e+72 4.205389704306973e+71 1.4463576023510145e+72 444 image_000444.jpg

496 0.73835433861909 -0.04443191905787888 -0.602158619949463 0.30043915146318695 2.8433041266782663e+72 1.1752930597702796e+72 2.034468410462563e+72 496 image_000496.jpg

26 0.5954245087058323 -0.021522670365365534 -0.7361653107043026 0.321040524748598 2.0354973838503604e+72 1.5530344090230763e+72 3.3192653742902048e+72 26 image_000026.jpg

280 0.7108919677615284 0.06440774300994882 -0.6590194178431719 0.2370182007874747 2.620970784932384e+72 8.713930088122173e+71 3.882325462368598e+72 280 image_000280.jpg

275 0.6791435915903529 -0.06143926047321597 -0.6425155639995416 0.3495181828719584 2.6412973634920712e+72 1.176875622149046e+72 1.7495112803822459e+72 275 image_000275.jpg

5 0.8899677284195683 -0.09002809658193897 -0.3726487876781122 0.2469519262587675 2.1415660880632515e+72 7.619310912754317e+71 5.320974505916584e+71 5 image_000005.jpg

298 0.7239757825278295 -0.13570947465746877 -0.5563414197021656 0.3846118021216432 2.640915110981731e+72 1.0736952514810324e+72 1.0656214397836976e+72 298 image_000298.jpg

526 0.6952241159592297 0.050268332815459324 -0.6598078026033074 0.2806958690365912 2.590178420713888e+72 1.1941807877847576e+72 2.8811778385085707e+72 526 image_000526.jpg

188 0.7229584275749088 -0.12118971564807489 -0.5647201439042074 0.3791244250911157 2.608790582341333e+72 1.1762265539945386e+72 1.1660889569607604e+72 188 image_000188.jpg

194 0.585444821137277 0.010717604240520788 -0.7505939341907608 0.3061833824531211 2.3464543415770762e+72 1.3341988556866926e+72 3.4901029042629774e+72 194 image_000194.jpg

244 0.9978458171665897 0.06553913314278939 -0.0027397364467209146 0.0009200676055198765 9.239601178459963e+70 1.4534552941147694e+71 -1.5798821155914996e+70 244 image_000244.jpg

286 0.9725901301227491 0.11827032647850577 -0.19064534773831596 0.06111400965005272 1.0894974525366457e+72 1.1687309750839554e+71 7.086102666643166e+71 286 image_000286.jpg

18 0.8734107162683842 -0.14189911441962652 -0.37338549194896825 0.27857068596800066 2.102810308279132e+72 8.787106653869424e+71 5.058720469970892e+71 18 image_000018.jpg

406 0.7985049787285017 0.0923885927464038 -0.5664604087000906 0.18159507702207087 3.0917243442449224e+72 2.9837736476734435e+71 1.23405176947636e+72 406 image_000406.jpg

131 0.5850698751865849 -0.03102234981285965 -0.7464119273067488 0.31559478175781475 2.3755408321657723e+72 1.1711887399429763e+72 2.8489620216262806e+72 131 image_000131.jpg

518 0.9029767436046258 -0.12343569610303284 -0.3498097788932507 0.21686344217249692 2.2140549693317245e+72 5.897004431957078e+71 3.763574938235151e+71 518 image_000518.jpg

296 0.9293994000803858 -0.21603234434183988 -0.23607645641841446 0.18388767512617693 1.5231331336693847e+72 -9.64701535427265e+70 -2.525230707853822e+71 296 image_000296.jpg

272 0.7450130572518948 -0.031795082753604355 -0.591139102617991 0.30740717204461016 2.9525994795656113e+72 1.1339195394996872e+72 1.5808276159813859e+72 272 image_000272.jpg

326 0.6915894856162283 0.0214898238839106 -0.6615817709160633 0.28905308854659123 2.509869155523222e+72 1.0879916009749597e+72 3.2105252467576672e+72 326 image_000326.jpg

222 0.594306912350897 -0.046305665649948466 -0.7435947380249084 0.30285640844753037 2.2852318073427675e+72 1.1030054248604763e+72 2.721819266732249e+72 222 image_000222.jpg

56 0.6833145843414399 0.016739285703002413 -0.678425492028682 0.26933218906036793 2.927902136175505e+72 1.0921444731874345e+72 3.969255421245506e+72 56 image_000056.jpg

92 0.7570566832579624 0.054422512324591034 -0.6087042860356373 0.23104644357148962 2.893327520080583e+72 7.268713568185411e+71 3.572357279446707e+72 92 image_000092.jpg

