# Image list with two lines of data per image:
#   IMAGE_ID, QW, QX, QY, QZ, TX, TY, TZ, CAMERA_ID, NAME
#   POINTS2D[] as (X, Y, POINT3D_ID)
# Number of images: 94, mean observations per image: 684.043
480 0.9983990198827898 0.022029045229417482 0.05075669930121745 -0.011741887438227263 -0.09708498565003654 -0.05384129486717065 -0.24231335896218578 480 image_000480.jpg

68 0.9986129468584909 -0.052502942325395346 0.0018195906298679762 -0.003509158818497743 -0.021609285474363558 -0.07485410806487516 -0.2149599319484447 68 image_000068.jpg

389 0.9995330561351452 -0.02116937190594468 -0.002239468376356649 0.021920534428265092 -0.02700850650613676 -0.12726129282901544 -0.34469638915607054 389 image_000389.jpg

324 0.998249211414776 -0.058706575023048026 -0.006351307005527869 0.0034199442362594624 0.006527204164510381 -0.036366506024859344 -0.15520640822483206 324 image_000324.jpg

519 0.9971948554052289 0.0631005417013488 0.03168802565525087 0.02483156766626123 -0.02109930956133065 0.02079074667215472 -0.025469076141114187 519 image_000519.jpg

138 0.7077728216279061 -0.0037103489621052722 0.009070867007503784 0.7063721305355978 -0.011162725045334963 -0.001035760693523234 -0.07407563223031334 138 image_000138.jpg

149 0.9967954853559179 0.04150256502234796 -0.03492497193925085 0.05879234555646522 0.03478137133404984 -0.01155264944602028 -0.14116345122650578 149 image_000149.jpg

187 0.9950599032972347 0.011237462611445809 0.09616407464142891 -0.021953806027914528 -0.09100443182313267 -0.045481796876281115 -0.20292971034527937 187 image_000187.jpg

445 0.9986698556431514 0.02017718688422643 -0.04052262791574381 0.024684271877197714 0.09273457704044534 -0.06276480665713721 -0.2153604307709844 445 image_000445.jpg

430 0.699316930372985 0.06129205807059332 -0.08930341282962366 -0.7065578409419848 0.05341604147924715 0.005432277397008142 -0.03542991466720962 430 image_000430.jpg

312 0.9984246820135667 -0.052709548457192286 0.016801099993791903 -0.009357797016468909 -0.029710242255579767 -0.004426105962011262 -0.0921495370296757 312 image_000312.jpg

35 0.9999903928516697 -0.002218533933730376 -0.0032152684786410173 0.001986512591538458 0.012776677941905037 -0.006387623414506729 0.2508140688741906 35 image_000035.jpg

390 0.9984059179091803 -0.05225700054418293 0.01490926551276974 -0.015249253904340638 -0.051311493014738384 -0.1817429886919323 -0.1710160520669257 390 image_000390.jpg

107 0.9994419776494591 0.02295023899552786 -0.011374269393973102 0.02143931221606426 0.05630287586481686 -0.0266799412624764 -0.16824377158696727 107 image_000107.jpg

129 0.9975611158519863 0.012055997397861135 -0.060560283319603676 0.032541170434390455 0.13806435943400963 -0.06501252106255428 -0.20774576428114305 129 image_000129.jpg

308 0.9996163674698044 -0.026557421836226464 -0.006972715201086132 0.003633213526416465 0.05501336523467032 -0.13597081655753276 -0.32688867066542177 308 image_000308.jpg

240 0.9994019147160959 0.025195225735814678 0.01623914106775665 -0.017242205105349472 0.022745480308175456 -0.07071480280758721 -0.261223100714575 240 image_000240.jpg

509 0.9439303401758461 -0.01725544873390179 0.3000547065363256 -0.1366196638479274 -0.7120658503957616 0.021055433001346022 0.10256160578835447 509 image_000509.jpg

202 0.7819410104429222 -0.02247542336237379 -0.016178811195864205 0.6227369522355962 0.11717559289812401 0.028701694171087175 -0.2897152148030443 202 image_000202.jpg

230 0.9866835460607923 0.11449950819610775 0.11170107043676704 -0.02946720779103199 -0.16198909440712742 0.015564393265752662 -0.10844398801674995 230 image_000230.jpg

283 0.9981568012504142 0.0077364732464097 -0.05649509490497593 0.020771512129152035 0.11166804388314558 -0.13908887928593677 -0.2155222768932618 283 image_000283.jpg

150 0.9872275759924793 -0.03298273586350684 -0.13088116919013426 0.08464023499758913 0.2477242443388727 -0.09296476904264069 -0.2778929194751787 150 image_000150.jpg

65 0.9793611618219619 -0.13601177331396666 0.09093941572055801 -0.11866982330886762 0.03791937850688702 -0.018295852330501926 -0.10261794651390603 65 image_000065.jpg

162 0.9991589032465773 0.033171625710942294 -0.02105293410583293 -0.011743303263787403 -0.23545247340667674 -0.047735082028355816 -0.2822834491638599 162 image_000162.jpg

270 0.9982071767634281 0.009720243463186238 -0.05844094753806238 0.00852089981001709 -0.0702937170778595 -0.031051230743829598 -0.2195965975628898 270 image_000270.jpg

243 0.9942658214556807 0.09630555877030811 0.04606806748582789 -0.006200293376774122 -0.05321168796682067 0.052609480857425214 -0.06532850095905035 243 image_000243.jpg

140 0.9991222769041067 -0.00020978577755205986 0.039076718189134864 -0.01508832988514698 -0.08758872087938405 -0.06794124674136642 -0.035705096699061065 140 image_000140.jpg

97 0.9982096775358164 -0.052826650420046535 0.026666740266100407 0.008699207521567649 0.07765636512478462 -0.21120337162995356 -0.4355347251919159 97 image_000097.jpg

242 0.9986535758695927 0.051073598687717776 -0.004178978553288308 0.008065830384959628 0.0470753722854893 0.03389357190350878 -0.04814740451550983 242 image_000242.jpg

352 0.9671452728683512 0.06305537217409023 0.23759921446024065 -0.06481233995013407 0.014376051331214222 0.041619482473751 -0.029908225587452354 352 image_000352.jpg

49 0.9865225841862366 0.008351448085627086 0.14850384465095884 -0.06819125808059917 -0.27420385142946774 0.0071913931651582524 0.376067551638085 49 image_000049.jpg

358 0.9828179759494422 0.0426459189854013 0.1648209808521134 -0.07130355307724216 -0.18875221713788767 0.07059017853816585 -0.30346600173203453 358 image_000358.jpg

1 0.9187990641925977 0.03723380405074237 0.3705863117418474 -0.130719946052238 -0.8153738486976551 0.06922704113204006 0.33633086089938646 1 image_000001.jpg

467 0.9928243559201331 -0.0032415203291264265 -0.09939432405388463 0.06640820952632974 0.23563958808706625 -0.07862454472458733 -0.2845840537516071 467 image_000467.jpg

69 0.9908438890380913 -0.020402378412866164 -0.11195538088759474 0.07265070225359371 0.2730923909267382 -0.13960836192521703 -0.33281159604081323 69 image_000069.jpg

392 0.9848213461372651 0.01407286769888738 -0.14074161101460625 0.10060150597915951 0.35432119909653054 -0.028228576958356937 -0.3258259861051828 392 image_000392.jpg

120 0.9963409514407003 -0.04967108420892027 -0.0661916746676851 0.021357918246825244 0.17101122529950985 -0.23015512060796356 -0.44312504208065534 120 image_000120.jpg

267 0.9899880246275398 -0.09317994476180975 -0.10143992402149932 0.030840710751687647 0.2823735621188481 -0.2077905637770691 -0.334431321096161 267 image_000267.jpg

488 0.9005746048807648 -0.0071460076479854555 -0.38132826946814435 0.2085738693605206 0.8937772193035717 0.15943867179901003 0.12364374341380013 488 image_000488.jpg

328 0.8921045537222043 0.0032887799338340586 -0.4045059494938202 0.20127983654580323 0.9146902937673616 0.12090267557407738 0.11303193309515852 328 image_000328.jpg

209 0.9989242825903707 -0.01788485126867346 -0.04093486649954625 0.01244004711504179 0.22108201584970433 0.0032984642779058304 -0.07739225987511186 209 image_000209.jpg

525 0.993359042739002 -0.053438687557680616 -0.10157918825423652 0.007987506657433469 0.30929588260862734 -0.12883142006532386 -0.3257759303205355 525 image_000525.jpg

203 0.9738813892552334 -0.21499345251725083 -0.03426840187586692 0.06448667455327263 0.1312012350269873 -0.45244891282375044 -0.45303225635633004 203 image_000203.jpg

204 0.9732359116179715 -0.21794404795006364 -0.02876081485992729 0.06697058929600179 0.127182907364992 -0.45527137730205647 -0.45141991407841425 204 image_000204.jpg

391 0.9273504691142441 -0.11185549170535351 -0.27337024149000555 0.22973497790815464 0.8711638805478432 -0.06296307230865042 -0.2656844664624029 391 image_000391.jpg

148 0.9730598378688506 -0.1003967297346551 -0.16083719404485186 0.13117329814872597 0.4684626508673872 -0.2946065092682146 -0.5097748230675302 148 image_000148.jpg

405 0.9476997245505175 -0.006380839741554355 -0.29051195147589387 0.1320125992960045 0.8697815200520373 -0.10251884522207894 -0.2973866772795397 405 image_000405.jpg

524 0.9313327236143207 -0.03299117028810594 -0.3251643069867881 0.1606210329427321 0.7787723892065097 0.051496975207171364 -0.00402165203672511 524 image_000524.jpg

282 0.9943311076044693 -0.08254502930180156 0.04946100131840653 -0.04522811161169687 0.14535067019664974 -0.10920912641597645 -0.26317489008078643 282 image_000282.jpg

57 0.9795570504359186 -0.03774017358561169 -0.16183706297729122 0.11336852947588406 0.40862530345999326 -0.05507126626527637 -0.19741082494331896 57 image_000057.jpg

124 0.9452508530620864 0.10573759927855579 -0.29148815127846817 0.1017597372996391 0.750951264368549 0.4035239681858892 1.4089394053465851 124 image_000124.jpg

38 0.9866517845459346 0.00997135981381451 -0.12975274018055624 0.09789310639696841 0.34699567940260057 -0.03767584958522821 -0.3342757971190373 38 image_000038.jpg

346 0.8531464945430882 -0.017746822587748845 -0.4589076900983396 0.24744666140463856 1.175103611723685 0.20307365303312927 0.21248471029221466 346 image_000346.jpg

13 0.984544326900842 0.016020236598808 -0.1534846990920538 0.08281469888036558 0.3622020371442509 -0.04436378678070293 -0.11501597517321985 13 image_000013.jpg

16 0.9949974882960163 -0.014388760878105682 -0.08735882160560814 0.046275222265923024 0.1966742064693655 -0.1686254974323571 -0.26900199411519127 16 image_000016.jpg

444 0.9660548739132553 -0.03646037268666282 -0.21533936255111405 0.13797671522258975 0.5852498949645978 -0.15969642821723423 -0.1295528062404436 444 image_000444.jpg

496 0.9018453170580234 -0.04963701255917366 -0.38043420684027096 0.19869828914324394 0.9403965430941892 0.05988265778956908 0.0275561909702004 496 image_000496.jpg

26 0.8029778760732305 -0.019899820649931916 -0.5444298647856962 0.24171599963136123 0.9430717559529321 0.252505919534163 0.47556195141358965 26 image_000026.jpg

280 0.8833183314597863 0.07485285212057473 -0.42972206610679375 0.17171109852621996 0.9200772645514643 0.13799206833036062 0.5550639419806566 280 image_000280.jpg

275 0.8616142173990312 -0.07486251848956813 -0.43651014011131395 0.24794243027287274 0.9881661450457622 0.030748507048352233 -0.025906652012401055 275 image_000275.jpg

5 0.9796955378825004 -0.10351747716707685 -0.12622876352031595 0.11639189680637824 0.3527902856765822 -0.10876124053600714 -0.33466283788402584 5 image_000005.jpg

156 0.9875756896974749 0.0807672717682751 -0.11504563189851022 0.07025245721547005 0.15985609849944263 0.09984085961699211 0.05916105539513587 156 image_000156.jpg

298 0.8859163499160673 -0.16466889331694926 -0.3500846594134605 0.2558849599459558 0.8824044311760173 -0.12097217891427905 -0.17335674604577853 298 image_000298.jpg

526 0.8729674791911443 0.05166803119576964 -0.4368211458606694 0.21082094108473703 0.9414287104461452 0.1987775547273646 0.2822123348435699 526 image_000526.jpg

188 0.8864308631469976 -0.14845221476018483 -0.35680952789596676 0.2547336481968249 0.8792211230858417 -0.07089957073878442 -0.15648318707651623 188 image_000188.jpg

194 0.7955211087555796 0.01690283450627952 -0.55726829252362 0.23730260537135198 1.0557024816009917 0.23510589928597045 0.5147697763033059 194 image_000194.jpg

244 0.9524548682192548 0.07803759686130146 0.28020276178477616 -0.09069878441512448 -0.6620088983308929 0.0625691130111188 -0.10695089425394017 244 image_000244.jpg

286 0.9873167015171008 0.12839300434010464 0.0917136219393172 -0.01759492065858602 -0.23769572976446401 0.011461036727174169 -0.13499125134240544 286 image_000286.jpg

18 0.9678755517984041 -0.162255661822118 -0.1369571411013935 0.1346579050713805 0.36690808672620545 -0.13791458820947977 -0.30769410312108775 18 image_000018.jpg

406 0.9354451359264296 0.11012540363724421 -0.31576335259525323 0.1144915427843738 0.8790649408099053 0.0007344274629379199 -0.2892608641555521 406 image_000406.jpg

131 0.7954523017968153 -0.02588188435056228 -0.5580061335256252 0.2349785282537441 1.0662146730771795 0.12994408655228426 0.3357535063782711 131 image_000131.jpg

518 0.9829266491145948 -0.13008629107508873 -0.10484171826265574 0.07707772962231574 0.33117867960530517 -0.15496184740305718 -0.35051185206753555 518 image_000518.jpg

296 0.9748352588316371 -0.22227675958752058 -0.00017912264954275095 0.017006400117201784 -0.013205298181065084 -0.3756222663119291 -0.40939620056139997 296 image_000296.jpg

272 0.9060979529807692 -0.040036629884769206 -0.3664296506187327 0.20763639456522634 0.9608831849272037 0.05066635143786778 -0.13194349181203086 272 image_000272.jpg

326 0.8714944496340953 0.022554898379973855 -0.4420892179302171 0.21105875195810314 0.9262956587442432 0.12998245315799523 0.37276230217411965 326 image_000326.jpg

222 0.8017965032108456 -0.037962201031931465 -0.5551935636906367 0.21781041180948857 1.023538190121027 0.09443051778376352 0.291366112113118 222 image_000222.jpg

56 0.8666977802984149 0.025065328348271142 -0.459577398138962 0.19234162962034013 1.0738595539986324 0.14595864943371104 0.6073537201431551 56 image_000056.jpg

92 0.9128088808334489 0.06434162410922753 -0.371455897007634 0.1570369963233925 0.9151950149696789 0.07032948868401079 0.46003925100883425 92 image_000092.jpg

508 0.8741269244516693 0.041837281899813714 0.44680921171314125 -0.18577756155988262 -0.9407125727722112 0.20422021452487518 0.3358944066452913 508 image_000508.jpg

128 0.9720472904249815 -0.21298629269861655 0.055366230065584866 -0.08182603854516428 -0.1630390595040146 -0.5417963012451641 -0.5303184310043402 128 image_000128.jpg

