# Camera list with one line of data per camera:
#   CAMERA_ID, MODEL, WIDTH, HEIGHT, PARAMS[]
# Number of cameras: 130
386 RADIAL 760 1013 2153.01034221165 380.0 506.5 0.13046831242374424 -0.0031860404765601336
485 RADIAL 1140 760 2730.2308693178597 570.0 380.0 -0.11435629263539027 -0.002303630679978063
487 RADIAL 1144 760 1511.839013545203 572.0 380.0 -0.028352491887365057 -0.2102932574526636
521 RADIAL 1013 760 926.1931142298223 506.5 380.0 -0.18778058516350588 0.1445143763909912
523 RADIAL 1013 760 923.8661594076265 506.5 380.0 -0.20043286666257557 0.16278706191806386
506 RADIAL 1013 760 1423.0779225589192 506.5 380.0 -0.21094379498984525 0.5988233520253462
287 RADIAL 1351 760 1211.1427392311437 675.5 380.0 -0.18126935820599308 0.10768734451710649
71 RADIAL 1013 767 1147.8959580251033 506.5 383.2972972972973 -0.07991217623523376 -0.058030108730590606
39 RADIAL 1013 767 1151.6090430042066 506.5 383.2972972972973 -0.08905152789138379 -0.014972719880584873
176 RADIAL 1141 760 1523.1204098745613 570.5 380.0 -0.13866656591761456 0.024893579541390688
61 RADIAL 1838 777 1564.4987707943485 918.9999838935007 388.4444387114576 -0.10308321649448482 -0.1224341884803838
382 RADIAL 760 1140 1595.175942600828 380.0 570.0 0.09610918036037454 0.14158636289439724
95 RADIAL 760 972 1509.6612919403135 380.0 485.99999999999994 -0.07124652576117908 0.7526975860776223
514 RADIAL 1013 760 1292.8902891547964 506.50000000000006 380.0 -0.008451565291443657 0.020391012814570956
132 RADIAL 1140 760 901.8159241942697 570.0 380.0 -0.088013192611984 0.08258812037377435
400 RADIAL 1013 767 1394.096011729498 506.5 383.2972972972973 -0.15215819368381367 0.21328409937556672
404 RADIAL 1140 760 1613.4458096052504 570.0 380.0 -0.044041456119360604 0.047048087038420415
409 RADIAL 1140 760 1074.3820806548786 570.0 380.0 -0.13224627787039725 0.10650834366839669
154 RADIAL 1351 754 1056.9522524038648 675.5 377.0232558139535 0.10288726504863167 -0.15222586644168998
32 RADIAL 1140 760 1210.6233456441303 570.0 380.0 -0.09213113876689044 0.2770918928625518
421 RADIAL 760 1011 2365.6528279252802 380.0 505.5 -0.15246509624166052 -0.014893538789634788
47 RADIAL 1013 760 853.0841878309587 506.5 380.0 0.07134132475917777 -0.06685808149814892
303 RADIAL 1157 771 928.4425974955398 578.5 385.6666666666667 -0.007649941904460163 -0.05034421635907081
179 RADIAL 1013 767 916.6690930570211 506.5 383.2972972972973 0.06357940668133774 -0.23500258883615616
314 RADIAL 760 1140 2617.3966938128565 380.0 570.0 0.058296979839419956 -5.1687808503872175
325 RADIAL 1352 760 1185.2457576955007 676.0 380.0 -0.07619447092668906 0.07272780345565903
457 RADIAL 1140 760 1074.193853783503 570.0 380.0 -0.13032710758069324 0.1004486719298749
330 RADIAL 1013 767 794.9884321485499 506.5 383.2972972972973 0.04187040483993507 -0.07273825618518254
461 RADIAL 1013 767 1506.6693624414925 506.5 383.2972972972973 0.2564508697237335 -1.1959648374073595
341 RADIAL 1013 760 1054.943155889587 506.5 380.0 -0.16031433238214177 0.19688079402370315
342 RADIAL 1147 760 1300.8343418584122 573.5 380.0 -0.03710617481732998 0.03129000641051471
89 RADIAL 996 754 1563.8344737774214 498.0 376.8648648648649 -0.042633311449750196 -0.04369755375530125
479 RADIAL 760 1013 1157.9979773057069 380.0 506.5 -0.0914282954972464 -0.14654206729888217
361 RADIAL 1013 767 963.3911626135181 506.5 383.2972972972973 -0.13061101897161037 0.158664706749443
115 RADIAL 1441 753 1318.9654354826498 720.5 376.625 0.24122302900033366 -0.4892689296822936
372 RADIAL 1140 760 940.8807601891228 570.0 380.00000000000006 -0.16393067265198497 0.14816271458873634
375 RADIAL 1351 760 1047.341182053373 675.5 380.0 0.02684225784619838 -0.05806357553779158
123 RADIAL 1013 760 1803.242131152419 506.5 380.0 -0.01555926530269897 0.027997358064813307
354 RADIAL 1013 760 1029.921169068821 506.5 380.0 -0.04165005711085234 -0.009259924333630154
483 RADIAL 1353 755 1196.5865016205591 676.5 377.5813953488372 0.057407646226608995 -0.18060761834943737
264 RADIAL 760 1013 1082.1987148269409 380.00000000000006 506.49999999999994 -0.17296158057326663 0.19053476494951607
90 RADIAL 760 1013 2257.5897904759718 380.0 506.5 -0.14469934841596901 0.002742478379506141
122 RADIAL 1153 769 1228.2813115082258 576.5 384.33333333333337 0.09491225701380131 -1.278035150106536
425 RADIAL 760 1057 2354.0034117487667 380.0 528.5 -0.2610952748123246 3.0700933351546813
340 RADIAL 1013 760 1152.6790829082997 506.5 380.0 -0.044593958942661646 0.0006967007067516115
258 RADIAL 1140 760 1066.2599036124152 570.0 380.0 -0.007492509932159796 -0.011674584961864031
46 RADIAL 1386 774 1148.4867423084588 692.9999999999999 386.79069767441854 -0.11260240034281377 0.06491889314814484
189 RADIAL 1013 767 1328.7822280406065 506.5 383.2972972972973 -0.08610649675751611 -0.020035431886027757
329 RADIAL 1140 760 1289.0559664075647 570.0 380.0 -0.08972389211300721 -0.06322020075137544
343 RADIAL 760 1013 1425.3617694846291 380.0 506.5 0.008394249548014203 0.46117506824597926
528 RADIAL 1013 767 1159.640815237067 506.5 383.2972972972973 -0.0695432612269607 0.03256881900588236
293 RADIAL 1013 760 1059.4957485304983 506.5 380.0 -0.16521306619960355 0.04251422754634315
423 RADIAL 1486 760 1634.9975437013245 743.0000000000001 380.0 -0.13336178133296034 0.09119001214829581
322 RADIAL 1013 760 764.4375552414177 506.5 380.0 -0.14240047191151461 -0.0598382329680977
323 RADIAL 760 1013 792.9536824070051 380.0 506.5 0.09979110707541568 -0.09320418105288217
460 RADIAL 1353 755 1716.4683148188915 676.5 377.5813953488372 0.09990629831746636 -0.3366138547306409
77 RADIAL 1013 760 950.2901694528294 506.5 380.0 0.13851093115470228 -0.39574333398274114
87 RADIAL 760 1684 1232.387852075111 380.0 842.0 0.10861820300168584 -0.14307955462545763
126 RADIAL 797 760 605.5802057081092 398.5 380.0 -0.11971945255175899 0.15777930802542503
510 RADIAL 1140 760 942.5706809380871 570.0 380.0 -0.06738614036783863 -0.03419660836232736
208 RADIAL 1143 760 1680.0897378804918 571.5 380.0 -0.0027912641352545696 0.002314550613216498
497 RADIAL 1140 760 1861.7915110577617 570.0 380.0 -0.05541081822498229 0.6339846848406765
309 RADIAL 1009 760 821.4072167750433 504.5 380.0 -0.003339304898591897 0.02806673100338029
190 RADIAL 1684 760 1234.906614879691 842.0 380.0 0.11521288169966244 -0.16789464916754532
191 RADIAL 1684 760 1232.3328116097423 842.0 380.0 0.111451108131823 -0.14683533202628593
143 RADIAL 1580 777 1925.0988488609064 789.9999698003146 388.4444294388961 -0.1615712873923199 -0.026123540584237333
53 RADIAL 1142 760 1163.6253842196945 571.0 380.0 -0.049158765721712 -0.021025450724475744
318 RADIAL 1018 760 900.7790474567239 509.00000000000006 380.0 0.601493156655357 -2.783122014469526
225 RADIAL 760 1140 1466.4498922872363 380.0 570.0 0.0004497031040555274 5.8442054152140526e-06
513 RADIAL 1013 760 717.0809244018822 506.50000000000006 380.0 0.04071737097047978 -0.0446439501917196
106 RADIAL 1013 760 799.302633313615 506.5 380.0 0.21716619341366086 -0.36701001975711317
520 RADIAL 760 1011 1259.8490545284205 380.0 505.5 0.7077163393121871 -5.578080016392189
216 RADIAL 1140 760 859.9612989930861 570.0 380.0 0.06501758875891166 -0.08375191440737183
94 RADIAL 1013 760 1662.2915920531984 506.5 380.0 0.11997359308729066 -0.26238688724093684
37 RADIAL 1147 760 1706.889054752228 573.5 380.0 0.14239875269264565 0.007783822467264149
311 RADIAL 955 760 862.7297962729092 477.5 380.0 0.05402839726700975 -0.35538530848885536
72 RADIAL 760 1013 2187.168594687738 380.0 506.50000000000006 -0.09802085288214918 -0.00497079599420049
17 RADIAL 1140 760 1557.22393086714 570.0 380.0 0.060146638046275167 -0.037964032928660824
20 RADIAL 1140 760 1697.520727677605 570.0 380.0 0.059296660328197665 -0.02916865111740632
266 RADIAL 760 1013 1062.2714717462704 380.00000000000006 506.49999999999994 -0.047411024264741385 -0.029337024184585555
348 RADIAL 1013 760 839.5296554517164 506.5 380.0 -0.07179555327477882 0.059355852204509965
4 RADIAL 1140 760 928.3965372270129 570.0 380.0 -0.0777564621242849 -0.008423348983003818
428 RADIAL 760 906 626.8689143037046 380.0 453.0 -0.016801705964403994 -0.0010586781570867307
434 RADIAL 1013 760 1186.5978314980455 506.50000000000006 380.0 -0.1570785773445466 0.19034283295572813
449 RADIAL 1132 760 1097.8555299264046 566.0 380.0 0.10809626112313454 -0.2639633082762554
362 RADIAL 1351 760 815.0085325311996 675.5 380.0 0.041583975728783605 -0.0014230202734555476
315 RADIAL 1013 767 2515.4208648251333 506.5 383.2972972972973 0.44513663779574975 3.384232737695455
214 RADIAL 1140 760 850.1578115782787 570.0 380.0 -0.06854731684671847 -0.07990452730681377
19 RADIAL 1140 760 999.1895541896546 570.0 380.0 0.17478097845873286 0.01467520974397738
211 RADIAL 760 1143 2130.7401861015583 380.0 571.5 0.00842258861009849 0.01706863618006351
281 RADIAL 1013 760 2445.2572790547874 506.49999999999994 380.00000000000006 0.4578048500448965 0.013953403328873917
320 RADIAL 760 1620 1290.6504290981422 380.0 810.0 0.4812432852226885 -2.451402311332449
426 RADIAL 1055 760 3308.652620508036 527.5 380.0 -0.0024814484113954032 -3.6865146566888276
8 RADIAL 1140 760 2804.7129018789065 570.0 380.0 -0.3264112998958855 9.729401169951
302 RADIAL 760 1013 1217.5008233013832 380.0 506.5 0.00944902751151893 0.0001749817125311273
52 RADIAL 1142 760 1712.3220618172227 571.0 380.0 0.26221811073172335 0.010769873843022889
215 RADIAL 1140 760 833.2363069359044 570.0 380.0 -0.07212125877028847 0.041643823143262204
422 RADIAL 760 822 902.9186990055854 380.0 411.0 0.0005520325012777846 6.9348685901955825e-06
152 RADIAL 1352 755 1466.0490616563593 676.0 377.30232558139534 -0.0656608211242398 6.259621779931635e-05
319 RADIAL 1013 767 1036.3383446106488 506.5 383.2972972972973 -0.013118813059100726 0.014421754214131619
153 RADIAL 1202 760 1069.9340499216464 601.0 380.0 0.17107503811173463 0.007092675274728348
473 RADIAL 1600 777 1273.6965814221046 800.0000241597501 388.44445596954 0.15553166031608173 -0.3095462421597047
14 RADIAL 1140 760 1794.4845549244437 570.0 380.0 0.03537893877904694 1.406272333453026
427 RADIAL 1013 767 2778.1841454951054 506.5 383.2972972972973 -0.020893091932197894 -0.0012036197555936926
463 RADIAL 1013 760 1046.3906269616236 506.49999999999994 380.00000000000006 0.029462753286140807 0.004876673448806779
3 RADIAL 760 1140 4091.1020703549334 380.0 570.0 0.0019397914903115559 1.9467498921860713e-05
249 RADIAL 1140 760 815.8368890964033 570.0 380.0 0.5357739880038005 -5.192811875812091
284 RADIAL 760 1013 1216.0879829614 380.0 506.5 -0.0002454242438188973 -3.125664646524414e-06
383 RADIAL 760 1013 1222.0137828678558 380.0 506.5 0.01624872305930175 0.0006823830097586191
522 RADIAL 1013 760 922.3618115972009 506.5 380.0 -0.17573566092052495 0.12027343151210726
12 RADIAL 1140 760 1243.7714126933727 570.0 380.0 -1.03795349164088 -0.30201860809811193
268 RADIAL 1013 760 1052.5847205408536 506.49999999999994 380.00000000000006 -0.033197996053281824 -0.0031079244426912285
451 RADIAL 760 1013 1216.3990441404405 380.0 506.5 0.009325651786199325 3.5976486588382836e-05
336 RADIAL 1013 760 915.4247926436828 506.5 380.0 0.09492354099214173 -0.1460138346549551
219 RADIAL 760 1140 1122.5182223780564 380.0 570.0 0.04093656929602973 0.0005777062595677757
80 RADIAL 760 1351 1618.161217785367 380.0 675.5 0.03613105157008758 0.0008368236222044522
60 RADIAL 760 1013 2225.286984119113 380.0 506.50000000000006 -0.010734759488224358 -0.0002474690146121509
350 RADIAL 760 1013 3325.953814241383 380.0 506.5 -0.007729936371461732 -2.221388914324833e-05
7 RADIAL 760 1140 4091.3126576160694 380.0 570.0 0.0005324318522666872 3.528730806555527e-06
25 RADIAL 1013 767 967.5158845970276 506.5 383.2972972972973 -0.08425193167500278 -0.010798164858957786
369 RADIAL 760 1013 1216.3215544435886 380.0 506.5 0.0015648546011715258 1.6703352510287127e-05
363 RADIAL 1013 760 1019.4693771909366 506.5 380.0 -0.14679280455712446 -0.022584599599425968
278 RADIAL 1013 767 1165.8538904538468 506.5 383.2972972972973 -0.166632808272098 -0.0213132721502305
295 RADIAL 1139 760 1259.1019263983712 569.5 380.0 0.04900009797341614 -0.012892557424492971
452 RADIAL 1351 754 1084.9411522367247 675.5 377.0232558139535 0.11642026926695172 -0.17616289038479913
511 RADIAL 1140 760 933.629976131763 570.0 380.0 -0.15394581574698413 -0.055515971278930876
265 RADIAL 760 1013 3827.545888493454 380.00000000000006 506.49999999999994 0.1913248926760871 0.005441407720775713
317 RADIAL 1013 760 756.7162916704839 506.5 380.0 0.030056512869553954 0.002461754172582954
516 RADIAL 760 1013 1213.6530947244992 380.0 506.5 0.06320830460117845 0.009118494561060826
220 RADIAL 760 1140 814.6654749775007 380.0 570.0 -0.10883350060600655 -0.0341469846937481
