# Image list with two lines of data per image:
#   IMAGE_ID, QW, QX, QY, QZ, TX, TY, TZ, CAMERA_ID, NAME
#   POINTS2D[] as (X, Y, POINT3D_ID)
# Number of images: 236, mean observations per image: 16.915
96 0.9935114057030557 0.0916136115133178 -0.05848367214469802 0.03349169843579366 -0.12276595406980086 -0.04125696639860499 -0.2428454399832198 96 image_000096.jpg

1 0.999984939013825 -0.005309453102879925 0.0005993233177708107 -0.0012556834509417705 0.001089297623268739 -0.00026184508871194287 -0.013511758110028539 1 image_000001.jpg

2 0.9845145862180378 0.10742286834724335 -0.12108206222846564 0.06730883396561431 -0.15470892672946537 -0.06070420667235553 -0.36761929488224765 2 image_000002.jpg

33 0.9879179777420796 0.13753094890830048 -0.05602788037834166 0.044319178278932544 -0.38234585242177443 0.0197676368852817 0.13575264401199616 33 image_000033.jpg

4 0.9771792532279292 0.11947277002951454 -0.16429305857446388 0.06208665494707021 -0.09600997793710886 0.006004073673244575 -0.04429365106687634 4 image_000004.jpg

71 0.9880978145091338 0.1433981028728503 -0.04363016622125644 0.03458462927707952 -0.220801933791188 -0.00212679697698197 -0.014315811348305 71 image_000071.jpg

40 0.9948686044774753 0.06720734602898439 0.07485692545210698 0.010773299847637877 -0.651222114370519 -0.0785433155292995 -0.25496089751313894 40 image_000040.jpg

73 0.9940202879760177 0.10483368990746532 0.012444097794621096 0.027905549921472244 -0.2978488264122158 -0.031988794283373374 -0.17795205340637482 73 image_000073.jpg

77 0.9841321195440444 0.1038718069929659 -0.12617949764525388 0.06908943633584776 -0.20688594597220258 -0.09738489995482678 -0.5815381270055654 77 image_000077.jpg

142 0.9476939118125411 0.2732455620174725 0.16409943141580655 -0.01686682920041883 -0.693341033171788 0.10812817245860501 0.03358462462172912 142 image_000142.jpg

17 0.9663142517047618 0.13402323092469837 -0.2045572147910134 0.08019282135284116 0.025877264077824494 -0.01828876961021287 -0.1985053587167324 17 image_000017.jpg

61 0.958884472997881 0.09255236676916576 -0.25096658010679895 0.09481770237401066 0.16374675826617244 -0.04653452941327668 -0.24284825951462577 61 image_000061.jpg

53 0.9638847871398056 0.06128359224010148 -0.23831447110841278 0.10186586885635726 0.07237333198689079 -0.03883988737877024 -0.1527253184514217 53 image_000053.jpg

27 0.9784653659740234 0.16859277952387244 -0.10447745948308021 0.05715286238321884 -0.1689328958481511 -0.026294029062622612 -0.40089032212947073 27 image_000027.jpg

29 0.9620731050718397 0.2096992580665034 -0.1632000351409777 0.0617034275259774 -0.23571087391094042 -0.010787171342702906 -0.10427880522199462 29 image_000029.jpg

11 0.9631176659434537 0.14439165383023825 -0.21357368410432503 0.07708239976912198 0.027690377358698972 -0.0034380036996180183 -0.049863917366759825 11 image_000011.jpg

15 0.9645658266949056 0.11550304976029116 -0.21966368872887315 0.0895525452739333 -0.008173758372559847 -0.02486765526640535 -0.21469717557166476 15 image_000015.jpg

19 0.9942623824034443 0.1039472916933593 -0.012949019040564662 0.021670323596817056 -0.4876622821709253 -0.05189124119694022 -0.3540321066294077 19 image_000019.jpg

42 0.9900723645999779 0.02673063817584019 0.1357848015097984 -0.024589826388404873 -0.8492133915031642 -0.1076749580563968 -0.303873889313536 42 image_000042.jpg

43 0.975841958317305 0.17354501189306382 -0.12505550265325757 0.04444914145692303 -0.14340101167714353 0.007652102298911701 -0.045713884864475 43 image_000043.jpg

54 0.9445704015199411 0.0702433737818465 -0.2949590765346762 0.12590374782019167 -0.18419584564026106 -0.03663157730326315 -0.10943393559597635 54 image_000054.jpg

60 0.9873708463763532 0.131816900683937 -0.08238898773960422 0.030580573840675487 -0.29867161105872486 0.03749099411034127 0.0097765338816267 60 image_000060.jpg

63 0.9915691104309513 0.1249298526298669 -0.005961907483941932 0.03387746121157357 -0.4137761893550087 -0.014951561358031228 -0.07945838879247932 63 image_000063.jpg

85 0.9954041126006707 0.09365872750115282 0.002932559498156587 0.019750938953919262 -0.5637040534652747 -0.09287749003868444 -0.5271738052526135 85 image_000085.jpg

97 0.9718587354529433 0.09764900855119173 -0.2022439997687866 0.07108193776305197 0.10636821462154233 -0.010124634192719785 0.006340853656515294 97 image_000097.jpg

38 0.9839071236224507 0.10067402375264209 -0.13435235967769338 0.06116325126745001 -0.16340607874977658 -0.04298553678618722 -0.21113899661775792 38 image_000038.jpg

16 0.9725477787748106 0.1034984687552793 -0.19222559330527747 0.08054948373793022 0.01642211503413779 -0.053861477915769465 -0.3187113364970543 16 image_000016.jpg

109 0.9933239633205214 0.08848200392979218 0.07331372770118622 0.010174498651931619 -0.6258616348645162 -0.10724282967153315 -0.4873137874247273 109 image_000109.jpg

93 0.9953253969143806 -0.006994454240679039 -0.07586477128301168 0.05935455727670411 -0.3220843189232129 -0.3299307261349935 -0.8038672244773922 93 image_000093.jpg

26 0.9883629030558153 0.09432458754828685 0.11676279599342515 -0.024659626872838892 -0.32318471259544324 0.06472453771026794 0.2562079879845342 26 image_000026.jpg

50 0.9615527418035104 0.1144789782172131 -0.232895509850496 0.08983631412410056 0.10565574752866239 -0.05642981634056485 -0.4085354128484342 50 image_000050.jpg

52 0.9966327202703162 0.05610411956566814 0.056872009465091626 0.018469567265751705 -0.6435767870926739 -0.13715171027485099 -0.44634818235071877 52 image_000052.jpg

111 0.9797921649626523 0.1199402249982044 -0.1472355204360747 0.0627961889799783 -0.1712068362928834 -0.0015449199094240951 -0.04634759607803425 111 image_000111.jpg

91 0.9339569718436019 0.17354885890535768 -0.2978242642520259 0.09437089278656946 -0.08391469329271511 -0.0043636500072098405 -0.5801876200608572 91 image_000091.jpg

65 0.9795127448647054 0.03732783576412866 -0.17590765504903766 0.09065272604300116 -0.023273254585692474 -0.006545102856256129 -0.04003260580139836 65 image_000065.jpg

3 0.9675918571665694 0.15380670084931597 -0.18944526651496457 0.06496147768785458 -0.012581420166150915 -0.007864994999303501 -0.0995690013651053 3 image_000003.jpg

92 0.9830655663857333 0.08932795993468383 -0.1445003364681121 0.06871866093909157 -0.13472203595929624 -0.124970010306951 -0.6647112472200931 92 image_000092.jpg

88 0.9622212311549367 0.2378416323547416 0.1325047949127958 0.002033087739966241 -0.2753013148280363 -0.007017106617005241 0.21420853002668155 88 image_000088.jpg

25 0.99045911408433 0.13537371424620873 -0.0120573593196478 0.022788677200998753 -0.21053759650988974 0.017871157649202767 0.062215841044348706 25 image_000025.jpg

110 0.9849266993432092 0.15496481502372453 -0.06190004584676578 0.04553773624357325 -0.3455843537764692 0.0036705247773227805 0.06460539172207166 110 image_000110.jpg

44 0.9834552259776773 0.1029734363096507 -0.1345646001431673 0.06406759972571961 -0.16970800509483988 -0.10868051913108057 -0.6818780302638433 44 image_000044.jpg

9 0.9875883550396696 0.11699397045791925 -0.09124949931927713 0.05152861487882004 -0.27806979881520943 -0.09056084171925566 -0.6661894120520467 9 image_000009.jpg

21 0.9640270429623956 0.08698381633945798 0.24383352226316132 -0.06025700569179542 -0.5458126008677873 -0.029969180716253402 -0.21457986718287164 21 image_000021.jpg

103 0.9775250241266115 0.10433082773569478 -0.1710812426776806 0.06550665335133732 -0.07259802124587152 -0.036872076406666475 -0.22002248311820316 103 image_000103.jpg

