# Image list with two lines of data per image:
#   IMAGE_ID, QW, QX, QY, QZ, TX, TY, TZ, CAMERA_ID, NAME
#   POINTS2D[] as (X, Y, POINT3D_ID)
# Number of images: 126, mean observations per image: 460.270
33 0.9788218362009 0.08878834877536036 0.1813185458694448 -0.03388270614911983 -0.3950852081201717 0.16742334756515773 1.549549313630042 33 image_000033.jpg

98 0.9933144369826412 -0.02107075129041774 -0.1134961134712936 -0.0010367698306321712 0.20227691504702958 -0.07863658196799284 -0.22398690472743413 98 image_000098.jpg

4 0.9940288154039866 0.07562947538169927 0.07471150532467165 -0.02459847119292677 -0.1863001135287578 0.16992438990201958 1.2534867562585863 4 image_000004.jpg

38 0.9925526606200302 0.057311370463296374 0.10357073250078906 -0.028769960186246456 -0.22857345503881468 0.1440160566823404 0.9470823551690433 38 image_000038.jpg

39 0.9952606296946432 -0.09234445057183069 0.030078349893958536 -0.004906976327081479 -0.06105801646651245 -0.04439135708990241 -0.10435652665019213 39 image_000039.jpg

13 0.9999847159787322 0.0054740053662140796 -0.0007790465130651885 1.0572420166937873e-05 0.0014389584677603215 0.011793797927598965 0.04019850657969481 13 image_000013.jpg

109 0.9500902102042795 0.03409249053589094 0.30136759636688965 -0.0731017545213544 -0.49179366021423854 0.05436984821807997 0.2770803703649346 109 image_000109.jpg

124 0.9993455055273751 -0.025760032869992712 0.006242994421421245 -0.024616965529919856 -0.04457625301626876 -0.05867896929901462 -0.20117054056607012 124 image_000124.jpg

213 0.9956528113982084 0.07815116801741878 0.0467509588091718 -0.019550485036251272 -0.10294967147609847 0.16037640004009812 1.2617555777354181 213 image_000213.jpg

28 0.9906518847600871 -0.08704797732771438 -0.10407076667185126 0.014168956472008994 0.16868444060582344 -0.09700318550544168 -0.19751818839579038 28 image_000028.jpg

221 0.991658699712802 0.08039344721772082 0.09696543826872028 -0.0273425991269047 -0.1054975947328472 0.061183120135034796 0.9015381916364857 221 image_000221.jpg

214 0.9858837948106528 0.07714433287383517 0.1432549229815941 -0.03949588068445662 -0.3186760336103562 0.03630952485803024 0.2906529102132457 214 image_000214.jpg

97 0.9968574642479416 0.06968405846484799 0.0316294390154075 -0.020467158108272935 0.07115511593594673 0.2179999059480114 1.3336139651448913 97 image_000097.jpg

200 0.9959459705918333 0.020924284186217786 0.08252414708711521 -0.02904423832413511 -0.16709418232613046 -0.027174713385248607 -0.15397940292473591 200 image_000200.jpg

53 0.999679400328456 0.023907790783798743 -0.008336559740108263 5.613376400279153e-05 -0.11371986652112108 0.24496667302745215 1.0172629419075925 53 image_000053.jpg

231 0.9989636719615953 0.040221260237366 -0.010845154816167032 -0.018336207337324478 0.018607831484014452 0.004167467970001079 0.12685428730506088 231 image_000231.jpg

136 0.9879910268496178 0.050702792413792275 0.14289174059710655 -0.029747221093671523 -0.5044681252010196 0.23708636374956166 1.3817812534952465 136 image_000136.jpg

201 0.9783611617759723 -0.021663583292144 -0.20260439164404181 0.03593840456125117 0.06443440192787772 0.01049433773608708 0.01669135901637988 201 image_000201.jpg

112 0.9888066457454628 -0.0032124346984549485 -0.14895106865431545 0.008040780198154403 0.18763150287553215 0.08820593203619315 0.3910499565504475 112 image_000112.jpg

113 0.9631744576828518 0.1403732602520175 0.2271966603104629 -0.03117664769977894 -0.00047220002593284516 -0.008629811555899147 1.2780863379243548 113 image_000113.jpg

176 0.9957958935271586 0.08891674127187321 0.01780593273866995 -0.01293429828904073 0.002115834329550405 0.03804459041406022 0.41176698594343 176 image_000176.jpg

187 0.9905224852440787 -0.021610083422244415 -0.13421870670623767 0.019584483134546426 0.156902888555988 -0.09562348481645472 -0.2987084213594285 187 image_000187.jpg

93 0.9866322527065823 -0.04960067037610678 0.14592289337566317 -0.05294410496689195 -0.35749751496931004 -0.08045700870476716 -0.22594854140645412 93 image_000093.jpg

60 0.983296639039992 0.07578899717483775 0.15770232202600268 -0.05013705678565979 -0.31132672007621154 0.17537119947030477 1.3265481656794063 60 image_000060.jpg

157 0.9976131253201009 0.061901841637376664 0.02985128779103995 -0.0067175576530498415 0.07838676204676676 0.11074384144815098 0.7404279555961147 157 image_000157.jpg

2 0.9914655348558815 0.06185254178643804 0.11288857104018951 -0.020652149018835223 -0.1747749809067576 0.10239216545195037 0.6577391793535861 2 image_000002.jpg

16 0.9970280926867394 0.06182845571570237 0.044747381175345706 -0.010483337703779719 -0.0751158215665894 0.11031725434950937 0.7535667969055423 16 image_000016.jpg

229 0.8069555146603878 0.1265474913349261 0.5715347399814035 -0.07846362375843971 -0.2798123556491766 0.10141434635703876 1.0013337927865382 229 image_000229.jpg

77 0.9918233011703045 0.05979270986835623 0.11093434912785297 -0.02012315812499945 -0.28883470927090943 0.04851303205067109 0.3111934108516304 77 image_000077.jpg

224 0.8993439704990664 -0.007308876455036431 0.4135449827868479 -0.14180106186357913 -0.06545370437944054 0.3110773144919986 0.9953189611626256 224 image_000224.jpg

146 0.9988543708904246 0.018262929843652853 0.03699449423489046 -0.02424473418148287 -0.06012069800986241 0.049313391368640005 0.20459627382697732 146 image_000146.jpg

194 0.9633600412310822 0.12005631366123945 0.23831798787188277 -0.026989749772026096 -0.6392255667889015 0.0039611705094498295 0.9609310423225994 194 image_000194.jpg

175 0.9784537629514993 0.06995173857983471 -0.11457386561270685 0.15686881042835332 0.054257059750435904 -0.0026044144459956044 -0.11332617830453737 175 image_000175.jpg

91 0.9883766472148129 0.13842613390040465 -0.060068654785014275 0.01848152847469045 -0.5345386429394089 -0.018230795464492563 0.2604496235115066 91 image_000091.jpg

105 0.9989290587093149 0.033398637711296635 -0.031231661831931185 0.007061064948309004 -0.7757565128877618 0.09223906053733394 0.4824543254221751 105 image_000105.jpg

85 0.9684734778145644 0.04444174773394906 0.2362071135747181 -0.065499958711259 -0.5569980025727731 0.06810755444621468 0.2962661590460653 85 image_000085.jpg

235 0.9901029842108908 0.01770326148944689 -0.13781155289179498 0.019764884750479713 -0.5354117104525732 0.05338199649063065 0.21484935660549404 235 image_000235.jpg

164 0.9841328785524246 0.07511256961576644 0.15813034897082823 -0.028902921596015478 -0.31014736587801606 0.09572516863588547 0.5731013314812806 164 image_000164.jpg

9 0.9864995884999631 0.0691556331286765 0.14475326284375187 -0.03290218965918913 -0.3064985626219812 0.017890440817503406 0.12694472471893545 9 image_000009.jpg

44 0.9928872110126655 0.05930610634194217 0.1000261403349632 -0.025545182052230414 -0.23601555752278341 0.023285255016436104 0.09879112154445777 44 image_000044.jpg

135 0.992135843144451 0.09519221721450875 0.07629271373062138 -0.02800595958114235 -0.17065386934678978 0.0032452839287248603 0.02784065680368844 135 image_000135.jpg

11 0.9939775359700532 0.10688976108954786 0.023805184588968863 -0.0040693874631524095 -0.10098194775825205 0.08865606706545504 1.2437539012610648 11 image_000011.jpg

159 0.961122141555346 0.07438189356622864 0.260291222022793 -0.05440622284112059 -0.39030048057088623 0.07002185125506684 0.5108700927022526 159 image_000159.jpg

128 0.9991343052361401 -0.036426175111372014 0.0025785933423300876 -0.019927973868593036 0.012756584425472877 0.23384508387488104 0.6172631919985342 128 image_000128.jpg

148 0.9644600678209887 0.07842544988244937 0.24886259833408833 -0.04163686670937139 -0.43449878934264013 0.12116706416287865 1.2291631153357376 148 image_000148.jpg

158 0.998557060383314 0.010635341341363359 -0.05230497802551851 -0.005905573600416123 0.06240952567956118 0.12218696049156758 0.6228785228756734 158 image_000158.jpg

50 0.9969334041155326 0.07822164371200703 0.0022089929880387137 0.0005265572271808333 -0.026666501054965763 0.07423769681662876 0.5808425555824369 50 image_000050.jpg

185 0.963198971785178 0.022675986016108516 0.25819723367989844 -0.07118798494926157 -0.2231685945852809 0.16618672406447083 0.7194616316819119 185 image_000185.jpg

61 0.9982575933819475 0.05646895298496165 -0.017118270270385847 1.0959530414861534e-05 0.021143479613403036 0.14272037412664806 0.8607995444462166 61 image_000061.jpg

196 0.9474460534994629 0.07361584660081354 0.30215760422585897 -0.07501640638722441 -0.5593815690050012 0.11503594839242193 0.8432143298530936 196 image_000196.jpg

204 0.9934112966265893 0.11240063956733365 -0.02229878398519567 0.0016905706244996212 0.007880076535943158 0.05392613502648988 1.0128756531548881 204 image_000204.jpg

220 0.9751974708542336 0.1010689179798433 0.19198874375463076 -0.04376401685395344 -0.5395295443394544 0.12014787611660346 1.42096095861016 220 image_000220.jpg

19 0.9718731984331075 0.056345966220426855 0.22006355028091437 -0.06212615240438702 -0.4585714615584325 0.11563535318992693 0.6227268415058267 19 image_000019.jpg

36 0.9933996565001996 0.05677668115106222 0.09539751919113676 -0.02885939570473707 -0.19903775934055462 0.028979649661826624 0.17910544208210105 36 image_000036.jpg

219 0.9919525838642735 0.12502352974678246 -0.016958496069780105 -0.010563647042975424 -0.15019097604058224 0.040667608448206966 1.001817585259425 219 image_000219.jpg

92 0.994611151011475 0.04641517561891101 0.08943521309674292 -0.0244058815634627 -0.20565696593625268 0.030205578470637692 0.12639903837929387 92 image_000092.jpg

234 0.9541611713669248 0.05592195218960502 -0.29332805843038373 0.020195554158252374 0.14442839786259362 0.005787797645208554 0.13524504797837256 234 image_000234.jpg

107 0.9846376857536916 0.036380989261320495 0.1650331915550977 -0.043921381716161625 -0.5214801931695898 0.037400469925019365 0.17229744225399982 107 image_000107.jpg

127 0.9797679455657838 0.05724068194711424 0.1900497527371788 -0.025678265324772374 -0.4080509262933148 0.1992932509521609 1.4459699943892093 127 image_000127.jpg

32 0.9937581976985786 0.0709285591628921 0.08239694939819543 -0.02499028972127514 -0.18671032039185642 0.023923361041504276 0.26630478877879804 32 image_000032.jpg

197 0.9837866295384764 0.07809542203901677 -0.15962119343967804 0.024208402173162995 -0.5193916746868743 0.08802054930514674 0.6767279018174283 197 image_000197.jpg

223 0.9722629957041928 0.04902733101806543 0.22119073238364495 -0.058100329379271703 -0.4627605848506122 0.049093101742567376 0.328577289100666 223 image_000223.jpg

118 0.9980074932392027 0.052136030069672164 0.029666008861533307 -0.019565361917373455 -0.0735589634002119 0.18046044098305924 0.928024552184528 118 image_000118.jpg

42 0.9267824521984892 -0.02386937872938639 0.3556999643185959 -0.11824592820881487 -0.731034024291972 0.1621587078917363 0.4808954971946878 42 image_000042.jpg

110 0.9782240343829319 0.10414105417804571 0.17725495276265368 -0.028514173708256086 -0.34489870117628846 0.08925872015058545 1.4245651834875428 110 image_000110.jpg

188 0.993925898547518 0.08934407011419007 0.061306160884585376 -0.019248356606437495 -0.1319672172405476 0.06396816077261289 1.0934558468371014 188 image_000188.jpg

184 0.9837172487209181 0.041162122242134856 -0.16957494824701105 0.043016136245697924 -0.5402789728479849 0.07042265459838362 0.3593581078055311 184 image_000184.jpg

41 0.9982710596729238 0.052926334003300296 0.022748579393584968 -0.011669980943938398 -0.02702784074105085 0.20601038296102472 1.1148719614918707 41 image_000041.jpg

227 0.9923423693471991 0.11150500845026103 -0.052802562306629705 -0.005928171540918431 -0.14507226714730934 0.0666662268592591 0.9889885142088312 227 image_000227.jpg

21 0.87360677544814 0.030303165180902085 0.46665326889053627 -0.13463895191841088 0.033530030977747566 0.11205521260067547 0.4651391272651443 21 image_000021.jpg

209 0.8996668476297455 -0.022014214319671634 0.40978633895102745 -0.1489634045996867 0.1680368449665442 0.08815866512016493 0.23722656795478228 209 image_000209.jpg

96 0.9816559544457336 0.04523643138618842 0.17678203824589392 -0.05525716268096177 0.06255453598231517 0.16601127073471272 0.8712609027138027 96 image_000096.jpg

162 0.9876261537086904 0.08199881331437421 0.1311901853388582 -0.025688877106460548 -0.42913634582207094 0.08087767857698326 0.7893462630859812 162 image_000162.jpg

43 0.9840394021737305 0.12908941707088095 0.11931879472938385 -0.027666067493580613 -0.15423573734702528 0.03265382880951895 1.2537486557114217 43 image_000043.jpg

17 0.9950053067173877 0.09420751105128042 0.032843991834140863 -0.003265768869731991 -0.0847568878552503 0.0915259541099657 0.9783430967534188 17 image_000017.jpg

172 0.9966783536061461 0.08111229033044326 0.0021112907423734228 -0.0069701716109549505 0.006531697197114834 0.10074894212247809 0.8304676285878063 172 image_000172.jpg

27 0.9840629540580802 0.11338687816647511 0.13612281188476413 -0.015300484557365447 -0.1485353460862413 -0.013900666016749136 0.6167483778510469 27 image_000027.jpg

52 0.956375591973343 0.002684896199450813 0.28273134955385576 -0.07349491376649799 -0.5699425342312018 0.08622025926560072 0.35738465964485655 52 image_000052.jpg

232 0.9959422666405826 0.08679356038067612 0.02139417450807125 -0.010400517864659386 -0.13902558099265355 0.11638618768110584 1.046990442146131 232 image_000232.jpg

40 0.9501431902765045 0.01355368994346784 0.30166293373680136 -0.07774116447660986 -0.5362001846813407 0.15838308583775967 0.6843984421496607 40 image_000040.jpg

142 0.8889062475159326 0.21182452072861954 0.4031046252124596 -0.04982701086456208 -0.39718284700567186 -0.019971377967301307 1.0788698670038424 142 image_000142.jpg

12 0.988912724654331 0.05418513859502528 0.13355004135851883 -0.03577685735208452 0.012704657523079754 0.2812577712345955 1.3927151683284174 12 image_000012.jpg

15 0.9971312450540697 0.07401369335792676 0.015834425323746446 0.0007280567330850497 -0.19383414036015995 0.12393436984565692 0.9356648692118957 15 image_000015.jpg

152 0.9885065587842725 0.15099033594017067 0.006327111587485386 0.004083380568002175 0.1100628146623036 -0.02971842574830691 1.0652256933783837 152 image_000152.jpg

217 0.9831135579558746 0.160037897987197 0.08754197242025784 -0.014560309190670067 -0.29201624979077856 0.049579759056050776 1.2303789138957701 217 image_000217.jpg

222 0.9824562264128995 0.14949941179607668 -0.1105681201063263 0.014296019920738893 -0.5438167423753734 -0.020207308466095808 1.0037448368350501 222 image_000222.jpg

182 0.9600876326054754 0.11389774027975698 -0.2522431098347183 0.0404038293311523 -0.467629298847836 0.019616204247580732 0.5043507174199282 182 image_000182.jpg

126 0.966584101433685 0.08926695694340368 0.23996520314356057 -0.012777598275930504 -0.4554556583916128 0.06785871669729393 1.1973950526752546 126 image_000126.jpg

190 0.9987329135317417 0.04914994129495869 -0.009543729320638274 0.005075404657710885 -0.11724103977374833 0.23707020398463985 1.2764867912887536 190 image_000190.jpg

29 0.9822597686116004 0.17135210384825963 0.07616003471650892 -0.0019616588373444245 -0.41348142900765933 -0.08655026020272882 1.1495699462912101 29 image_000029.jpg

111 0.9926875375520962 0.07681797964738388 0.09020838578467412 -0.02308433794507587 -0.27238069946983207 0.16471879654340282 1.2606972961966647 111 image_000111.jpg

3 0.9921780265662066 0.11350557968083369 0.05004424879473704 -0.013957603330679868 -0.10094529227068905 0.05374512741639348 1.159878028831686 3 image_000003.jpg

26 0.9318750802250285 0.04495724759038323 0.3448758786224714 -0.10319064720948264 0.16597859741397036 0.3136542321001803 1.5745746791236257 26 image_000026.jpg

71 0.9755630517782803 0.09626671888614483 0.19311903153851637 -0.04140644164088649 -0.06724639254342707 0.1103811111903013 1.284509502888707 71 image_000071.jpg

147 0.9864231387763819 0.10947806282299202 -0.12099938909026291 0.01852291251083254 -0.5372329592965452 0.07176154185811157 1.126390901626688 147 image_000147.jpg

103 0.9954657700092875 0.06605810639855073 0.06384987991003972 -0.02464575756923748 -0.1606532834226308 0.14314691078131428 0.9354413138080103 103 image_000103.jpg

81 0.9807438555007524 0.1875428218840922 0.053938414284819505 -0.007734908503666685 -0.24523492450143064 -0.1249046290177136 1.2613798765933435 81 image_000081.jpg

69 0.9459452081523251 0.06482891445486728 -0.30891309541200107 0.07454906653983763 -0.32857248962497687 0.10124906263190678 0.6876429280672343 69 image_000069.jpg

25 0.9694132981467969 0.08586140458356184 0.22352046357239796 -0.053891311992854365 0.03708238358456695 0.1599210233929041 1.4071503742450755 25 image_000025.jpg

181 0.9802434535452507 0.09831913514142278 0.17076807998323612 -0.01715770244485685 -0.3612668729512484 0.10736624103771628 1.471547102792462 181 image_000181.jpg

63 0.9693719360722683 0.07370964512175116 0.22984415924485957 -0.04534967728729507 -0.31991210885499743 0.14073115965478666 1.1212442437496475 63 image_000063.jpg

65 0.9985248518186588 -0.004767955264690899 0.05191023015822706 -0.015189346578522044 -0.11095442156961616 0.37635306558178155 1.214757109654531 65 image_000065.jpg

198 0.9669612886413977 0.13345296906873333 0.215035303084463 -0.030593815061380272 -0.11004377841567836 0.008758541705747802 1.2941847652295195 198 image_000198.jpg

199 0.957451776987388 0.1348101204966941 0.2524435882054027 -0.03720972514432562 -0.14024568335693555 -0.013701505759985022 1.2531835315166286 199 image_000199.jpg

88 0.9123338083179335 0.17470981741228522 0.3679648600992233 -0.04153757130001739 0.2781606743093772 -0.13008582128660828 1.479249119745 88 image_000088.jpg

165 0.990128986926529 0.017546444267538607 -0.13761300484549016 0.01998433209170516 -0.5358288110541268 0.05287835361006793 0.21906461979697373 165 image_000165.jpg

54 0.9966240630581387 0.033294459621880435 -0.07085990767003772 0.024714948854437105 -0.7284158657862377 0.20708624189363872 1.054637807159002 54 image_000054.jpg

163 0.9956334391256314 0.0370714621976877 -0.08285878247245017 0.021775606790879032 -0.7339410465579562 0.11208232361137058 0.5800278965241967 163 image_000163.jpg

179 0.9988187292640242 0.04651485723980621 0.013672942358996038 -0.0032508802884032824 -0.046263392519879695 0.21795836700715726 1.1267488622196624 179 image_000179.jpg

114 0.9985749199102666 0.010598702328765053 0.05032616511281425 -0.014250357672640511 -0.28574075529214804 0.17626905288767766 0.6358748812236614 114 image_000114.jpg

73 0.966205967878661 0.05358048521183203 0.24610576690729064 -0.05483716266474345 -0.06628602821029722 0.15924026825494925 0.9163042989244992 73 image_000073.jpg

100 0.9562965230331897 0.07778239807980568 -0.2765649092038444 0.05439382252373593 -0.4007941216581157 0.098951216237436 0.8299217143966959 100 image_000100.jpg

67 0.9919345839669286 0.10568987167305625 0.06990320167718746 0.00299454406007743 -0.2218599112356253 0.09414821242633661 1.1961945920957917 67 image_000067.jpg

14 0.9692332500970184 0.06555811779616094 -0.23222267226948892 0.04859689433349039 -0.3225100817393472 0.1132027585721392 0.7877568124584152 14 image_000014.jpg

129 0.9938745870479997 0.1036433533776991 0.03811137077062089 -0.00434662804107354 -0.16123428836760306 0.08909085315145021 1.3835790264835173 129 image_000129.jpg

89 0.9904496502434235 0.038569161584306566 -0.13155935398136193 0.014630340945415531 -0.5503419784016172 0.19411162795906 0.8830597567823548 89 image_000089.jpg

1 0.9662126076207924 -0.052194514791983 0.22777840185456252 -0.10874708614008553 0.4487915149525259 0.44335121464924854 1.1430044924519944 1 image_000001.jpg

35 0.9809597282380481 0.08149978634798549 -0.17307191753634268 0.033494767437887756 -0.5796236949630795 0.08586474232347299 0.7581176067896592 35 image_000035.jpg

76 0.8836240160465295 0.06841798988736533 0.45218579921241914 -0.10027757411972045 0.6699809780500688 0.18794917978000192 1.38157689426609 76 image_000076.jpg

120 0.9667546690369505 0.1625787054173125 -0.19693521707347456 0.013041735774408664 -0.5788617483237904 -0.07370178011552125 1.2954769384733458 120 image_000120.jpg

82 0.9375740210223463 0.06968964709082726 -0.33149104881918234 0.07881627692458261 -0.2973231196664674 0.05533091352211461 0.5123346746956206 82 image_000082.jpg

