# Image list with two lines of data per image:
#   IMAGE_ID, QW, QX, QY, QZ, TX, TY, TZ, CAMERA_ID, NAME
#   POINTS2D[] as (X, Y, POINT3D_ID)
# Number of images: 131, mean observations per image: 894.244
65 0.9793095236917517 0.04133366217300293 -0.1753835402875433 0.09211401414484727 -0.02546313118468487 0.0026865078805350497 -0.02830388985406834 65 image_000065.jpg

1 0.9999915037630737 -0.0007373221868473208 -0.004051731803249215 -0.0001380070798186901 0.011342545879807637 0.008483693827137791 0.02794826468317023 1 image_000001.jpg

71 0.9876989868832019 0.14581314622127955 -0.04450939886034973 0.03475840166062493 -0.2216362201387262 0.003345371567628297 -0.0091612997179344 71 image_000071.jpg

103 0.9773367951435966 0.10772000103543446 -0.17012807466643504 0.06531173478236176 -0.07703920831873885 -0.029207764633634177 -0.22627601786815976 103 image_000103.jpg

43 0.9764456881191369 0.17211739672031504 -0.12211080604009075 0.04492625974473746 -0.1529149676595249 0.0029091623985604102 -0.024294197423002768 43 image_000043.jpg

12 0.9886908540097239 0.09422257119425381 -0.10217860749071424 0.056320849712945056 -0.0798325171566173 0.016133589177836673 0.09594622680487212 12 image_000012.jpg

53 0.9639063793652043 0.06424109728453745 -0.23707873439110755 0.10271925908960396 0.06924491610511628 -0.03258863455723982 -0.1524133761765991 53 image_000053.jpg

17 0.966116205067617 0.13620052227871016 -0.20365476795764192 0.08120119134751892 0.023066372426589876 -0.014040833859210886 -0.19764370007675136 17 image_000017.jpg

118 0.9718899160154938 0.09000356144093655 -0.20395033462215403 0.07572061460356075 0.030064502163036813 -0.0338721115841689 -0.2060811818765626 118 image_000118.jpg

0 0.9300049370711672 0.13423336817667458 -0.3252868400652977 0.10611643211472671 0.1864287471959272 -0.011167419645799884 -0.20989587272836896 0 image_000000.jpg

128 0.9704724774539694 0.0022097725519161647 -0.221003761769029 0.09662106196117115 0.11670347335143692 -0.13111450289769638 -0.36061295106688956 128 image_000128.jpg

3 0.9675862436228432 0.1539249435165818 -0.1891283809131635 0.06568441007047093 -0.014004413064366839 -0.008427629576509325 -0.08484890213920852 3 image_000003.jpg

4 0.9777314075973788 0.11769863948927614 -0.16191210112468216 0.06303017051771609 -0.10334889755659878 0.00011129449877638484 -0.04159809096532338 4 image_000004.jpg

14 0.8760680409578309 0.09046776069608845 -0.4502885523400056 0.1468351960023338 0.274386412669288 -0.022385221813213646 -0.15745974758192993 14 image_000014.jpg

15 0.9644989219946154 0.11561385359694792 -0.2192941249273163 0.09102398633521865 -0.009530825414331215 -0.026011501158277904 -0.21455753394535268 15 image_000015.jpg

157 0.969950014658152 0.10370417401229029 -0.20279239371195215 0.0855432320232613 0.1167476868184184 -0.05335512830707084 -0.333636132965078 157 image_000157.jpg

158 0.9543014483751504 0.046385581065800305 -0.27734324785212927 0.10118223869017266 0.22733760725403723 -0.12116080875780072 -0.3548843059781542 158 image_000158.jpg

172 0.9616739356748121 0.12059194928552547 -0.2321963313994638 0.08201026803381285 0.11857126727001152 -0.02726735445771869 -0.2867717160301817 172 image_000172.jpg

50 0.9613857917254406 0.11930114519246496 -0.23117078412982744 0.08980344168751919 0.10078309191097273 -0.0455807591976882 -0.4287684494465058 50 image_000050.jpg

179 0.9679183724323668 0.08816775705951638 -0.21601820846923742 0.09325559699977615 0.0689981146468657 -0.014560908253064726 -0.10418099315429166 179 image_000179.jpg

56 0.9974396144383484 -0.06730237011780472 -0.017955451468723887 0.01619243358838354 -0.059801048272028305 0.007344770728607631 0.015885431554753693 56 image_000056.jpg

190 0.9610495775468709 0.09185430438199181 -0.24001952944247337 0.10167165810812846 0.06889526513063929 0.007018142739734805 0.004850357939847456 190 image_000190.jpg

64 0.9644534467211472 0.08423844527179919 -0.23159596312349823 0.09537689303885889 0.07462440755816752 -0.01928823078445573 -0.11590210373221128 64 image_000064.jpg

69 0.8334930914228281 0.08610161281577446 -0.5178815604904072 0.17226281121751477 0.3658337989013335 -0.010057239284674196 -0.13124441955432814 69 image_000069.jpg

204 0.9509034551825706 0.1480766793712421 -0.2583893842632801 0.08420700620565744 0.15904115362000626 -0.0104288132707583 -0.17174961566265842 204 image_000204.jpg

81 0.9536819769787664 0.2276949436031125 -0.18928462912405913 0.05307569945564414 -0.10350523215946349 0.006431015343426906 -0.04013767961192624 81 image_000081.jpg

89 0.923326057485208 0.07006026845030906 -0.3589171600103472 0.11721357705847353 0.01019061902596155 -0.028947773631745242 -0.17331095736680097 89 image_000089.jpg

96 0.9935069139483 0.09240729007432495 -0.056946299212542066 0.03408834535791803 -0.12849245697820144 -0.040747903240209285 -0.2388464329978993 96 image_000096.jpg

97 0.971843762950682 0.10233483013484261 -0.20008970086982514 0.07079123928812887 0.1007455039272844 0.0009542628600264702 0.006983108387118898 97 image_000097.jpg

227 0.9436279803597208 0.14206189129034671 -0.2885392673086955 0.07829265619697943 0.1165100721841742 -0.008007861964705647 -0.1760186470949143 227 image_000227.jpg

67 0.9714565774477549 0.14904047631751136 -0.16436310494334222 0.08392743122168875 -0.11786879822793983 -0.0040124561548783785 -0.05095713389720551 67 image_000067.jpg

25 0.9903249657829459 0.13638406234840583 -0.011234966060130884 0.02301357808644197 -0.2154898457420412 0.019753709294694947 0.11801436165179319 25 image_000025.jpg

111 0.9798534218608458 0.12118608251760235 -0.14566765005026858 0.06310418231818009 -0.17781744150654477 0.0006710060101978743 -0.03931438137994139 111 image_000111.jpg

2 0.9839974904098961 0.11000893386445014 -0.12269444952779472 0.06777200909220815 -0.15309121809543977 -0.05517690161355264 -0.3834881713365106 2 image_000002.jpg

11 0.9625847264913047 0.1473130928098145 -0.2137264414778411 0.07778514328971271 0.027460101145328847 0.0032680318010459442 -0.04100116392395579 11 image_000011.jpg

147 0.9198437740185388 0.13919554790334368 -0.35167338384236163 0.10410498538302178 -0.004280530891483409 0.001853095176982551 -0.059430370519477575 147 image_000147.jpg

148 0.9901757381575474 0.1348273925949706 0.012358727507762082 0.03494056012813592 -0.5089392676718523 -0.012236376134791699 -0.014574230808240794 148 image_000148.jpg

152 0.9510397586184977 0.18898476945394638 -0.2325006920525502 0.07583899260278522 0.1722011721343103 0.0019241274717337886 -0.14002206715119406 152 image_000152.jpg

27 0.9788168150471045 0.16652268034200982 -0.10377566926864179 0.05846753816178702 -0.1727209215574692 -0.03335870289809381 -0.39120749443398434 27 image_000027.jpg

29 0.9596987609039286 0.21462188702886514 -0.17015398540121163 0.06295514717312677 -0.22148072878402172 0.0025306174684190715 -0.1093471813272772 29 image_000029.jpg

32 0.9790664293213583 0.1172630715335587 -0.154128987059469 0.0626303134901453 -0.11533466765052236 -0.08087119584663688 -0.6512245475759113 32 image_000032.jpg

33 0.9875790070277174 0.13980469495031508 -0.05622793679285192 0.04450582582180139 -0.3868738691478042 0.0251039878111081 0.14750924245746844 33 image_000033.jpg

162 0.9839447043389801 0.1313522516470449 -0.10668965234961855 0.056716292365885546 -0.3269100169129542 -0.03313698648844418 -0.31166173199116637 162 image_000162.jpg

163 0.9399964285417883 0.0746329112157366 -0.3094520505848203 0.12278468809282848 -0.1674254507285496 -0.07874775476004797 -0.38282111341761876 163 image_000163.jpg

160 0.9379528298144946 0.25552714341229454 -0.23072748636772045 0.041414997879616534 0.17421244734233898 0.005934947112572156 -0.10145532514945853 160 image_000160.jpg

40 0.9949359710666354 0.06912738566720297 0.0721755972554539 0.010700246144345891 -0.6532515534363944 -0.07491183241113974 -0.2707270867545777 40 image_000040.jpg

54 0.9443378594822854 0.07387431550645247 -0.29459179380216005 0.12642899253732792 -0.1881707976685451 -0.028308953968918433 -0.11212301635582933 54 image_000054.jpg

184 0.9056473418840583 0.07394694234424082 -0.3913590561038996 0.14550888534683484 0.07100112993485747 -0.08326013976639801 -0.4450989918136784 184 image_000184.jpg

60 0.9887763259072112 0.12237784230519672 -0.07919103753367676 0.03276904855742425 -0.30967795028734885 0.012213695800060598 0.012472700180970395 60 image_000060.jpg

61 0.9594247426514221 0.09569748416893607 -0.24752993566434803 0.09526323949291307 0.15537789623967 -0.04066345557225025 -0.2571867613332272 61 image_000061.jpg

62 0.908689706266564 0.09584294097229248 -0.38594071412862035 0.12707045619247004 -0.028631377251032847 -0.024352913453779157 -0.18638516817194822 62 image_000062.jpg

63 0.9912710901186977 0.1272023244622617 -0.0070282033527673616 0.03393804556926571 -0.4164782074985693 -0.009830349851655061 -0.08956504491219315 63 image_000063.jpg

197 0.9097061985472736 0.10555205756711813 -0.3839012453361432 0.11795438108184975 0.05719687879800939 -0.033473366932709706 -0.28706004367946536 197 image_000197.jpg

198 0.9815114689815446 0.18658759963143073 -0.024568226236707687 0.03488144946457194 -0.2766306130039323 0.0033713209126650674 0.0057723663289869255 198 image_000198.jpg

73 0.99372818464463 0.1074376948178663 0.012995411191777011 0.028152357748257927 -0.30309392379948746 -0.026749206505211252 -0.18052988463849226 73 image_000073.jpg

77 0.9838635745617762 0.10807586266292113 -0.12487393861187585 0.06883727558408534 -0.2137561482720121 -0.08851118842738268 -0.5793576653902038 77 image_000077.jpg

208 0.9920941919294024 0.06719815691848798 0.10396693713541655 -0.02060099977654302 -0.3113512538365656 0.04469555026136868 0.2153531089985749 208 image_000208.jpg

213 0.9724159400682234 0.11799632376235857 -0.18914872943642366 0.06860657302811185 -0.01318180370840898 -0.0028534871115462766 -0.03676208496563328 213 image_000213.jpg

217 0.9653464539065142 0.20265091076662511 -0.15596611235864571 0.0520903100117251 -0.17880397023922337 0.06228110949744549 -0.07525946763262022 217 image_000217.jpg

92 0.9827579483231974 0.09263031708153788 -0.1445338477553872 0.06867605762614039 -0.13732654537732164 -0.11852815303365487 -0.6831908742989049 92 image_000092.jpg

222 0.9176153990440807 0.17560502279522128 -0.3448749349755619 0.09058771055824272 -0.023707613867266157 0.0011795558991487994 -0.13558744327018024 222 image_000222.jpg

232 0.9654770748772051 0.1265380034798232 -0.21443389830405582 0.0765522655791616 0.007162535029320884 -0.012030902149899422 -0.15656690390602326 232 image_000232.jpg

105 0.9563623963863416 0.07385202195273675 -0.2612199058988402 0.10807870417629632 -0.2680975802519003 -0.09983535352271582 -0.45358284931210013 105 image_000105.jpg

110 0.9848496304214838 0.1546510050259701 -0.06295133692186984 0.04681244762981288 -0.34693988975037626 0.0017549311054242574 0.060986585292272494 110 image_000110.jpg

126 0.9866780219724267 0.1506946954413255 0.004509515518366555 0.06113318598809402 -0.5028921636703388 -0.031492872960225356 -0.031140865554573634 126 image_000126.jpg

127 0.9910074777089848 0.11169821778989257 -0.04351237681887121 0.0594504582922073 -0.40606360375113887 -0.005916713791310941 0.09152987683031202 127 image_000127.jpg

16 0.9729971661934237 0.10450071625247129 -0.1890665299233624 0.08130166500642688 0.007849437925052077 -0.053542563784852545 -0.32296989484353417 16 image_000016.jpg

138 0.9256862304645498 0.06747431115346528 -0.34932376293290923 0.12855009667694384 0.0990016620737996 -0.017371899134495133 -0.08559838338282462 138 image_000138.jpg

26 0.9883278499192859 0.09721469744336078 0.11469373666496101 -0.024550241337325456 -0.3228393905870494 0.07153371503875583 0.26945957869457626 26 image_000026.jpg

41 0.9696514093214247 0.09220633660210416 -0.21046286746040965 0.08354359465676642 0.06951434235622159 -0.015927215079615226 -0.11015311177466261 41 image_000041.jpg

164 0.9874539667115798 0.12555689170832957 -0.07903393075194454 0.05407193721613514 -0.30047011440024746 -0.037361376867495105 -0.42536416659154497 164 image_000164.jpg

136 0.9887701500042019 0.10118025771486315 -0.09236209803489279 0.059710876812007325 -0.3878321410938283 0.008044002719679616 0.042603758889682944 136 image_000136.jpg

9 0.9873269371697929 0.11824623402090738 -0.0920917803442854 0.05217708944152488 -0.27959349262061384 -0.08926072213605418 -0.6802964762473835 9 image_000009.jpg

146 0.9763032779357025 0.05924199923777381 -0.1928957549460208 0.07818897527942634 0.02229483426401474 -0.1535130292479404 -0.6239273182336473 146 image_000146.jpg

19 0.9940435737999236 0.10545041512451472 -0.01600675244716249 0.022391297445944792 -0.48622847541867964 -0.04938512052020941 -0.36804955332632877 19 image_000019.jpg

142 0.9470401055729231 0.27525957674244794 0.16442345189357288 -0.017667293863741506 -0.7022703772441387 0.11480542843666754 0.03303386910472428 142 image_000142.jpg

159 0.9910742236613272 0.1292111270244064 0.023624206083722833 0.022765494559898066 -0.5028892368340142 -0.04438915113130218 -0.416033193763443 159 image_000159.jpg

36 0.9829386944580843 0.10197469143348623 -0.1400039013690318 0.06189988774105719 -0.14310112314247203 -0.10458132172114348 -0.6593777908350236 36 image_000036.jpg

38 0.983810576540304 0.10254128736070516 -0.13330882994964513 0.06189338124870899 -0.16846085946103861 -0.03990353234176188 -0.21319993773864998 38 image_000038.jpg

44 0.9829592539155088 0.10628140975679755 -0.13559025101014058 0.06411440597598185 -0.17002291568981814 -0.10183209757750122 -0.7063714188199145 44 image_000044.jpg

176 0.964689105247 0.12757279208306466 -0.21832422213057726 0.07371998699071051 0.09236064031049349 -0.0541489421810509 -0.519007782271856 176 image_000176.jpg

52 0.9967036088664406 0.057229108731728304 0.05419443999411222 0.019227594192576993 -0.6450586856007269 -0.13694627239002333 -0.4612117459114205 52 image_000052.jpg

185 0.9966312012317646 0.07575693680253984 0.025452508738799055 0.01842013159656168 -0.4094239935290297 -0.06244473707383153 -0.2803693085750074 185 image_000185.jpg

196 0.9895734510752496 0.12763026773300679 0.06674472449872978 -0.00021343962310224173 -0.6651960776328849 -0.01206849892213914 -0.19712437598765337 196 image_000196.jpg

199 0.9813475000894473 0.19008114323007716 0.01295039726949716 0.0256618368193842 -0.3492327888476222 -0.004944454476666981 0.005904017353009623 199 image_000199.jpg

200 0.9841970024307171 0.06494670124184503 -0.1487418236152121 0.07080992225471876 -0.1072591766230778 -0.1932919462060146 -0.8282905221230579 200 image_000200.jpg

85 0.995297740614095 0.0945386341596515 0.0018663886912497316 0.021009011122275673 -0.5676310872189675 -0.09310824742378551 -0.5403596501342066 85 image_000085.jpg

214 0.9869214567857069 0.12382049305739516 -0.09335641766114394 0.04403534975773607 -0.28908628914245277 -0.06827339546593973 -0.5835753502183197 214 image_000214.jpg

221 0.9792106812498623 0.13817745075390692 -0.13784596896755755 0.055244166739792745 -0.10069724622840803 -0.01662256163900272 -0.22623735427014002 221 image_000221.jpg

109 0.9934221520241178 0.09016375496511199 0.06978263523565185 0.010645058064881231 -0.6256305743454049 -0.10497404692709453 -0.5081801229719826 109 image_000109.jpg

120 0.8818683475640686 0.18062984727682527 -0.4266223085885678 0.0876042848910783 0.07354821444148034 -0.0083373513052519 0.10369439792928792 120 image_000120.jpg

220 0.9871382423265352 0.14939917753376253 -0.047256785661163835 0.03169805363674543 -0.48634716829121066 0.015292036680000433 0.0703209958478651 220 image_000220.jpg

141 0.8009763879966443 0.11059557971882328 -0.5687108123821337 0.15090884216263065 0.43609898416989423 -0.00959015504826749 -0.2786255352826569 141 image_000141.jpg

165 0.9236512363644034 0.05027064240338735 -0.3579667053717242 0.12728347862868422 0.01603587807131182 -0.13778734254826633 -0.5454281224981724 165 image_000165.jpg

182 0.8604804752756324 0.13535193823223082 -0.47436657294787155 0.1273952887140069 0.21664789056187625 -0.005657403544076026 -0.30107442300042275 182 image_000182.jpg

181 0.9847538545023931 0.15109074566657024 -0.0636759148200354 0.05811028855107974 -0.35558869850936387 0.0027654823849603896 0.11192473221361564 181 image_000181.jpg

107 0.9928540417837897 0.08501732822067305 -0.06854767751561425 0.04810527248417889 -0.43682116703475093 -0.12920198605210176 -0.634653856566268 107 image_000107.jpg

235 0.9235242614144997 0.04974835090966685 -0.3583628556479438 0.12729537865297624 0.017212841583409688 -0.13900146960701942 -0.5481156039411883 235 image_000235.jpg

28 0.9368046759374087 -0.04952409653219356 -0.31479607812132465 0.14438761916976847 0.3669930271331587 -0.3731537209004557 -0.7485419172924864 28 image_000028.jpg

219 0.9517669018239568 0.15823989926123913 -0.2536154253653999 0.06913111738838504 0.055419763023671104 -0.001668211049011152 -0.17759533633554905 219 image_000219.jpg

124 0.9718279944824895 0.013176973122358231 -0.2178217064236207 0.08905300697295966 0.07392209876715905 -0.28011767995992676 -0.8285695616481318 124 image_000124.jpg

91 0.9344897218532826 0.1735006157656079 -0.29582722243577125 0.09546062119216152 -0.091138643076843 -0.0062706286083905605 -0.5796260418752875 91 image_000091.jpg

100 0.8534458514475902 0.09914904277044657 -0.4892175667275508 0.14988603684357224 0.2777523858940294 -0.007268076638667673 -0.08596801122237133 100 image_000100.jpg

114 0.9777221735761071 0.05415348737338923 -0.1818448673997977 0.08977305681488992 -0.11283476687501957 -0.09333286513233191 -0.3866254491558534 114 image_000114.jpg

21 0.9635041827600208 0.08664322723692049 0.24527561500916703 -0.06318625666153234 -0.5559180260815011 -0.028406660093658484 -0.2246514580622827 21 image_000021.jpg

223 0.9945910800053418 0.100284588969901 -0.0075810049813500825 0.02596383774940998 -0.5045493400776866 -0.09505942169390512 -0.5190835279546131 223 image_000223.jpg

224 0.9787763314918478 0.04410834644544658 0.19198587656786245 -0.056504554612939004 -0.5545536856048842 0.02500873585800691 0.02944221017763332 224 image_000224.jpg

93 0.9951112637231256 -0.0007522302597051467 -0.07871133612186593 0.05964513808501989 -0.31991609191721293 -0.31921177505598525 -0.8325554984807326 93 image_000093.jpg

231 0.9637166411597 0.07592752866235974 -0.2428235149434277 0.08075891130776755 0.14378067479021905 -0.14876023699854707 -0.6652275735085604 231 image_000231.jpg

129 0.9648616716157203 0.14687921235361215 -0.20372871697325484 0.07722079104374897 -0.01769484777775382 0.0038711220956911575 0.03216594065850201 129 image_000129.jpg

42 0.9905418688193002 0.02814750836558257 0.1320118061480593 -0.024645546092590984 -0.8517732020088269 -0.10585987606737816 -0.31960732620040905 42 image_000042.jpg

209 0.9796799930012001 0.02817656296465771 0.18928924427381638 -0.060023147735384204 -0.4199209987571175 -0.11863563316047446 -0.3953096399546409 209 image_000209.jpg

88 0.9625494249127946 0.23765378404583823 0.1304245131324132 0.0029526397621888268 -0.2745947792213821 -0.008267042244804935 0.22123300841810467 88 image_000088.jpg

113 0.9808182847130714 0.19194950904172517 -0.01152897366288297 0.031905525082374715 -0.23527807840879364 -0.0013254404278345826 -0.0016161322602478208 113 image_000113.jpg

194 0.9836519038060649 0.17543879775728247 -0.0011326441167088367 0.04060647209883654 -0.6071054714461015 -0.022963547383396773 -0.17283301388161068 194 image_000194.jpg

229 0.9125217890678774 0.20081091407023655 0.3538530923358129 -0.04203497540195925 -0.8276959403677611 0.07663858930389669 0.20537806199017872 229 image_000229.jpg

87 0.8746261420254766 0.09995430624106227 -0.4564915369782298 0.12904926683063478 0.09108482057696299 -0.014835448200982385 -0.2135398096267136 87 image_000087.jpg

135 0.9753462807005849 0.1378263109759104 -0.16319575725542088 0.055413827403483884 -0.0949044340955594 -0.060523137387456294 -0.7428978130781394 135 image_000135.jpg

234 0.8533044597773691 0.07051697393758492 -0.5021091733835097 0.12159446321853784 0.5922823039916281 -0.10809876343872615 -0.4651949054804994 234 image_000234.jpg

112 0.9221413378786539 0.024112604936110105 -0.3665091686954912 0.12142881807317252 0.4371302326557505 -0.15784173538857352 -0.43098830290577184 112 image_000112.jpg

134 0.8379172618622052 0.10708657648030985 -0.5084294454460758 0.1671126225459513 0.26028928147769426 0.002099642559835524 -0.09470922276358805 134 image_000134.jpg

82 0.8196082236652898 0.0925999069807902 -0.537902405801859 0.17415103892146253 0.4061291426814907 -0.015716646478264956 -0.20565183630164413 82 image_000082.jpg

35 0.9008588970850622 0.10848697243388954 -0.4007110072683845 0.12694295270635605 0.05675825203392709 -0.025603215930583248 -0.23633110077729813 35 image_000035.jpg

66 0.8679277479559472 0.1342083436377694 -0.46008172973993194 0.13043901876148328 0.06037837109796323 0.018802121969530187 0.11674103069602446 66 image_000066.jpg

123 0.894236946880278 0.068246331396236 -0.41789142067961293 0.14508448713423733 0.09416754772786588 0.04585675322791069 0.1541351924380996 123 image_000123.jpg

